1	10 
2	15 
3	8 
4	11 
5	17 
6	20 
7	5 
8	8 
9	3 
10	23 
11	8 
12	25 
13	8 
14	9 
15	23 
16	16 
17	15 
18	22 
19	3 
20	14 
21	19 
22	13 
23	14 
24	17 
25	24 
26	21 
27	17 
28	13 
29	25 
30	5 
31	20 
32	19 
33	17 
34	3 
35	9 
36	8 
37	22 
38	18 
39	17 
40	24 
41	15 
42	17 
43	5 
44	3 
45	2 
46	4 
47	24 
48	11 
49	18 
50	19 
51	25 
52	5 
53	1 
54	2 
55	9 
56	12 
57	13 
58	8 
59	24 
60	12 
61	8 
62	13 
63	15 
64	10 
65	3 
66	9 
67	7 
68	2 
69	13 
70	20 
71	7 
72	11 
73	12 
74	15 
75	4 
76	11 
77	6 
78	22 
79	17 
80	10 
81	5 
82	9 
83	15 
84	21 
85	12 
86	24 
87	6 
88	1 
89	6 
90	15 
91	6 
92	9 
93	6 
94	7 
95	23 
96	9 
97	23 
98	9 
99	9 
100	17 
101	2 
102	9 
103	6 
104	16 
105	20 
106	13 
107	21 
108	18 
109	6 
110	20 
111	19 
112	18 
113	7 
114	6 
115	5 
116	22 
117	4 
118	7 
119	8 
120	12 
121	23 
122	25 
123	13 
124	1 
125	5 
126	25 
127	22 
128	4 
129	14 
130	18 
131	17 
132	16 
133	24 
134	6 
135	14 
136	9 
137	25 
138	13 
139	13 
140	6 
141	14 
142	17 
143	20 
144	6 
145	10 
146	10 
147	20 
148	8 
149	19 
150	4 
151	5 
152	17 
153	6 
154	6 
155	18 
156	20 
157	5 
158	4 
159	16 
160	12 
161	4 
162	16 
163	5 
164	19 
165	3 
166	16 
167	2 
168	22 
169	23 
170	10 
171	19 
172	15 
173	21 
174	3 
175	14 
176	15 
177	10 
178	18 
179	10 
180	20 
181	11 
182	25 
183	7 
184	20 
185	6 
186	3 
187	4 
188	22 
189	1 
190	16 
191	2 
192	6 
193	1 
194	12 
195	16 
196	15 
197	19 
198	9 
199	5 
200	10 
201	16 
202	13 
203	21 
204	22 
205	9 
206	21 
207	4 
208	25 
209	14 
210	10 
211	11 
212	13 
213	18 
214	14 
215	11 
216	6 
217	7 
218	4 
219	10 
220	24 
221	3 
222	7 
223	1 
224	18 
225	20 
226	11 
227	14 
228	13 
229	23 
230	22 
231	17 
232	20 
233	24 
234	13 
235	20 
236	10 
237	1 
238	7 
239	17 
240	3 
241	25 
242	5 
243	1 
244	4 
245	17 
246	22 
247	16 
248	2 
249	18 
250	10 
251	21 
252	15 
253	1 
254	16 
255	18 
256	15 
257	6 
258	25 
259	18 
260	16 
261	18 
262	11 
263	8 
264	10 
265	9 
266	23 
267	8 
268	14 
269	2 
270	25 
271	2 
272	6 
273	2 
274	17 
275	6 
276	12 
277	13 
278	19 
279	15 
280	10 
281	2 
282	10 
283	17 
284	22 
285	6 
286	5 
287	10 
288	9 
289	16 
290	17 
291	8 
292	25 
293	2 
294	21 
295	6 
296	15 
297	4 
298	16 
299	14 
300	15 
301	20 
302	21 
303	6 
304	14 
305	16 
306	25 
307	23 
308	10 
309	15 
310	15 
311	24 
312	7 
313	19 
314	16 
315	21 
316	21 
317	19 
318	9 
319	20 
320	4 
321	1 
322	21 
323	19 
324	17 
325	7 
326	7 
327	22 
328	7 
329	22 
330	20 
331	4 
332	9 
333	6 
334	16 
335	22 
336	6 
337	18 
338	4 
339	16 
340	3 
341	5 
342	18 
343	8 
344	19 
345	12 
346	9 
347	11 
348	21 
349	11 
350	25 
351	12 
352	21 
353	7 
354	5 
355	20 
356	9 
357	22 
358	9 
359	15 
360	9 
361	20 
362	9 
363	15 
364	4 
365	24 
366	23 
367	10 
368	25 
369	18 
370	22 
371	1 
372	19 
373	4 
374	23 
375	25 
376	22 
377	3 
378	9 
379	12 
380	11 
381	7 
382	17 
383	20 
384	8 
385	24 
386	6 
387	12 
388	21 
389	15 
390	2 
391	6 
392	8 
393	22 
394	16 
395	25 
396	4 
397	18 
398	23 
399	21 
400	13 
401	16 
402	23 
403	14 
404	22 
405	9 
406	19 
407	21 
408	15 
409	21 
410	8 
411	8 
412	2 
413	13 
414	24 
415	22 
416	11 
417	21 
418	12 
419	10 
420	6 
421	6 
422	13 
423	20 
424	19 
425	7 
426	18 
427	11 
428	23 
429	23 
430	24 
431	17 
432	1 
433	23 
434	17 
435	22 
436	13 
437	16 
438	20 
439	12 
440	13 
441	4 
442	4 
443	21 
444	24 
445	21 
446	5 
447	21 
448	10 
449	13 
450	1 
451	22 
452	8 
453	24 
454	9 
455	10 
456	23 
457	8 
458	24 
459	11 
460	13 
461	13 
462	11 
463	13 
464	2 
465	3 
466	18 
467	17 
468	8 
469	18 
470	3 
471	10 
472	22 
473	4 
474	25 
475	4 
476	23 
477	19 
478	19 
479	25 
480	17 
481	6 
482	17 
483	13 
484	13 
485	25 
486	24 
487	4 
488	13 
489	6 
490	11 
491	15 
492	10 
493	4 
494	22 
495	8 
496	6 
497	17 
498	25 
499	24 
500	17 
501	25 
502	4 
503	11 
504	6 
505	21 
506	22 
507	25 
508	7 
509	16 
510	22 
511	23 
512	24 
513	10 
514	2 
515	12 
516	13 
517	11 
518	10 
519	11 
520	21 
521	23 
522	19 
523	10 
524	18 
525	9 
526	16 
527	15 
528	5 
529	10 
530	6 
531	8 
532	7 
533	6 
534	7 
535	19 
536	19 
537	4 
538	1 
539	14 
540	23 
541	6 
542	3 
543	13 
544	17 
545	18 
546	20 
547	12 
548	15 
549	5 
550	7 
551	4 
552	20 
553	16 
554	6 
555	15 
556	12 
557	17 
558	8 
559	22 
560	2 
561	19 
562	8 
563	17 
564	2 
565	9 
566	13 
567	8 
568	2 
569	15 
570	22 
571	15 
572	21 
573	14 
574	7 
575	2 
576	14 
577	15 
578	11 
579	6 
580	16 
581	6 
582	4 
583	3 
584	10 
585	16 
586	19 
587	6 
588	14 
589	16 
590	14 
591	18 
592	25 
593	12 
594	23 
595	21 
596	13 
597	4 
598	25 
599	20 
600	21 
601	12 
602	13 
603	16 
604	18 
605	3 
606	9 
607	19 
608	3 
609	6 
610	25 
611	10 
612	1 
613	21 
614	9 
615	3 
616	6 
617	15 
618	8 
619	18 
620	4 
621	13 
622	25 
623	1 
624	16 
625	15 
626	16 
627	1 
628	21 
629	23 
630	21 
631	22 
632	6 
633	1 
634	24 
635	15 
636	23 
637	8 
638	1 
639	2 
640	11 
641	3 
642	2 
643	21 
644	13 
645	4 
646	11 
647	10 
648	16 
649	23 
650	9 
651	7 
652	2 
653	15 
654	7 
655	6 
656	4 
657	14 
658	6 
659	13 
660	15 
661	22 
662	1 
663	4 
664	5 
665	3 
666	6 
667	12 
668	12 
669	14 
670	1 
671	19 
672	20 
673	25 
674	23 
675	19 
676	24 
677	23 
678	2 
679	6 
680	18 
681	13 
682	14 
683	3 
684	12 
685	3 
686	9 
687	3 
688	14 
689	22 
690	12 
691	14 
692	22 
693	24 
694	8 
695	13 
696	25 
697	24 
698	3 
699	21 
700	9 
701	23 
702	21 
703	25 
704	10 
705	5 
706	16 
707	9 
708	12 
709	12 
710	8 
711	7 
712	14 
713	16 
714	14 
715	22 
716	21 
717	10 
718	3 
719	25 
720	18 
721	17 
722	5 
723	13 
724	12 
725	17 
726	3 
727	9 
728	13 
729	6 
730	25 
731	10 
732	11 
733	16 
734	5 
735	7 
736	21 
737	24 
738	3 
739	11 
740	22 
741	11 
742	22 
743	6 
744	17 
745	1 
746	14 
747	3 
748	10 
749	10 
750	15 
751	4 
752	19 
753	17 
754	15 
755	8 
756	4 
757	10 
758	2 
759	19 
760	17 
761	12 
762	24 
763	15 
764	18 
765	15 
766	11 
767	11 
768	17 
769	16 
770	22 
771	20 
772	23 
773	15 
774	3 
775	3 
776	11 
777	12 
778	5 
779	3 
780	6 
781	24 
782	4 
783	2 
784	4 
785	11 
786	19 
787	24 
788	4 
789	20 
790	16 
791	10 
792	18 
793	13 
794	7 
795	13 
796	10 
797	16 
798	21 
799	21 
800	10 
801	6 
802	18 
803	9 
804	17 
805	23 
806	22 
807	1 
808	6 
809	8 
810	17 
811	17 
812	11 
813	24 
814	20 
815	22 
816	22 
817	5 
818	1 
819	4 
820	9 
821	17 
822	5 
823	18 
824	18 
825	6 
826	7 
827	21 
828	10 
829	13 
830	15 
831	11 
832	6 
833	3 
834	22 
835	15 
836	16 
837	8 
838	9 
839	13 
840	16 
841	10 
842	19 
843	18 
844	1 
845	17 
846	16 
847	25 
848	6 
849	18 
850	21 
851	19 
852	20 
853	20 
854	12 
855	7 
856	13 
857	2 
858	15 
859	21 
860	15 
861	20 
862	3 
863	17 
864	10 
865	24 
866	17 
867	19 
868	1 
869	18 
870	15 
871	9 
872	12 
873	9 
874	14 
875	1 
876	10 
877	2 
878	1 
879	22 
880	7 
881	12 
882	3 
883	21 
884	25 
885	1 
886	17 
887	24 
888	17 
889	15 
890	6 
891	23 
892	2 
893	13 
894	15 
895	7 
896	22 
897	8 
898	15 
899	18 
900	10 
901	18 
902	14 
903	25 
904	20 
905	8 
906	23 
907	8 
908	8 
909	22 
910	2 
911	3 
912	2 
913	14 
914	20 
915	20 
916	9 
917	21 
918	6 
919	22 
920	18 
921	1 
922	5 
923	11 
924	20 
925	6 
926	6 
927	10 
928	8 
929	18 
930	22 
931	23 
932	15 
933	21 
934	23 
935	10 
936	16 
937	5 
938	18 
939	7 
940	22 
941	12 
942	21 
943	6 
944	19 
945	1 
946	22 
947	23 
948	24 
949	12 
950	6 
951	20 
952	23 
953	6 
954	21 
955	3 
956	16 
957	15 
958	24 
959	17 
960	6 
961	10 
962	8 
963	6 
964	19 
965	24 
966	21 
967	10 
968	1 
969	19 
970	25 
971	23 
972	10 
973	8 
974	25 
975	25 
976	3 
977	14 
978	4 
979	5 
980	11 
981	17 
982	5 
983	9 
984	23 
985	22 
986	15 
987	13 
988	9 
989	6 
990	6 
991	5 
992	24 
993	3 
994	14 
995	22 
996	5 
997	17 
998	23 
999	11 
1000	18 
