1	280
1	455
1	518
1	523
1	574
1	757
1	900
2	625
2	763
2	765
2	796
2	860
2	889
2	898
3	457
3	531
3	807
3	809
3	837
3	908
3	973
4	72
4	211
4	457
4	739
4	785
4	812
4	999
5	231
5	382
5	721
5	742
5	768
5	845
5	997
6	105
6	301
6	355
6	771
6	814
6	915
6	978
7	8
7	30
7	163
7	242
7	286
7	664
7	982
8	7
8	13
8	452
8	618
8	637
8	837
8	973
9	92
9	608
9	665
9	683
9	685
9	687
9	833
10	291
10	307
10	402
10	429
10	540
10	629
10	934
11	36
11	263
11	787
11	809
11	907
11	928
11	962
12	304
12	350
12	368
12	501
12	598
12	884
12	974
13	8
13	151
13	291
13	392
13	618
13	907
13	973
14	102
14	150
14	265
14	332
14	700
14	871
14	988
15	456
15	511
15	674
15	725
15	805
15	931
15	934
16	159
16	201
16	580
16	733
16	836
16	840
16	956
17	117
17	527
17	548
17	635
17	750
17	870
17	986
18	689
18	715
18	754
18	770
18	879
18	896
18	940
19	665
19	685
19	718
19	779
19	833
19	848
19	955
20	129
20	403
20	593
20	657
20	712
20	874
20	902
21	313
21	317
21	477
21	752
21	867
21	944
21	969
22	28
22	234
22	277
22	463
22	829
22	893
22	987
23	135
23	175
23	304
23	430
23	590
23	902
23	913
24	544
24	810
24	821
24	822
24	845
24	863
24	888
25	458
25	486
25	499
25	781
25	863
25	865
25	992
26	27
26	399
26	443
26	630
26	798
26	933
26	942
27	26
27	290
27	480
27	557
27	866
27	981
27	997
28	22
28	57
28	139
28	202
28	413
28	566
28	987
29	137
29	258
29	292
29	847
29	942
29	970
29	975
30	7
30	199
30	354
30	734
30	817
30	927
30	937
31	32
31	110
31	180
31	361
31	423
31	552
31	852
32	31
32	164
32	278
32	313
32	586
32	671
32	851
33	500
33	744
33	767
33	811
33	886
33	888
33	997
34	44
34	165
34	738
34	774
34	823
34	862
34	993
35	82
35	96
35	565
35	614
35	803
35	871
35	916
36	11
36	148
36	457
36	495
36	809
36	837
36	921
37	188
37	230
37	329
37	689
37	879
37	930
37	946
38	224
38	255
38	369
38	823
38	901
38	965
38	1000
39	142
39	290
39	431
39	434
39	845
39	886
39	997
40	133
40	311
40	557
40	676
40	781
40	948
40	958
41	300
41	363
41	577
41	858
41	894
41	898
41	986
42	75
42	431
42	434
42	744
42	768
42	845
42	981
43	115
43	549
43	722
43	734
43	778
43	979
43	996
44	34
44	478
44	608
44	738
44	747
44	955
44	993
45	101
45	108
45	390
45	639
45	652
45	678
45	758
46	75
46	244
46	551
46	581
46	645
46	782
46	978
47	633
47	676
47	762
47	781
47	887
47	948
47	965
48	427
48	490
48	517
48	767
48	785
48	951
48	980
49	178
49	466
49	591
49	619
49	764
49	843
49	899
50	477
50	561
50	650
50	675
50	842
50	851
50	969
51	182
51	270
51	507
51	598
51	719
51	970
51	974
52	286
52	822
52	922
52	937
52	979
52	982
52	996
53	131
53	662
53	844
53	868
53	921
53	945
53	968
54	68
54	514
54	560
54	568
54	711
54	857
54	912
55	288
55	318
55	360
55	405
55	608
55	650
55	803
56	351
56	515
56	668
56	684
56	709
56	854
56	872
57	28
57	440
57	463
57	606
57	728
57	829
57	987
58	457
58	567
58	694
58	897
58	908
58	962
58	973
59	414
59	634
59	781
59	787
59	865
59	948
59	958
60	160
60	593
60	708
60	761
60	777
60	801
60	854
61	119
61	291
61	567
61	837
61	844
61	897
61	905
62	123
62	138
62	602
62	657
62	659
62	839
62	987
63	196
63	389
63	635
63	660
63	765
63	830
63	870
64	280
64	367
64	704
64	748
64	864
64	900
64	967
65	240
65	542
65	583
65	665
65	687
65	911
65	993
66	92
66	205
66	346
66	356
66	378
66	454
66	988
67	71
67	353
67	425
67	550
67	720
67	735
67	826
68	54
68	281
68	412
68	613
68	783
68	877
68	912
69	123
69	460
69	516
69	596
69	659
69	856
69	987
70	110
70	546
70	599
70	814
70	853
70	899
70	951
71	67
71	217
71	328
71	574
71	654
71	826
71	855
72	4
72	226
72	646
72	741
72	831
72	923
72	999
73	120
73	194
73	379
73	515
73	684
73	777
73	949
74	90
74	172
74	408
74	830
74	932
74	957
74	986
75	42
75	46
75	150
75	551
75	582
75	645
75	751
76	416
76	566
76	578
76	741
76	785
76	923
76	980
77	89
77	481
77	524
77	581
77	918
77	963
77	989
78	204
78	376
78	570
78	715
78	774
78	815
78	896
79	80
79	467
79	482
79	557
79	721
79	959
79	981
80	79
80	200
80	210
80	419
80	647
80	704
80	800
81	341
81	578
81	664
81	822
81	922
81	937
81	991
82	35
82	96
82	454
82	614
82	745
82	820
82	873
83	297
83	309
83	363
83	763
83	765
83	932
83	986
84	294
84	827
84	917
84	942
84	954
84	966
84	992
85	379
85	547
85	548
85	684
85	777
85	872
85	941
86	133
86	425
86	676
86	697
86	781
86	813
86	992
87	421
87	587
87	609
87	632
87	808
87	848
87	946
88	124
88	432
88	627
88	633
88	885
88	921
88	945
89	77
89	386
89	729
89	793
89	926
89	953
89	960
90	74
90	571
90	577
90	617
90	750
90	860
90	932
91	336
91	386
91	481
91	925
91	943
91	960
91	968
92	9
92	66
92	205
92	318
92	346
92	838
92	871
93	134
93	192
93	216
93	406
93	533
93	801
93	963
94	217
94	353
94	651
94	654
94	826
94	895
94	910
95	307
95	701
95	805
95	891
95	947
95	971
95	984
96	35
96	82
96	360
96	525
96	691
96	707
96	873
97	511
97	677
97	894
97	906
97	931
97	952
97	998
98	99
98	290
98	332
98	820
98	873
98	983
98	988
99	98
99	102
99	358
99	811
99	873
99	983
99	988
100	101
100	467
100	725
100	753
100	760
100	810
100	997
101	45
101	100
101	269
101	678
101	758
101	892
101	910
102	14
102	99
102	198
102	356
102	358
102	549
102	700
103	154
103	216
103	303
103	496
103	513
103	541
103	666
104	247
104	254
104	394
104	471
104	626
104	733
104	836
105	6
105	156
105	301
105	355
105	552
105	852
105	924
106	228
106	543
106	723
106	738
106	793
106	839
106	856
107	173
107	447
107	595
107	600
107	699
107	827
107	954
108	45
108	619
108	824
108	899
108	920
108	929
108	938
109	489
109	579
109	729
109	761
109	848
109	943
109	963
110	31
110	70
110	147
110	546
110	789
110	915
110	951
111	351
111	536
111	671
111	786
111	944
111	964
111	969
112	591
112	604
112	764
112	843
112	869
112	920
112	985
113	183
113	217
113	381
113	534
113	574
113	596
113	711
114	386
114	489
114	496
114	533
114	926
114	989
114	990
115	43
115	125
115	549
115	591
115	734
115	937
115	991
116	415
116	506
116	879
116	909
116	930
116	940
116	995
117	17
117	218
117	442
117	493
117	751
117	756
117	819
118	325
118	353
118	735
118	826
118	880
118	895
118	930
119	61
119	343
119	410
119	468
119	629
119	694
119	897
120	73
120	387
120	556
120	684
120	690
120	709
120	724
121	476
121	629
121	636
121	836
121	931
121	947
121	984
122	610
122	703
122	778
122	884
122	903
122	974
122	975
123	62
123	69
123	460
123	602
123	681
123	793
123	795
124	88
124	432
124	638
124	745
124	844
124	945
124	1000
125	115
125	221
125	446
125	549
125	778
125	922
125	937
126	182
126	479
126	498
126	719
126	974
126	975
126	982
127	168
127	327
127	472
127	661
127	689
127	715
127	909
128	338
128	473
128	502
128	751
128	756
128	788
128	986
129	20
129	209
129	304
129	588
129	691
129	895
129	913
130	337
130	824
130	830
130	899
130	901
130	920
130	1000
131	53
131	245
131	290
131	557
131	744
131	753
131	959
132	334
132	339
132	580
132	624
132	769
132	846
132	993
133	40
133	86
133	176
133	676
133	762
133	865
133	887
134	93
134	135
134	420
134	581
134	679
134	780
134	989
135	23
135	134
135	299
135	576
135	657
135	691
135	874
136	139
136	265
136	525
136	686
136	820
136	873
136	983
137	29
137	501
137	622
137	719
137	730
137	884
137	970
138	62
138	202
138	440
138	566
138	596
138	856
138	893
139	28
139	136
139	277
139	723
139	839
139	893
139	987
140	144
140	285
140	333
140	420
140	743
140	890
140	950
141	588
141	691
141	714
141	902
141	913
141	977
141	995
142	39
142	233
142	431
142	721
142	821
142	845
142	959
143	232
143	904
143	914
143	915
143	924
143	951
143	987
144	140
144	333
144	481
144	616
144	688
144	925
144	960
145	236
145	264
145	589
145	611
145	731
145	927
145	967
146	179
146	210
146	250
146	791
146	828
146	895
146	972
147	110
147	330
147	668
147	672
147	904
147	914
147	951
148	36
148	343
148	384
148	468
148	850
148	897
148	928
149	522
149	535
149	536
149	759
149	786
149	944
149	964
150	14
150	75
150	244
150	487
150	582
150	782
150	978
151	13
151	157
151	722
151	817
151	979
151	982
151	996
152	488
152	500
152	721
152	768
152	804
152	866
152	888
153	275
153	303
153	587
153	616
153	725
153	808
153	918
154	103
154	579
154	632
154	743
154	825
154	898
154	943
155	224
155	261
155	469
155	524
155	720
155	918
155	1000
156	105
156	180
156	301
156	423
156	519
156	771
156	814
157	151
157	286
157	528
157	778
157	922
157	963
157	979
158	510
158	537
158	597
158	620
158	645
158	663
158	784
159	16
159	289
159	526
159	553
159	564
159	585
159	956
160	60
160	690
160	724
160	761
160	872
160	941
160	949
161	373
161	441
161	487
161	645
161	756
161	788
161	978
162	298
162	305
162	526
162	706
162	733
162	938
162	956
163	7
163	242
163	734
163	922
163	982
163	991
163	996
164	32
164	317
164	344
164	372
164	478
164	759
164	842
165	34
165	221
165	608
165	687
165	955
165	976
165	993
166	199
166	394
166	401
166	603
166	733
166	836
166	840
167	248
167	464
167	639
167	783
167	857
167	902
167	910
168	127
168	284
168	510
168	806
168	919
168	941
168	995
169	266
169	398
169	594
169	674
169	772
169	805
169	906
170	320
170	523
170	704
170	800
170	864
170	967
170	972
171	278
171	357
171	671
171	786
171	851
171	964
171	969
172	74
172	174
172	296
172	408
172	527
172	835
172	860
173	107
173	388
173	630
173	702
173	827
173	942
173	954
174	172
174	641
174	687
174	862
174	911
174	976
174	993
175	23
175	590
175	654
175	712
175	902
175	977
175	994
176	133
176	256
176	527
176	617
176	754
176	773
176	894
177	264
177	308
177	367
177	451
177	828
177	864
177	900
178	49
178	253
178	426
178	469
178	680
178	929
178	1000
179	146
179	264
179	282
179	716
179	717
179	791
179	864
180	31
180	156
180	301
180	319
180	736
180	861
180	904
181	416
181	490
181	519
181	646
181	776
181	831
181	944
182	51
182	126
182	368
182	507
182	592
182	847
182	975
183	113
183	312
183	532
183	534
183	711
183	735
183	794
184	355
184	771
184	784
184	814
184	852
184	861
184	924
185	421
185	666
185	756
185	832
185	918
185	989
185	990
186	340
186	470
186	726
186	862
186	882
186	919
186	976
187	364
187	373
187	401
187	537
187	656
187	756
187	978
188	37
188	415
188	640
188	770
188	816
188	834
188	940
189	223
189	371
189	627
189	844
189	875
189	885
189	945
190	260
190	339
190	603
190	648
190	706
190	790
190	956
191	514
191	527
191	642
191	857
191	892
191	910
191	912
192	93
192	272
192	421
192	609
192	925
192	960
192	983
193	243
193	305
193	633
193	662
193	745
193	807
193	921
194	73
194	668
194	708
194	709
194	855
194	941
194	949
195	260
195	553
195	589
195	603
195	836
195	846
195	936
196	63
196	660
196	750
196	763
196	860
196	894
196	957
197	478
197	586
197	689
197	759
197	786
197	867
197	944
198	102
198	318
198	606
198	622
198	707
198	838
198	983
199	30
199	166
199	446
199	822
199	937
199	991
199	996
200	80
200	523
200	529
200	575
200	704
200	864
200	972
201	16
201	247
201	314
201	506
201	553
201	713
201	790
202	28
202	138
202	422
202	461
202	795
202	815
202	893
203	206
203	600
203	643
203	803
203	850
203	859
203	917
204	78
204	435
204	570
204	689
204	740
204	816
204	943
205	66
205	92
205	803
205	838
205	871
205	916
205	988
206	203
206	302
206	443
206	505
206	600
206	716
206	859
207	320
207	331
207	502
207	537
207	713
207	756
207	819
208	474
208	479
208	498
208	598
208	673
208	735
208	974
209	129
209	576
209	669
209	712
209	839
209	977
209	994
210	80
210	146
210	419
210	584
210	704
210	717
210	961
211	4
211	646
211	739
211	785
211	879
211	980
211	999
212	422
212	436
212	620
212	621
212	644
212	681
212	829
213	249
213	543
213	680
213	849
213	920
213	929
213	938
214	403
214	573
214	590
214	704
214	714
214	874
214	977
215	427
215	452
215	490
215	503
215	741
215	923
215	999
216	93
216	103
216	275
216	496
216	587
216	752
216	918
217	71
217	94
217	113
217	542
217	651
217	880
217	939
218	117
218	473
218	493
218	502
218	782
218	784
218	978
219	448
219	635
219	717
219	731
219	757
219	935
219	972
220	311
220	414
220	634
220	762
220	865
220	958
220	992
221	125
221	165
221	340
221	687
221	779
221	833
221	993
222	508
222	574
222	710
222	711
222	855
222	880
222	895
223	189
223	538
223	612
223	638
223	712
223	818
223	968
224	38
224	155
224	225
224	249
224	604
224	764
224	938
225	224
225	383
225	814
225	853
225	914
225	924
225	951
226	72
226	380
226	519
226	829
226	923
226	980
226	999
227	576
227	688
227	691
227	712
227	874
227	977
227	994
228	106
228	294
228	422
228	449
228	463
228	839
228	987
229	428
229	433
229	594
229	891
229	934
229	947
229	998
230	37
230	327
230	435
230	742
230	834
230	946
230	995
231	5
231	482
231	557
231	725
231	798
231	863
231	959
232	143
232	235
232	599
232	852
232	853
232	904
232	924
233	142
233	762
233	787
233	887
233	948
233	958
233	992
234	22
234	436
234	483
234	516
234	695
234	795
234	934
235	232
235	301
235	438
235	552
235	771
235	857
235	914
236	145
236	284
236	448
236	731
236	748
236	800
236	972
237	475
237	612
237	638
237	807
237	878
237	921
237	968
238	325
238	326
238	826
238	855
238	868
238	880
238	939
239	431
239	810
239	811
239	821
239	888
239	959
239	981
240	65
240	583
240	747
240	774
240	775
240	869
240	993
241	375
241	485
241	673
241	903
241	970
241	974
241	975
242	7
242	163
242	842
242	922
242	979
242	991
242	996
243	193
243	371
243	623
243	807
243	868
243	875
243	968
244	46
244	150
244	267
244	338
244	473
244	663
244	784
245	131
245	324
245	497
245	544
245	811
245	866
245	997
246	327
246	329
246	510
246	538
246	559
246	815
246	816
247	104
247	201
247	394
247	526
247	702
247	733
247	956
248	167
248	271
248	390
248	412
248	568
248	912
248	948
249	213
249	224
249	524
249	595
249	920
249	929
249	1000
250	146
250	287
250	308
250	492
250	731
250	791
250	1000
251	600
251	613
251	702
251	736
251	798
251	933
251	966
252	256
252	359
252	363
252	555
252	569
252	773
252	835
253	178
253	670
253	868
253	875
253	921
253	945
253	968
254	104
254	508
254	585
254	589
254	648
254	706
254	956
255	38
255	619
255	764
255	770
255	843
255	849
255	901
256	176
256	252
256	296
256	548
256	653
256	763
256	860
257	285
257	386
257	655
257	737
257	780
257	950
257	953
258	29
258	446
258	474
258	498
258	501
258	719
258	884
259	545
259	591
259	604
259	680
259	824
259	901
259	929
260	190
260	195
260	553
260	624
260	713
260	833
260	846
261	155
261	764
261	823
261	832
261	901
261	929
261	938
262	347
262	349
262	578
262	640
262	739
262	755
262	999
263	11
263	392
263	452
263	531
263	558
263	837
263	905
264	145
264	177
264	179
264	419
264	471
264	927
264	967
265	14
265	136
265	378
265	405
265	565
265	769
265	983
266	169
266	366
266	692
266	805
266	906
266	984
266	998
267	244
267	291
267	468
267	837
267	905
267	928
267	973
268	299
268	403
268	688
268	714
268	874
268	977
268	994
269	101
269	514
269	564
269	652
269	892
269	912
269	991
270	51
270	368
270	479
270	662
270	696
270	703
270	730
271	248
271	575
271	642
271	652
271	783
271	857
271	912
272	192
272	333
272	579
272	729
272	960
272	963
272	990
273	281
273	594
273	678
273	758
273	857
273	910
273	912
274	434
274	655
274	811
274	821
274	866
274	886
274	888
275	153
275	216
275	530
275	848
275	926
275	984
275	989
276	593
276	667
276	684
276	724
276	881
276	941
276	979
277	22
277	139
277	663
277	728
277	793
277	829
277	987
278	32
278	171
278	477
278	536
278	561
278	752
278	842
278	944
279	571
279	577
279	765
279	773
279	858
279	870
279	889
279	957
280	1
280	64
280	611
280	748
280	749
280	800
280	935
280	967
281	68
281	273
281	390
281	518
281	575
281	639
281	758
281	857
282	179
282	704
282	731
282	748
282	750
282	828
282	927
282	961
283	497
283	500
283	768
283	866
283	886
283	959
283	981
283	997
284	168
284	236
284	506
284	692
284	834
284	946
284	985
284	995
285	140
285	257
285	307
285	587
285	609
285	848
285	960
285	989
286	7
286	52
286	157
286	705
286	937
286	979
286	982
286	996
287	250
287	448
287	513
287	800
287	864
287	927
287	961
287	967
288	55
288	606
288	700
288	820
288	838
288	916
288	983
288	988
289	159
289	298
289	334
289	585
289	626
289	797
289	828
289	956
290	27
290	39
290	98
290	131
290	768
290	810
290	811
290	959
291	10
291	13
291	61
291	267
291	495
291	567
291	905
291	907
292	29
292	310
292	375
292	498
292	598
292	696
292	884
292	974
293	412
293	560
293	575
293	639
293	758
293	783
293	877
293	892
294	84
294	228
294	407
294	798
294	859
294	883
294	917
294	933
295	420
295	489
295	616
295	632
295	825
295	890
295	928
295	953
296	172
296	256
296	389
296	548
296	750
296	835
296	957
296	986
297	83
297	331
297	396
297	493
297	597
297	751
297	819
297	978
298	162
298	289
298	299
298	401
298	526
298	553
298	603
298	840
299	135
299	268
299	298
299	588
299	657
299	669
299	682
299	977
300	41
300	310
300	555
300	571
300	635
300	660
300	750
300	765
301	6
301	105
301	156
301	180
301	235
301	330
301	552
301	861
302	206
302	348
302	572
302	630
302	798
302	917
302	954
302	966
303	103
303	153
303	533
303	801
303	839
303	848
303	890
303	950
304	12
304	23
304	129
304	539
304	573
304	576
304	913
304	977
305	162
305	193
305	314
305	509
305	648
305	790
305	797
305	836
306	350
306	395
306	485
306	528
306	622
306	730
306	847
306	975
307	10
307	95
307	285
307	374
307	476
307	891
307	952
307	998
308	177
308	250
308	323
308	367
308	513
308	748
308	757
308	972
309	83
309	389
309	653
309	709
309	763
309	889
309	894
309	898
310	292
310	300
310	527
310	835
310	858
310	889
310	932
310	986
311	40
311	220
311	693
311	739
311	813
311	865
311	887
311	965
312	183
312	326
312	353
312	376
312	381
312	711
312	826
312	855
313	21
313	32
313	424
313	522
313	586
313	675
313	851
313	964
314	201
314	305
314	394
314	437
314	666
314	713
314	769
314	797
315	630
315	643
315	702
315	716
315	763
315	933
315	942
315	966
316	407
316	445
316	628
316	702
316	850
316	862
316	883
316	917
317	21
317	164
317	477
317	607
317	842
317	867
317	964
317	969
318	55
318	92
318	198
318	332
318	346
318	650
318	686
318	873
319	180
319	361
319	438
319	599
319	852
319	853
319	861
319	914
320	170
320	207
320	502
320	620
320	656
320	663
320	756
320	788
321	627
321	745
321	818
321	868
321	875
321	878
321	945
321	968
322	505
322	628
322	699
322	702
322	764
322	799
322	954
322	966
323	308
323	424
323	522
323	535
323	842
323	867
323	944
323	969
324	245
324	482
324	550
324	804
324	810
324	886
324	888
324	959
325	118
325	238
325	826
325	855
325	880
325	895
325	939
325	981
326	238
326	312
326	327
326	381
326	574
326	654
326	794
326	880
327	127
327	230
327	246
327	326
327	692
327	879
327	940
327	946
328	71
328	532
328	550
328	651
328	654
328	794
328	939
328	940
329	37
329	246
329	357
329	559
329	815
329	896
329	919
329	980
330	147
330	301
330	423
330	552
330	771
330	861
330	904
330	915
331	207
331	297
331	338
331	493
331	502
331	620
331	819
331	978
332	14
332	98
332	318
332	525
332	565
332	700
332	803
332	838
333	140
333	144
333	272
333	504
333	641
333	729
333	989
333	990
334	132
334	289
334	526
334	589
334	648
334	729
334	790
334	846
335	393
335	689
335	740
335	816
335	867
335	909
335	919
335	930
336	91
336	616
336	832
336	894
336	918
336	953
336	989
336	990
337	130
337	338
337	792
337	802
337	899
337	920
337	938
337	1000
338	128
338	244
338	331
338	337
338	373
338	441
338	597
338	620
339	132
339	190
339	390
339	648
339	790
339	797
339	840
339	936
340	186
340	221
340	470
340	698
340	833
340	862
340	911
340	993
341	81
341	393
341	705
341	722
341	778
341	822
341	982
341	996
342	426
342	680
342	791
342	849
342	869
342	899
342	929
342	1000
343	119
343	148
343	694
343	710
343	755
343	928
343	962
343	973
344	164
344	406
344	586
344	639
344	752
344	851
344	944
344	969
345	556
345	593
345	690
345	708
345	761
345	777
345	908
345	949
346	66
346	92
346	318
346	534
346	727
346	820
346	916
346	988
347	262
347	519
347	578
347	640
347	741
347	812
347	980
347	999
348	302
348	443
348	447
348	572
348	628
348	792
348	799
348	933
349	262
349	427
349	741
349	766
349	776
349	923
349	980
349	999
350	12
350	306
350	368
350	498
350	884
350	903
350	970
350	974
351	56
351	111
351	667
351	709
351	724
351	854
351	872
351	881
352	417
352	447
352	520
352	643
352	799
352	827
352	883
352	917
353	67
353	94
353	118
353	312
353	508
353	534
353	794
353	939
354	30
354	355
354	664
354	734
354	817
354	979
354	982
354	991
355	6
355	105
355	184
355	354
355	599
355	672
355	853
355	924
356	66
356	102
356	360
356	362
356	466
356	820
356	871
356	873
357	171
357	329
357	631
357	661
357	689
357	919
357	985
357	995
358	99
358	102
358	360
358	650
358	803
358	916
358	983
358	988
359	252
359	360
359	389
359	548
359	653
359	660
359	858
359	870
360	55
360	96
360	356
360	358
360	359
360	686
360	707
360	988
361	31
361	319
361	362
361	383
361	423
361	789
361	852
361	853
362	356
362	361
362	525
362	686
362	700
362	727
362	916
362	983
363	41
363	83
363	252
363	577
363	860
363	894
363	957
363	996
364	187
364	442
364	475
364	556
364	656
364	751
364	782
364	788
365	414
365	453
365	598
365	634
365	697
365	887
365	958
365	965
366	266
366	374
366	511
366	772
366	906
366	934
366	952
366	984
367	64
367	177
367	308
367	584
367	749
367	860
367	864
367	967
368	12
368	182
368	270
368	350
368	370
368	485
368	847
368	970
369	38
369	426
369	524
369	823
369	899
369	901
369	920
369	1000
370	368
370	472
370	661
370	715
370	815
370	879
370	946
370	985
371	189
371	243
371	388
371	670
371	807
371	818
371	885
371	968
372	164
372	522
372	536
372	552
372	561
372	607
372	964
372	969
373	161
373	187
373	338
373	396
373	535
373	788
373	819
373	978
374	307
374	366
374	476
374	540
374	636
374	891
374	971
374	984
375	241
375	292
375	395
375	493
375	598
375	884
375	970
375	975
376	78
376	312
376	415
376	451
376	510
376	570
376	692
376	995
377	404
377	683
377	698
377	779
377	833
377	911
377	976
377	993
378	66
378	265
378	606
378	707
378	727
378	781
378	871
378	983
379	73
379	85
379	684
379	690
379	761
379	872
379	941
379	949
380	226
380	517
380	739
380	766
380	767
380	812
380	962
380	999
381	113
381	312
381	326
381	574
381	735
381	794
381	826
381	852
382	5
382	500
382	557
382	744
382	845
382	888
382	981
382	990
383	225
383	361
383	546
383	672
383	814
383	852
383	861
383	914
384	148
384	495
384	618
384	755
384	837
384	897
384	907
384	928
385	458
385	499
385	512
385	708
385	787
385	865
385	958
385	992
386	89
386	91
386	114
386	257
386	533
386	581
386	832
386	963
387	120
387	394
387	547
387	556
387	684
387	777
387	872
387	941
388	173
388	371
388	447
388	572
388	702
388	942
388	954
388	966
389	63
389	296
389	309
389	359
389	540
389	577
389	754
389	858
390	45
390	248
390	281
390	339
390	568
390	575
390	642
390	910
391	481
391	655
391	666
391	679
391	743
391	825
391	925
391	990
392	13
392	263
392	411
392	531
392	558
392	637
392	905
392	928
393	335
393	341
393	415
393	631
393	689
393	742
393	879
393	985
394	104
394	166
394	247
394	314
394	387
394	589
394	648
394	836
395	306
395	375
395	474
395	498
395	673
395	679
395	903
395	975
396	297
396	373
396	441
396	551
396	582
396	756
396	782
396	962
397	545
397	591
397	619
397	680
397	722
397	823
397	899
397	938
398	169
398	495
398	649
398	677
398	805
398	891
398	947
398	952
399	26
399	628
399	736
399	799
399	824
399	850
399	859
399	917
400	463
400	483
400	621
400	644
400	659
400	829
400	850
400	893
401	166
401	187
401	298
401	624
401	648
401	706
401	846
401	936
402	10
402	433
402	455
402	540
402	772
402	805
402	891
402	998
403	20
403	214
403	268
403	657
403	682
403	746
403	977
403	994
404	377
404	510
404	715
404	815
404	834
404	896
404	985
404	995
405	55
405	265
405	512
405	606
405	686
405	820
405	916
405	983
406	93
406	344
406	535
406	586
406	607
406	759
406	842
406	944
407	294
407	316
407	600
407	798
407	827
407	834
407	917
407	933
408	74
408	172
408	491
408	503
408	830
408	858
408	957
408	986
409	417
409	567
409	699
409	716
409	736
409	799
409	859
409	966
410	119
410	468
410	531
410	710
410	789
410	907
410	928
410	962
411	392
411	452
411	468
411	710
411	755
411	905
411	962
411	973
412	68
412	248
412	293
412	560
412	564
412	892
412	910
412	912
413	28
413	449
413	484
413	566
413	695
413	793
413	893
413	987
414	59
414	220
414	365
414	696
414	781
414	865
414	958
414	992
415	116
415	188
415	376
415	393
415	698
415	742
415	834
415	930
416	76
416	181
416	417
416	490
416	732
416	739
416	766
416	923
417	352
417	409
417	416
417	447
417	520
417	799
417	850
417	942
418	439
418	667
418	690
418	777
418	790
418	881
418	941
418	949
419	80
419	210
419	264
419	757
419	796
419	893
419	927
419	961
420	134
420	140
420	295
420	498
420	579
420	679
420	953
420	963
421	87
421	185
421	192
421	780
421	801
421	808
421	825
421	990
422	202
422	212
422	228
422	483
422	695
422	723
422	793
422	829
423	31
423	156
423	330
423	361
423	599
423	814
423	904
423	915
424	313
424	323
424	451
424	522
424	607
424	675
424	964
424	969
425	67
425	86
425	550
425	651
425	826
425	855
425	895
425	939
426	178
426	342
426	369
426	507
426	680
426	802
426	920
426	929
427	48
427	215
427	349
427	462
427	578
427	766
427	897
427	980
428	229
428	540
428	861
428	891
428	952
428	971
428	984
428	998
429	10
429	533
429	772
429	805
429	906
429	952
429	971
429	998
430	23
430	444
430	499
430	693
430	787
430	813
430	948
430	992
431	39
431	42
431	142
431	239
431	741
431	959
431	981
431	997
432	88
432	124
432	612
432	623
432	633
432	878
432	945
432	998
433	229
433	402
433	636
433	649
433	730
433	947
433	971
433	984
434	39
434	42
434	274
434	482
434	497
434	621
434	810
434	997
435	204
435	230
435	631
435	661
435	715
435	815
435	946
435	980
436	212
436	234
436	484
436	488
436	566
436	728
436	793
436	829
437	314
437	626
437	769
437	790
437	797
437	846
437	848
437	936
438	235
438	319
438	491
438	599
438	904
438	914
438	924
438	951
439	418
439	601
439	668
439	690
439	709
439	854
439	881
439	941
440	57
440	138
440	461
440	484
440	543
440	644
440	795
440	816
441	161
441	338
441	396
441	442
441	582
441	663
441	788
441	856
442	117
442	364
442	441
442	473
442	487
442	620
442	656
442	788
443	26
443	206
443	348
443	595
443	850
443	866
443	917
443	966
444	430
444	458
444	648
444	676
444	762
444	813
444	958
444	965
445	316
445	486
445	613
445	736
445	883
445	933
445	942
445	954
446	125
446	199
446	258
446	528
446	549
446	664
446	722
446	996
447	107
447	348
447	352
447	388
447	417
447	520
447	643
447	798
448	219
448	236
448	287
448	717
448	748
448	799
448	864
448	876
449	228
449	413
449	488
449	621
449	695
449	793
449	829
449	856
450	633
450	638
450	662
450	705
450	818
450	868
450	878
450	921
451	177
451	376
451	424
451	816
451	896
451	919
451	930
451	995
452	8
452	215
452	263
452	411
452	457
452	710
452	809
452	908
453	365
453	486
453	693
453	737
453	787
453	909
453	965
453	992
454	66
454	82
454	686
454	803
454	820
454	838
454	899
454	916
455	1
455	402
455	492
455	748
455	749
455	796
455	900
455	935
456	15
456	674
456	801
456	931
456	934
456	947
456	952
456	971
457	3
457	4
457	36
457	58
457	452
457	562
457	710
457	962
458	25
458	385
458	444
458	537
458	676
458	813
458	865
458	887
459	517
459	719
459	732
459	741
459	767
459	776
459	831
459	923
460	69
460	123
460	483
460	566
460	596
460	602
460	644
460	839
461	202
461	440
461	621
461	695
461	839
461	856
461	893
461	897
462	427
462	732
462	767
462	776
462	785
462	812
462	888
462	980
463	22
463	57
463	228
463	400
463	516
463	829
463	870
463	987
464	167
464	514
464	560
464	564
464	612
464	652
464	857
464	877
464	912
465	542
465	605
465	608
465	641
465	718
465	738
465	747
465	833
465	882
466	49
466	356
466	524
466	792
466	802
466	849
466	899
466	920
466	938
467	79
467	100
467	563
467	760
467	774
467	863
467	888
467	981
467	997
468	119
468	148
468	267
468	410
468	411
468	744
468	908
468	962
468	973
469	155
469	178
469	619
469	792
469	849
469	901
469	912
469	920
469	938
470	186
470	340
470	615
470	641
470	738
470	774
470	833
470	862
470	877
471	104
471	264
471	518
471	523
471	529
471	717
471	841
471	927
471	967
472	127
472	370
472	506
472	806
472	896
472	909
472	924
472	930
472	995
473	128
473	218
473	244
473	442
473	474
473	475
473	487
473	645
473	784
474	208
474	258
474	395
474	473
474	507
474	610
474	673
474	696
474	974
475	237
475	364
475	473
475	493
475	597
475	656
475	663
475	782
475	978
476	121
476	307
476	374
476	636
476	649
476	802
476	805
476	931
476	998
477	21
477	50
477	278
477	317
477	786
477	867
477	954
477	964
477	969
478	44
478	164
478	197
478	675
478	752
478	786
478	851
478	944
478	969
479	126
479	208
479	270
479	480
479	592
479	622
479	903
479	974
479	975
480	27
480	479
480	497
480	725
480	760
480	810
480	811
480	845
480	863
481	77
481	91
481	144
481	391
481	536
481	658
481	780
481	950
481	963
482	79
482	231
482	324
482	434
482	544
482	753
482	886
482	981
482	987
483	234
483	400
483	422
483	460
483	590
483	621
483	644
483	793
483	893
484	413
484	436
484	440
484	659
484	728
484	776
484	839
484	856
484	987
485	241
485	306
485	368
485	674
485	696
485	703
485	757
485	974
485	975
486	25
486	445
486	453
486	676
486	737
486	781
486	787
486	958
486	992
487	150
487	161
487	442
487	473
487	582
487	620
487	782
487	937
487	978
488	152
488	436
488	449
488	659
488	681
488	695
488	829
488	839
488	893
489	109
489	114
489	295
489	533
489	649
489	655
489	729
489	832
489	950
490	48
490	181
490	215
490	416
490	674
490	732
490	767
490	923
490	980
491	408
491	438
491	527
491	569
491	617
491	754
491	860
491	870
491	898
492	250
492	455
492	529
492	749
492	867
492	900
492	927
492	967
492	972
493	117
493	218
493	297
493	331
493	375
493	475
493	537
493	620
493	784
494	570
494	740
494	761
494	834
494	909
494	930
494	940
494	946
494	985
495	36
495	291
495	384
495	398
495	531
495	567
495	694
495	710
495	928
496	103
496	114
496	216
496	632
496	665
496	925
496	926
496	943
496	963
497	245
497	283
497	434
497	480
497	760
497	804
497	811
497	844
497	886
498	126
498	208
498	258
498	292
498	350
498	395
498	420
498	501
498	673
499	25
499	385
499	430
499	512
499	693
499	697
499	727
499	887
499	958
500	33
500	152
500	283
500	382
500	563
500	628
500	760
500	768
500	959
501	12
501	137
501	258
501	498
501	507
501	610
501	707
501	719
501	884
502	128
502	207
502	218
502	320
502	331
502	516
502	582
502	751
502	819
503	215
503	408
503	640
503	646
503	732
503	739
503	923
503	980
503	999
504	333
504	505
504	530
504	541
504	554
504	609
504	780
504	918
504	925
505	206
505	322
505	504
505	520
505	613
505	736
505	850
505	883
505	942
506	116
506	201
506	284
506	472
506	631
506	689
506	816
506	909
506	919
507	51
507	182
507	426
507	474
507	501
507	592
507	622
507	730
507	970
508	222
508	254
508	353
508	550
508	735
508	855
508	880
508	895
508	939
509	305
509	580
509	585
509	626
509	713
509	790
509	797
509	840
509	849
510	158
510	168
510	246
510	376
510	404
510	631
510	930
510	940
510	995
511	15
511	97
511	366
511	629
511	649
511	674
511	676
511	934
511	998
512	385
512	405
512	499
512	693
512	737
512	762
512	787
512	887
512	992
513	103
513	287
513	308
513	731
513	757
513	800
513	841
513	961
513	967
514	54
514	191
514	269
514	464
514	560
514	564
514	575
514	678
514	688
515	56
515	73
515	547
515	690
515	708
515	854
515	872
515	941
515	974
516	69
516	234
516	463
516	502
516	681
516	723
516	795
516	829
516	893
517	48
517	380
517	459
517	578
517	767
517	812
517	887
517	980
517	999
518	1
518	281
518	471
518	704
518	717
518	841
518	876
518	900
518	935
519	156
519	181
519	226
519	347
519	785
519	831
519	923
519	980
519	999
520	352
520	417
520	447
520	505
520	702
520	798
520	859
520	960
520	966
521	573
521	636
521	674
521	677
521	805
521	891
521	934
521	947
521	998
522	149
522	313
522	323
522	372
522	424
522	536
522	671
522	675
522	754
523	1
523	170
523	200
523	471
523	773
523	828
523	841
523	876
523	900
524	77
524	155
524	249
524	369
524	466
524	792
524	843
524	849
524	869
525	96
525	136
525	332
525	362
525	700
525	782
525	838
525	871
525	916
526	159
526	162
526	247
526	298
526	334
526	589
526	624
526	936
526	975
527	17
527	172
527	176
527	191
527	310
527	491
527	569
527	835
527	870
528	157
528	306
528	446
528	705
528	722
528	778
528	817
528	979
528	982
529	200
529	471
529	492
529	611
529	791
529	826
529	828
529	841
529	935
530	275
530	504
530	609
530	616
530	681
530	848
530	943
530	950
530	989
531	3
531	263
531	392
531	410
531	495
531	897
531	905
531	908
531	943
532	183
532	328
532	550
532	654
532	711
532	794
532	880
532	900
532	939
533	93
533	114
533	303
533	386
533	429
533	489
533	801
533	926
533	989
534	113
534	183
534	346
534	353
534	550
534	711
534	855
534	895
534	939
535	149
535	323
535	373
535	406
535	752
535	759
535	867
535	944
535	969
536	111
536	149
536	278
536	372
536	481
536	522
536	671
536	675
536	969
537	158
537	187
537	207
537	458
537	493
537	551
537	597
537	788
537	978
538	223
538	246
538	662
538	670
538	818
538	868
538	878
538	885
538	945
539	304
539	588
539	590
539	657
539	714
539	902
539	913
539	950
539	994
540	10
540	374
540	389
540	402
540	428
540	906
540	934
540	984
540	998
541	103
541	504
541	554
541	579
541	658
541	743
541	801
541	825
541	918
542	65
542	217
542	465
542	605
542	608
542	833
542	911
542	955
542	976
543	106
543	213
543	440
543	596
543	602
543	695
543	723
543	839
543	856
544	24
544	245
544	482
544	677
544	725
544	744
544	845
544	888
544	981
545	259
545	397
545	600
545	604
545	619
545	802
545	843
545	938
545	1000
546	70
546	110
546	383
546	599
546	664
546	771
546	789
546	852
546	915
547	85
547	387
547	515
547	667
547	761
547	854
547	881
547	941
547	951
548	17
548	85
548	256
548	296
548	359
548	617
548	763
548	765
548	932
549	43
549	102
549	115
549	125
549	446
549	778
549	979
549	982
549	991
550	67
550	324
550	328
550	425
550	508
550	532
550	534
550	735
550	895
551	46
551	75
551	396
551	537
551	645
551	751
551	758
551	784
551	978
552	31
552	105
552	235
552	301
552	330
552	372
552	789
552	853
552	904
553	159
553	195
553	201
553	260
553	298
553	626
553	706
553	769
553	812
554	504
554	541
554	679
554	729
554	821
554	848
554	926
554	960
554	963
555	252
555	300
555	569
555	617
555	763
555	830
555	872
555	894
555	932
556	120
556	345
556	364
556	387
556	724
556	761
556	777
556	854
556	949
557	27
557	40
557	79
557	131
557	231
557	382
557	760
557	863
557	997
558	263
558	392
558	562
558	618
558	755
558	897
558	905
558	928
558	962
559	246
559	329
559	607
559	631
559	661
559	806
559	909
559	930
559	985
560	54
560	293
560	412
560	464
560	514
560	561
560	652
560	783
560	877
561	50
561	278
561	372
561	560
561	586
561	671
561	752
561	851
561	964
562	457
562	558
562	755
562	897
562	907
562	908
562	913
562	928
562	973
563	467
563	500
563	660
563	721
563	744
563	753
563	768
563	811
563	863
564	159
564	269
564	412
564	464
564	514
564	568
564	678
564	857
564	892
565	35
565	265
565	332
565	614
565	727
565	749
565	916
565	983
565	988
566	28
566	76
566	138
566	413
566	436
566	460
566	602
566	644
566	795
567	58
567	61
567	291
567	409
567	495
567	637
567	905
567	962
567	973
568	54
568	248
568	390
568	564
568	569
568	678
568	857
568	892
568	910
569	252
569	491
569	527
569	555
569	568
569	617
569	653
569	932
569	957
570	78
570	204
570	376
570	494
570	571
570	770
570	919
570	940
570	946
571	90
571	279
571	300
571	570
571	625
571	765
571	773
571	860
571	898
572	302
572	348
572	388
572	595
572	624
572	630
572	799
572	917
572	942
573	214
573	304
573	521
573	657
573	688
573	714
573	746
573	913
573	994
574	1
574	71
574	113
574	222
574	326
574	381
574	654
574	826
574	880
575	200
575	271
575	281
575	293
575	390
575	514
575	783
575	877
575	892
576	135
576	209
576	227
576	304
576	746
576	874
576	945
576	977
576	994
577	41
577	90
577	279
577	363
577	389
577	682
577	830
577	860
577	957
577	986
578	76
578	81
578	262
578	347
578	427
578	517
578	646
578	767
578	812
578	999
579	109
579	154
579	272
579	420
579	541
579	581
579	780
579	928
579	960
579	990
580	16
580	132
580	509
580	589
580	706
580	713
580	797
580	836
580	840
580	858
581	46
581	77
581	134
581	386
581	579
581	587
581	832
581	953
581	960
581	990
582	75
582	150
582	396
582	441
582	487
582	502
582	583
582	656
582	756
582	784
583	65
583	240
583	582
583	615
583	665
583	685
583	738
583	774
583	882
583	993
584	210
584	367
584	757
584	796
584	841
584	876
584	912
584	927
584	961
584	972
585	159
585	254
585	289
585	509
585	589
585	603
585	626
585	728
585	836
585	956
586	32
586	197
586	313
586	344
586	406
586	561
586	842
586	867
586	927
586	969
587	87
587	153
587	216
587	285
587	581
587	658
587	679
587	731
587	890
587	950
588	129
588	141
588	299
588	539
588	590
588	669
588	688
588	746
588	902
588	994
589	145
589	195
589	254
589	334
589	394
589	526
589	580
589	585
589	733
589	936
590	23
590	175
590	214
590	483
590	539
590	588
590	714
590	746
590	913
590	994
591	49
591	112
591	115
591	259
591	397
591	764
591	802
591	824
591	899
591	929
592	182
592	479
592	507
592	610
592	622
592	703
592	903
592	931
592	970
592	974
593	20
593	60
593	276
593	345
593	601
593	709
593	724
593	872
593	881
593	941
594	169
594	229
594	273
594	629
594	772
594	931
594	952
594	971
594	984
594	998
595	107
595	249
595	443
595	572
595	628
595	798
595	827
595	883
595	954
595	966
596	69
596	113
596	138
596	460
596	543
596	602
596	659
596	681
596	795
596	893
597	158
597	297
597	338
597	475
597	537
597	620
597	645
597	715
597	788
597	978
598	12
598	51
598	208
598	292
598	365
598	375
598	610
598	719
598	903
598	975
599	70
599	232
599	319
599	355
599	423
599	438
599	546
599	694
599	861
599	915
600	107
600	203
600	206
600	251
600	407
600	545
600	613
600	699
600	827
600	883
601	439
601	593
601	667
601	668
601	684
601	777
601	854
601	941
601	949
601	964
602	62
602	123
602	460
602	543
602	566
602	596
602	621
602	681
602	728
602	741
603	166
603	190
603	195
603	298
603	585
603	706
603	733
603	812
603	846
603	956
604	112
604	224
604	259
604	545
604	720
604	823
604	824
604	849
604	899
604	954
605	465
605	542
605	615
605	641
605	698
605	738
605	775
605	862
605	911
605	993
606	57
606	198
606	288
606	378
606	405
606	700
606	871
606	873
606	916
606	988
607	317
607	372
607	406
607	424
607	559
607	675
607	842
607	944
607	964
607	969
608	9
608	44
608	55
608	165
608	465
608	542
608	641
608	718
608	774
608	955
609	87
609	192
609	285
609	504
609	530
609	655
609	658
609	714
609	943
609	953
610	122
610	474
610	501
610	592
610	598
610	622
610	847
610	884
610	929
610	970
611	145
611	280
611	529
611	748
611	749
611	791
611	864
611	873
611	935
611	961
612	223
612	237
612	432
612	464
612	638
612	745
612	807
612	878
612	885
612	968
613	68
613	251
613	445
613	505
613	600
613	716
613	850
613	883
613	954
613	966
614	35
614	82
614	565
614	700
614	727
614	733
614	871
614	873
614	983
614	988
615	470
615	583
615	605
615	738
615	833
615	862
615	882
615	911
615	949
615	955
616	144
616	153
616	295
616	336
616	530
616	734
616	801
616	825
616	890
616	925
617	90
617	176
617	491
617	548
617	555
617	569
617	773
617	858
617	941
617	957
618	8
618	13
618	384
618	558
618	619
618	694
618	755
618	837
618	897
618	973
619	49
619	108
619	255
619	397
619	469
619	545
619	618
619	869
619	938
619	1000
620	158
620	212
620	320
620	331
620	338
620	442
620	487
620	493
620	597
620	784
621	212
621	400
621	434
621	449
621	461
621	483
621	602
621	681
621	723
621	856
622	137
622	198
622	306
622	479
622	507
622	592
622	610
622	719
622	903
622	975
623	243
623	432
623	661
623	662
623	745
623	844
623	875
623	921
623	945
623	968
624	132
624	260
624	401
624	526
624	572
624	706
624	713
624	733
624	769
624	936
625	2
625	571
625	653
625	660
625	687
625	763
625	765
625	932
625	957
625	986
626	104
626	289
626	437
626	509
626	553
626	585
626	733
626	769
626	936
626	989
627	88
627	189
627	321
627	670
627	745
627	818
627	826
627	868
627	875
627	945
628	316
628	322
628	348
628	399
628	500
628	595
628	643
628	798
628	859
628	966
629	10
629	119
629	121
629	511
629	594
629	649
629	934
629	947
629	952
629	984
630	26
630	173
630	302
630	315
630	572
630	631
630	699
630	716
630	736
630	859
631	357
631	393
631	435
631	506
631	510
631	559
631	630
631	815
631	919
631	930
632	87
632	154
632	295
632	496
632	655
632	666
632	780
632	786
632	832
632	848
633	47
633	88
633	193
633	432
633	450
633	638
633	745
633	807
633	844
633	968
634	59
634	220
634	365
634	693
634	737
634	762
634	813
634	948
634	965
634	973
635	17
635	63
635	219
635	300
635	750
635	765
635	830
635	898
635	932
635	986
636	121
636	374
636	433
636	476
636	521
636	772
636	923
636	931
636	947
636	971
637	8
637	392
637	567
637	694
637	809
637	847
637	905
637	908
637	928
637	973
638	124
638	223
638	237
638	450
638	612
638	633
638	724
638	868
638	878
638	945
639	45
639	167
639	281
639	293
639	344
639	642
639	758
639	783
639	877
639	892
640	188
640	262
640	347
640	503
640	732
640	739
640	766
640	785
640	812
640	999
641	174
641	333
641	465
641	470
641	605
641	608
641	747
641	779
641	955
641	976
642	191
642	271
642	390
642	639
642	652
642	758
642	877
642	892
642	910
642	913
643	203
643	315
643	352
643	447
643	628
643	798
643	933
643	942
643	954
643	977
644	212
644	400
644	440
644	460
644	483
644	566
644	659
644	695
644	856
644	918
645	46
645	75
645	158
645	161
645	473
645	551
645	597
645	751
645	819
645	891
646	72
646	181
646	211
646	503
646	578
646	739
646	776
646	831
646	980
646	993
647	80
647	800
647	828
647	864
647	876
647	900
647	927
647	935
647	972
647	991
648	190
648	254
648	305
648	334
648	339
648	394
648	401
648	444
648	713
648	840
649	398
649	433
649	476
649	489
649	511
649	629
649	805
649	906
649	934
649	971
650	50
650	55
650	318
650	358
650	686
650	700
650	707
650	803
650	838
650	988
651	94
651	217
651	328
651	425
651	654
651	711
651	735
651	794
651	864
651	939
652	45
652	269
652	271
652	464
652	560
652	642
652	678
652	871
652	877
652	912
653	256
653	309
653	359
653	569
653	625
653	660
653	830
653	835
653	894
653	926
654	71
654	94
654	175
654	326
654	328
654	532
654	574
654	651
654	880
654	895
655	257
655	274
655	391
655	489
655	609
655	632
655	825
655	890
655	926
655	990
656	187
656	320
656	364
656	442
656	475
656	582
656	663
656	782
656	819
656	963
657	20
657	62
657	135
657	299
657	403
657	539
657	573
657	669
657	682
657	977
658	481
658	541
658	587
658	609
658	690
658	743
658	890
658	918
658	943
658	950
659	62
659	69
659	400
659	484
659	488
659	596
659	644
659	728
659	961
659	987
660	63
660	196
660	300
660	359
660	563
660	625
660	653
660	754
660	773
660	889
661	127
661	357
661	370
661	435
661	559
661	623
661	770
661	879
661	985
661	995
662	53
662	193
662	270
662	450
662	538
662	623
662	818
662	844
662	868
662	875
663	158
663	244
663	277
663	320
663	441
663	475
663	656
663	788
663	819
663	978
664	7
664	81
664	354
664	446
664	546
664	722
664	922
664	979
664	991
664	996
665	9
665	19
665	65
665	496
665	583
665	683
665	685
665	687
665	698
665	774
666	103
666	185
666	314
666	391
666	632
666	832
666	925
666	926
666	960
666	963
667	276
667	351
667	418
667	547
667	601
667	708
667	724
667	872
667	881
667	936
668	56
668	147
668	194
668	439
668	601
668	690
668	854
668	881
668	941
668	949
669	209
669	299
669	588
669	657
669	682
669	691
669	746
669	902
669	904
669	994
670	253
670	371
670	538
670	627
670	726
670	807
670	818
670	878
670	945
670	968
671	32
671	111
671	171
671	522
671	536
671	561
671	842
671	851
671	867
671	906
672	147
672	355
672	383
672	673
672	789
672	852
672	904
672	914
672	924
672	951
673	208
673	241
673	395
673	474
673	498
673	672
673	703
673	719
673	847
673	903
673	970
674	15
674	169
674	456
674	485
674	490
674	511
674	521
674	906
674	931
674	934
674	947
675	50
675	313
675	424
675	478
675	522
675	536
675	607
675	759
675	842
675	885
675	964
676	40
676	47
676	86
676	133
676	444
676	458
676	486
676	511
676	781
676	813
676	948
677	97
677	398
677	521
677	544
677	701
677	772
677	891
677	931
677	952
677	984
677	998
678	45
678	101
678	273
678	514
678	564
678	568
678	652
678	693
678	783
678	892
678	910
679	134
679	391
679	395
679	420
679	554
679	587
679	743
679	832
679	943
679	950
679	960
680	178
680	213
680	259
680	342
680	397
680	426
680	843
680	869
680	876
680	929
680	1000
681	123
681	212
681	488
681	516
681	530
681	596
681	602
681	621
681	723
681	728
681	987
682	299
682	403
682	577
682	657
682	669
682	688
682	746
682	902
682	913
682	977
682	994
683	9
683	377
683	665
683	684
683	698
683	726
683	747
683	833
683	911
683	955
683	993
684	56
684	73
684	85
684	120
684	276
684	379
684	387
684	601
684	683
684	872
684	881
685	9
685	19
685	583
685	665
685	775
685	779
685	862
685	911
685	976
685	993
685	994
686	136
686	318
686	360
686	362
686	405
686	454
686	650
686	871
686	983
686	988
686	998
687	9
687	65
687	165
687	174
687	221
687	625
687	665
687	718
687	882
687	955
687	993
688	144
688	227
688	268
688	514
688	573
688	588
688	682
688	902
688	913
688	977
688	994
689	18
689	37
689	127
689	197
689	204
689	335
689	357
689	393
689	506
689	806
689	919
690	120
690	160
690	345
690	379
690	418
690	439
690	515
690	658
690	668
690	872
690	949
691	96
691	129
691	135
691	141
691	227
691	669
691	712
691	746
691	874
691	913
691	977
692	266
692	284
692	327
692	376
692	742
692	770
692	806
692	834
692	879
692	909
692	919
693	311
693	430
693	453
693	499
693	512
693	634
693	678
693	737
693	865
693	948
693	965
694	58
694	119
694	343
694	495
694	599
694	618
694	637
694	710
694	755
694	809
694	962
695	234
695	413
695	422
695	449
695	461
695	488
695	543
695	644
695	723
695	788
695	987
696	270
696	292
696	414
696	474
696	485
696	719
696	730
696	847
696	903
696	970
696	974
697	86
697	365
697	499
697	711
697	744
697	781
697	887
697	948
697	958
697	965
697	992
698	340
698	377
698	415
698	605
698	665
698	683
698	747
698	779
698	862
698	911
698	976
699	107
699	322
699	409
699	600
699	630
699	700
699	736
699	850
699	917
699	933
699	942
700	14
700	102
700	288
700	332
700	362
700	525
700	606
700	614
700	650
700	699
700	873
701	95
701	677
701	772
701	877
701	923
701	931
701	952
701	971
701	984
701	997
701	998
702	173
702	247
702	251
702	315
702	316
702	322
702	388
702	520
702	716
702	799
702	827
703	122
703	270
703	485
703	592
703	673
703	762
703	847
703	884
703	970
703	974
703	975
704	64
704	80
704	170
704	200
704	210
704	214
704	282
704	518
704	717
704	796
704	961
705	286
705	341
705	450
705	528
705	822
705	922
705	937
705	979
705	982
705	991
705	996
706	162
706	190
706	254
706	401
706	553
706	580
706	603
706	624
706	836
706	840
706	952
707	96
707	198
707	360
707	378
707	501
707	650
707	803
707	820
707	873
707	916
707	983
708	60
708	194
708	345
708	385
708	515
708	667
708	724
708	777
708	854
708	941
708	949
709	56
709	120
709	194
709	309
709	351
709	439
709	593
709	777
709	881
709	941
709	949
710	222
710	343
710	410
710	411
710	452
710	457
710	495
710	694
710	907
710	908
710	973
711	54
711	113
711	183
711	222
711	312
711	532
711	534
711	651
711	697
711	794
711	880
712	20
712	175
712	209
712	223
712	227
712	691
712	714
712	746
712	874
712	902
712	977
713	201
713	207
713	260
713	314
713	509
713	580
713	624
713	648
713	769
713	797
713	836
714	141
714	214
714	268
714	539
714	573
714	590
714	609
714	712
714	902
714	977
714	994
715	18
715	78
715	127
715	370
715	404
715	435
715	597
715	742
715	806
715	896
715	940
716	179
716	206
716	315
716	409
716	613
716	630
716	702
716	799
716	827
716	859
716	883
717	179
717	210
717	219
717	448
717	471
717	518
717	704
717	718
717	828
717	900
717	961
718	19
718	465
718	608
718	687
718	717
718	726
718	747
718	774
718	955
718	976
718	993
719	51
719	126
719	137
719	258
719	459
719	501
719	598
719	622
719	673
719	696
719	975
720	67
720	155
720	604
720	802
720	843
720	849
720	869
720	899
720	901
720	929
720	938
721	5
721	79
721	142
721	152
721	563
721	744
721	804
721	810
721	845
721	866
721	960
722	43
722	151
722	341
722	397
722	446
722	528
722	664
722	734
722	778
722	991
722	996
723	106
723	139
723	422
723	516
723	543
723	621
723	681
723	695
723	795
723	856
723	982
724	120
724	160
724	276
724	351
724	556
724	593
724	638
724	667
724	708
724	761
724	881
725	15
725	100
725	153
725	231
725	480
725	544
725	753
725	804
725	845
725	959
725	981
726	186
726	670
726	683
726	718
726	747
726	775
726	779
726	882
726	955
726	976
726	993
727	346
727	362
727	378
727	499
727	565
727	614
727	803
727	820
727	838
727	983
727	988
728	57
728	277
728	436
728	484
728	585
728	602
728	659
728	681
728	856
728	893
728	987
729	89
729	109
729	272
729	333
729	334
729	489
729	554
729	809
729	925
729	953
729	960
730	137
730	270
730	306
730	433
730	507
730	696
730	884
730	970
730	974
730	975
730	986
731	145
731	219
731	236
731	250
731	282
731	513
731	587
731	791
731	841
731	864
731	876
732	416
732	459
732	462
732	490
732	503
732	640
732	739
732	827
732	831
732	980
732	999
733	16
733	104
733	162
733	166
733	247
733	589
733	603
733	614
733	624
733	626
733	936
733	956
734	30
734	43
734	115
734	163
734	354
734	616
734	722
734	822
734	937
734	982
734	991
734	996
735	67
735	118
735	183
735	208
735	381
735	508
735	550
735	651
735	855
735	875
735	895
735	939
736	180
736	251
736	399
736	409
736	445
736	505
736	630
736	699
736	827
736	933
736	954
736	990
737	257
737	453
737	486
737	512
737	634
737	693
737	781
737	787
737	948
737	958
737	965
737	992
738	34
738	44
738	106
738	465
738	470
738	583
738	605
738	615
738	779
738	862
738	955
738	976
739	4
739	211
739	262
739	311
739	380
739	416
739	503
739	640
739	646
739	732
739	831
739	980
740	204
740	335
740	494
740	777
740	806
740	815
740	816
740	834
740	896
740	919
740	946
740	985
741	72
741	76
741	215
741	347
741	349
741	431
741	459
741	602
741	767
741	812
741	831
741	999
742	5
742	230
742	393
742	415
742	692
742	715
742	747
742	770
742	806
742	834
742	919
742	946
743	140
743	154
743	391
743	541
743	658
743	679
743	820
743	832
743	890
743	943
743	950
743	953
744	33
744	42
744	131
744	382
744	468
744	544
744	563
744	697
744	721
744	845
744	863
744	981
745	82
745	124
745	193
745	321
745	612
745	623
745	627
745	633
745	868
745	875
745	878
745	921
746	403
746	573
746	576
746	588
746	590
746	669
746	682
746	691
746	712
746	874
746	949
746	994
747	44
747	240
747	465
747	641
747	683
747	698
747	718
747	726
747	742
747	785
747	882
747	955
748	64
748	236
748	280
748	282
748	308
748	448
748	455
748	611
748	749
748	791
748	905
748	927
749	280
749	367
749	455
749	492
749	565
749	611
749	748
749	828
749	876
749	900
749	935
749	972
750	17
750	90
750	196
750	282
750	296
750	300
750	635
750	835
750	894
750	898
750	957
750	986
751	75
751	117
751	128
751	297
751	364
751	502
751	551
751	645
751	756
751	784
751	788
751	917
752	21
752	216
752	278
752	344
752	478
752	535
752	561
752	759
752	786
752	851
752	867
752	969
753	100
753	131
753	482
753	563
753	725
753	768
753	810
753	863
753	866
753	886
753	940
753	981
754	18
754	176
754	389
754	491
754	522
754	660
754	830
754	835
754	858
754	898
754	932
754	957
755	262
755	343
755	384
755	411
755	558
755	562
755	618
755	694
755	809
755	907
755	908
755	928
756	117
756	128
756	161
756	185
756	187
756	207
756	320
756	396
756	582
756	751
756	782
756	819
757	1
757	219
757	308
757	419
757	485
757	513
757	584
757	791
757	800
757	961
757	967
757	972
758	45
758	101
758	273
758	281
758	293
758	551
758	639
758	642
758	783
758	892
758	910
758	912
759	149
759	164
759	197
759	406
759	535
759	675
759	752
759	760
759	786
759	867
759	944
759	964
760	100
760	467
760	480
760	497
760	500
760	557
760	759
760	804
760	888
760	959
760	981
760	997
761	60
761	109
761	160
761	345
761	379
761	494
761	547
761	556
761	724
761	854
761	872
761	949
762	47
762	133
762	220
762	233
762	444
762	512
762	634
762	703
762	787
762	865
762	965
762	992
763	2
763	83
763	196
763	256
763	309
763	315
763	548
763	555
763	625
763	870
763	957
763	986
764	49
764	112
764	224
764	255
764	261
764	322
764	591
764	792
764	823
764	843
764	869
764	938
765	2
765	63
765	83
765	279
765	300
765	548
765	571
765	625
765	635
765	878
765	889
765	932
766	349
766	380
766	416
766	427
766	640
766	767
766	776
766	785
766	804
766	812
766	923
766	999
767	33
767	48
767	380
767	459
767	462
767	490
767	517
767	578
767	741
767	766
767	785
767	831
768	5
768	42
768	152
768	283
768	290
768	500
768	563
768	753
768	804
768	821
768	866
768	910
769	132
769	265
769	314
769	437
769	553
769	624
769	626
769	713
769	790
769	797
769	846
769	956
770	18
770	188
770	255
770	570
770	661
770	692
770	742
770	806
770	816
770	879
770	896
770	940
771	6
771	156
771	184
771	235
771	330
771	546
771	789
771	814
771	825
771	861
771	915
771	951
772	169
772	366
772	402
772	429
772	594
772	636
772	677
772	701
772	805
772	947
772	970
772	984
773	176
773	252
773	279
773	523
773	571
773	617
773	660
773	889
773	894
773	957
773	981
773	986
774	34
774	78
774	240
774	467
774	470
774	583
774	608
774	665
774	718
774	775
774	882
774	976
775	240
775	605
775	685
775	726
775	774
775	779
775	862
775	882
775	904
775	911
775	955
775	976
776	181
776	349
776	459
776	462
776	484
776	646
776	766
776	785
776	831
776	923
776	980
776	999
777	60
777	73
777	85
777	345
777	387
777	418
777	556
777	601
777	708
777	709
777	740
777	854
778	43
778	122
778	125
778	157
778	341
778	528
778	549
778	722
778	817
778	979
778	982
778	991
779	19
779	221
779	377
779	641
779	685
779	698
779	726
779	738
779	775
779	821
779	955
779	976
780	134
780	257
780	421
780	481
780	504
780	579
780	632
780	808
780	832
780	848
780	936
780	943
781	25
781	40
781	47
781	59
781	86
781	378
781	414
781	486
781	676
781	697
781	737
781	992
782	46
782	150
782	218
782	364
782	396
782	475
782	487
782	525
782	656
782	756
782	789
782	978
783	68
783	167
783	271
783	293
783	560
783	575
783	639
783	678
783	758
783	857
783	910
783	956
784	158
784	184
784	218
784	244
784	473
784	493
784	551
784	582
784	620
784	751
784	819
784	978
785	4
785	48
785	76
785	211
785	462
785	519
785	640
785	747
785	766
785	767
785	776
785	812
786	111
786	149
786	171
786	197
786	477
786	478
786	632
786	752
786	759
786	842
786	851
786	964
787	11
787	59
787	233
787	385
787	430
787	453
787	486
787	512
787	737
787	762
787	948
787	965
788	128
788	161
788	320
788	364
788	373
788	441
788	442
788	537
788	597
788	663
788	695
788	751
789	110
789	361
789	410
789	546
789	552
789	672
789	771
789	782
789	861
789	914
789	915
789	951
790	190
790	201
790	305
790	334
790	339
790	418
790	437
790	509
790	769
790	840
790	846
790	956
791	146
791	179
791	250
791	342
791	529
791	611
791	731
791	748
791	757
791	903
791	961
791	967
792	337
792	348
792	466
792	469
792	524
792	764
792	802
792	823
792	824
792	849
792	955
792	1000
793	89
793	106
793	123
793	277
793	413
793	422
793	436
793	449
793	483
793	795
793	839
793	856
794	183
794	326
794	328
794	353
794	381
794	532
794	651
794	711
794	795
794	855
794	880
794	939
795	123
795	202
795	234
795	440
795	516
795	566
795	596
795	723
795	793
795	794
795	839
795	987
796	2
796	419
796	455
796	584
796	704
796	800
796	828
796	841
796	876
796	900
796	927
796	961
797	289
797	305
797	314
797	339
797	437
797	509
797	580
797	713
797	769
797	856
797	936
797	956
798	26
798	231
798	251
798	294
798	302
798	407
798	447
798	520
798	595
798	628
798	643
798	942
799	322
799	348
799	352
799	399
799	409
799	417
799	448
799	572
799	702
799	716
799	859
799	883
799	933
800	80
800	170
800	236
800	280
800	287
800	513
800	647
800	757
800	796
800	900
800	967
800	972
800	983
801	60
801	93
801	303
801	421
801	456
801	533
801	541
801	616
801	808
801	825
801	890
801	925
801	990
802	337
802	426
802	466
802	476
802	545
802	591
802	720
802	792
802	823
802	824
802	920
802	976
802	1000
803	35
803	55
803	203
803	205
803	332
803	358
803	454
803	650
803	707
803	727
803	808
803	838
803	983
804	152
804	324
804	497
804	721
804	725
804	760
804	766
804	768
804	810
804	811
804	821
804	886
804	997
805	15
805	95
805	169
805	266
805	398
805	402
805	429
805	476
805	521
805	649
805	772
805	806
805	971
806	168
806	472
806	559
806	689
806	692
806	715
806	740
806	742
806	770
806	805
806	909
806	985
806	995
807	3
807	193
807	237
807	243
807	371
807	612
807	633
807	670
807	818
807	844
807	878
807	885
807	968
808	87
808	153
808	421
808	780
808	801
808	803
808	890
808	943
808	960
808	963
808	989
808	990
808	992
809	3
809	11
809	36
809	452
809	637
809	694
809	729
809	755
809	837
809	897
809	907
809	928
809	962
810	24
810	100
810	239
810	290
810	324
810	434
810	480
810	721
810	753
810	804
810	851
810	886
810	981
811	33
811	99
811	239
811	245
811	274
811	290
811	480
811	497
811	563
811	804
811	863
811	888
811	959
812	4
812	347
812	380
812	462
812	517
812	553
812	578
812	603
812	640
812	741
812	766
812	785
812	923
813	86
813	311
813	430
813	444
813	458
813	634
813	676
813	814
813	865
813	948
813	958
813	965
813	992
814	6
814	70
814	156
814	184
814	225
814	383
814	423
814	771
814	813
814	852
814	914
814	915
814	924
815	78
815	202
815	246
815	329
815	370
815	404
815	435
815	631
815	740
815	896
815	946
815	985
815	995
816	188
816	204
816	246
816	335
816	440
816	451
816	506
816	740
816	770
816	896
816	940
816	985
816	995
817	30
817	151
817	354
817	528
817	778
817	818
817	822
817	922
817	937
817	979
817	982
817	991
817	996
818	223
818	321
818	371
818	450
818	538
818	627
818	662
818	670
818	807
818	817
818	875
818	885
818	968
819	117
819	207
819	297
819	331
819	373
819	502
819	645
819	656
819	663
819	756
819	784
819	886
819	978
820	82
820	98
820	136
820	288
820	346
820	356
820	405
820	454
820	707
820	727
820	743
820	837
820	838
821	24
821	142
821	239
821	274
821	554
821	768
821	779
821	804
821	863
821	866
821	886
821	888
821	997
822	24
822	52
822	81
822	199
822	341
822	705
822	734
822	817
822	841
822	979
822	982
822	991
822	996
823	34
823	38
823	261
823	369
823	397
823	604
823	764
823	792
823	802
823	849
823	869
823	929
823	1000
824	108
824	130
824	259
824	399
824	591
824	604
824	792
824	802
824	869
824	901
824	920
824	938
824	1000
825	154
825	295
825	391
825	421
825	541
825	616
825	655
825	771
825	801
825	890
825	925
825	963
825	989
826	67
826	71
826	94
826	118
826	238
826	312
826	325
826	381
826	425
826	529
826	574
826	627
826	939
827	84
827	107
827	173
827	352
827	407
827	595
827	600
827	702
827	716
827	732
827	736
827	883
827	954
828	146
828	177
828	282
828	289
828	523
828	529
828	647
828	717
828	749
828	796
828	841
828	927
828	961
829	22
829	57
829	212
829	226
829	277
829	400
829	422
829	436
829	449
829	463
829	488
829	516
829	948
830	63
830	74
830	130
830	408
830	555
830	577
830	635
830	653
830	754
830	860
830	870
830	889
830	986
831	72
831	181
831	459
831	519
831	646
831	732
831	739
831	741
831	767
831	776
831	846
831	923
831	980
832	185
832	261
832	336
832	386
832	489
832	581
832	632
832	666
832	679
832	743
832	780
832	953
832	963
833	9
833	19
833	221
833	260
833	340
833	377
833	465
833	470
833	542
833	615
833	683
833	882
833	976
834	188
834	230
834	284
834	404
834	407
834	415
834	494
834	692
834	740
834	742
834	879
834	940
834	995
835	172
835	252
835	296
835	310
835	527
835	653
835	750
835	754
835	870
835	890
835	898
835	932
835	957
836	16
836	104
836	121
836	166
836	195
836	305
836	394
836	580
836	585
836	706
836	713
836	846
836	936
837	3
837	8
837	36
837	61
837	263
837	267
837	384
837	618
837	809
837	820
837	907
837	908
837	962
838	92
838	198
838	205
838	288
838	332
838	454
838	525
838	650
838	727
838	803
838	820
838	840
838	916
839	62
839	106
839	139
839	209
839	228
839	303
839	460
839	461
839	484
839	488
839	543
839	793
839	795
840	16
840	166
840	298
840	339
840	509
840	580
840	648
840	706
840	790
840	838
840	846
840	936
840	956
841	471
841	513
841	518
841	523
841	529
841	584
841	731
841	796
841	822
841	828
841	927
841	935
841	967
842	50
842	164
842	242
842	278
842	317
842	323
842	406
842	586
842	607
842	671
842	675
842	786
842	964
843	49
843	112
843	255
843	524
843	545
843	680
843	720
843	764
843	845
843	849
843	869
843	929
843	1000
844	53
844	61
844	124
844	189
844	497
844	623
844	633
844	662
844	807
844	875
844	885
844	921
844	945
845	5
845	24
845	39
845	42
845	142
845	382
845	480
845	544
845	721
845	725
845	744
845	843
845	959
846	132
846	195
846	260
846	334
846	401
846	437
846	603
846	769
846	790
846	831
846	836
846	840
846	936
847	29
847	182
847	306
847	368
847	610
847	637
847	673
847	696
847	703
847	884
847	903
847	970
847	974
848	19
848	87
848	109
848	275
848	285
848	303
848	437
848	530
848	554
848	632
848	780
848	925
848	950
848	990
849	213
849	255
849	342
849	466
849	469
849	509
849	524
849	604
849	720
849	792
849	823
849	843
849	901
849	1000
850	148
850	203
850	316
850	399
850	400
850	417
850	443
850	505
850	613
850	699
850	883
850	933
850	942
850	966
851	32
851	50
851	171
851	313
851	344
851	478
851	561
851	671
851	752
851	786
851	810
851	867
851	944
851	964
852	31
852	105
852	184
852	232
852	319
852	361
852	381
852	383
852	546
852	672
852	814
852	853
852	914
852	924
853	70
853	225
853	232
853	319
853	355
853	361
853	552
853	852
853	861
853	904
853	914
853	924
853	951
853	988
854	56
854	60
854	351
854	439
854	515
854	547
854	556
854	601
854	668
854	708
854	761
854	777
854	881
854	999
855	71
855	194
855	222
855	238
855	312
855	325
855	425
855	508
855	534
855	735
855	794
855	895
855	901
855	939
856	69
856	106
856	138
856	441
856	449
856	461
856	484
856	543
856	621
856	644
856	723
856	728
856	793
856	797
857	54
857	167
857	191
857	235
857	271
857	273
857	281
857	464
857	564
857	568
857	783
857	877
857	910
857	912
858	41
858	279
858	310
858	359
858	389
858	408
858	580
858	617
858	754
858	870
858	894
858	898
858	971
858	986
859	203
859	206
859	294
859	399
859	409
859	520
859	628
859	630
859	716
859	799
859	917
859	920
859	954
859	966
860	2
860	90
860	172
860	196
860	256
860	363
860	367
860	491
860	571
860	577
860	830
860	889
860	894
860	932
861	180
861	184
861	301
861	319
861	330
861	383
861	428
861	599
861	771
861	789
861	853
861	915
861	924
861	951
862	34
862	174
862	186
862	316
862	340
862	470
862	605
862	615
862	685
862	698
862	738
862	775
862	882
862	911
863	24
863	25
863	231
863	467
863	480
863	557
863	563
863	744
863	753
863	811
863	821
863	866
863	959
863	997
864	64
864	170
864	177
864	179
864	200
864	287
864	367
864	448
864	611
864	647
864	651
864	731
864	876
864	972
865	25
865	59
865	133
865	220
865	311
865	385
865	414
865	458
865	693
865	762
865	813
865	948
865	953
865	958
866	27
866	152
866	245
866	274
866	283
866	443
866	721
866	753
866	768
866	821
866	863
866	888
866	981
866	997
867	21
867	197
867	317
867	323
867	335
867	477
867	492
867	535
867	586
867	671
867	752
867	759
867	851
867	944
868	53
868	238
868	243
868	253
868	321
868	450
868	538
868	627
868	638
868	662
868	745
868	885
868	921
868	945
869	112
869	240
869	342
869	524
869	619
869	680
869	720
869	764
869	823
869	824
869	843
869	899
869	920
869	929
870	17
870	63
870	279
870	359
870	463
870	491
870	527
870	763
870	830
870	835
870	858
870	894
870	898
870	988
871	14
871	35
871	92
871	205
871	356
871	378
871	525
871	606
871	614
871	652
871	686
871	874
871	983
871	988
872	56
872	85
872	160
872	351
872	379
872	387
872	515
872	555
872	593
872	667
872	684
872	690
872	761
872	949
873	82
873	96
873	98
873	99
873	136
873	318
873	356
873	606
873	611
873	614
873	700
873	707
873	916
873	988
874	20
874	135
874	214
874	227
874	268
874	576
874	691
874	712
874	746
874	871
874	885
874	902
874	913
874	994
875	189
875	243
875	253
875	321
875	623
875	627
875	662
875	735
875	745
875	818
875	844
875	885
875	921
875	968
876	448
876	518
876	523
876	584
876	647
876	680
876	731
876	749
876	796
876	864
876	935
876	961
876	967
876	972
877	68
877	293
877	464
877	470
877	560
877	575
877	639
877	642
877	652
877	701
877	857
877	892
877	912
877	958
878	237
878	321
878	432
878	450
878	538
878	612
878	638
878	670
878	745
878	765
878	807
878	885
878	945
878	968
879	18
879	37
879	116
879	211
879	327
879	370
879	393
879	661
879	692
879	770
879	834
879	930
879	940
879	946
880	118
880	217
880	222
880	238
880	325
880	326
880	508
880	532
880	574
880	654
880	711
880	794
880	895
880	978
881	276
881	351
881	418
881	439
881	547
881	593
881	667
881	668
881	684
881	709
881	724
881	854
881	949
881	975
882	186
882	465
882	583
882	615
882	687
882	726
882	747
882	774
882	775
882	833
882	862
882	884
882	955
882	976
883	294
883	316
883	352
883	445
883	505
883	595
883	600
883	613
883	716
883	799
883	827
883	850
883	917
883	954
884	12
884	122
884	137
884	258
884	292
884	350
884	375
884	501
884	610
884	703
884	730
884	847
884	882
884	975
885	88
885	189
885	371
885	538
885	612
885	675
885	807
885	818
885	844
885	868
885	874
885	875
885	878
885	921
886	33
886	39
886	274
886	283
886	324
886	482
886	497
886	753
886	804
886	810
886	819
886	821
886	959
886	997
887	47
887	133
887	233
887	311
887	365
887	458
887	499
887	512
887	517
887	697
887	948
887	965
887	992
887	994
888	24
888	33
888	152
888	239
888	274
888	324
888	382
888	462
888	467
888	544
888	760
888	811
888	821
888	866
889	2
889	279
889	309
889	310
889	660
889	765
889	773
889	830
889	860
889	894
889	898
889	915
889	957
889	986
890	140
890	295
890	303
890	587
890	616
890	655
890	658
890	743
890	801
890	808
890	825
890	835
890	893
890	953
891	95
891	229
891	307
891	374
891	398
891	402
891	428
891	521
891	645
891	677
891	906
891	934
891	947
891	971
891	998
892	101
892	191
892	269
892	293
892	412
892	564
892	568
892	575
892	639
892	642
892	678
892	758
892	877
892	896
892	910
893	22
893	138
893	139
893	202
893	400
893	413
893	419
893	461
893	483
893	488
893	516
893	596
893	728
893	890
893	987
894	41
894	97
894	176
894	196
894	309
894	336
894	363
894	555
894	653
894	750
894	773
894	858
894	860
894	870
894	889
895	94
895	118
895	129
895	146
895	222
895	325
895	425
895	508
895	534
895	550
895	654
895	735
895	855
895	880
895	939
896	18
896	78
896	329
896	404
896	451
896	472
896	715
896	740
896	770
896	815
896	816
896	892
896	909
896	940
896	946
897	58
897	61
897	119
897	148
897	384
897	427
897	461
897	531
897	558
897	562
897	618
897	809
897	908
897	962
897	973
898	2
898	41
898	154
898	309
898	491
898	571
898	635
898	750
898	754
898	835
898	858
898	870
898	889
898	932
898	986
899	49
899	70
899	108
899	130
899	337
899	342
899	369
899	397
899	454
899	466
899	591
899	604
899	720
899	869
899	938
900	1
900	64
900	177
900	455
900	492
900	518
900	523
900	532
900	647
900	717
900	749
900	796
900	800
900	935
900	972
901	38
901	130
901	255
901	259
901	261
901	369
901	469
901	720
901	824
901	849
901	855
901	925
901	929
901	938
901	1000
902	20
902	23
902	141
902	167
902	175
902	539
902	588
902	669
902	682
902	688
902	712
902	714
902	874
902	913
902	994
903	122
903	241
903	350
903	395
903	479
903	592
903	598
903	622
903	673
903	696
903	791
903	847
903	970
903	974
903	975
904	143
904	147
904	180
904	232
904	330
904	423
904	438
904	552
904	669
904	672
904	775
904	853
904	915
904	924
904	951
905	61
905	263
905	267
905	291
905	392
905	411
905	531
905	558
905	567
905	637
905	748
905	907
905	908
905	946
905	962
906	97
906	169
906	266
906	366
906	429
906	540
906	649
906	671
906	674
906	891
906	931
906	934
906	952
906	984
906	998
907	11
907	13
907	291
907	384
907	410
907	562
907	710
907	755
907	809
907	837
907	905
907	909
907	928
907	947
907	973
908	3
908	58
908	345
908	452
908	468
908	531
908	562
908	637
908	710
908	755
908	837
908	897
908	905
908	962
908	973
909	116
909	127
909	335
909	453
909	472
909	494
909	506
909	559
909	692
909	806
909	896
909	907
909	930
909	946
909	985
910	94
910	101
910	167
910	191
910	273
910	390
910	412
910	568
910	642
910	678
910	758
910	768
910	783
910	857
910	892
911	65
911	174
911	340
911	377
911	542
911	605
911	615
911	683
911	685
911	698
911	775
911	862
911	959
911	976
911	993
912	54
912	68
912	191
912	248
912	269
912	271
912	273
912	412
912	464
912	469
912	584
912	652
912	758
912	857
912	877
913	23
913	129
913	141
913	304
913	539
913	562
913	573
913	590
913	642
913	682
913	688
913	691
913	874
913	902
913	977
914	143
914	147
914	225
914	235
914	319
914	383
914	438
914	672
914	789
914	814
914	852
914	853
914	924
914	951
914	957
915	6
915	110
915	143
915	330
915	423
915	546
915	599
915	771
915	789
915	814
915	861
915	889
915	904
915	920
915	951
916	35
916	205
916	288
916	346
916	358
916	362
916	405
916	454
916	525
916	565
916	606
916	707
916	838
916	873
916	970
917	84
917	203
917	294
917	302
917	316
917	352
917	399
917	407
917	443
917	572
917	699
917	751
917	859
917	883
917	966
918	77
918	153
918	155
918	185
918	216
918	336
918	504
918	541
918	644
918	658
918	926
918	943
918	953
918	989
918	990
919	168
919	186
919	329
919	335
919	357
919	451
919	506
919	570
919	631
919	689
919	692
919	740
919	742
919	985
919	995
920	108
920	112
920	130
920	213
920	249
920	337
920	369
920	426
920	466
920	469
920	802
920	824
920	859
920	869
920	915
921	36
921	53
921	88
921	193
921	237
921	253
921	450
921	623
921	745
921	844
921	868
921	875
921	885
921	945
921	968
922	52
922	81
922	125
922	157
922	163
922	242
922	664
922	705
922	817
922	926
922	937
922	979
922	982
922	991
922	996
923	72
923	76
923	215
923	226
923	349
923	416
923	459
923	490
923	503
923	519
923	636
923	701
923	766
923	776
923	812
923	831
924	105
924	143
924	184
924	225
924	232
924	355
924	438
924	472
924	672
924	814
924	852
924	853
924	861
924	904
924	914
924	951
925	91
925	144
925	192
925	391
925	496
925	504
925	616
925	666
925	729
925	801
925	825
925	848
925	901
925	943
925	967
925	989
926	89
926	114
926	275
926	496
926	533
926	554
926	653
926	655
926	666
926	918
926	922
926	950
926	953
926	963
926	989
926	990
927	30
927	145
927	264
927	282
927	287
927	419
927	471
927	492
927	584
927	586
927	647
927	748
927	796
927	828
927	841
927	935
928	11
928	148
928	267
928	295
928	343
928	384
928	392
928	410
928	495
928	558
928	562
928	579
928	637
928	755
928	809
928	907
929	108
929	178
929	213
929	249
929	259
929	261
929	342
929	426
929	591
929	610
929	680
929	720
929	823
929	843
929	869
929	901
930	37
930	116
930	118
930	335
930	415
930	451
930	472
930	494
930	510
930	559
930	631
930	879
930	909
930	950
930	985
930	995
931	15
931	97
931	121
931	456
931	476
931	592
931	594
931	636
931	674
931	677
931	701
931	906
931	947
931	952
931	971
931	998
932	74
932	83
932	90
932	310
932	548
932	555
932	569
932	625
932	635
932	754
932	765
932	835
932	860
932	898
932	933
932	935
933	26
933	251
933	294
933	315
933	348
933	407
933	445
933	643
933	699
933	736
933	799
933	850
933	932
933	935
933	942
933	966
934	10
934	15
934	229
934	234
934	366
934	456
934	511
934	521
934	540
934	629
934	649
934	674
934	891
934	906
934	947
934	971
935	219
935	280
935	455
935	518
935	529
935	611
935	647
935	749
935	841
935	876
935	900
935	927
935	932
935	933
935	961
935	972
936	195
936	339
936	401
936	437
936	526
936	589
936	624
936	626
936	667
936	733
936	780
936	797
936	836
936	840
936	846
936	956
937	30
937	52
937	81
937	115
937	125
937	199
937	286
937	487
937	705
937	734
937	817
937	922
937	979
937	982
937	991
937	996
938	108
938	162
938	213
938	224
938	261
938	337
938	397
938	466
938	469
938	545
938	619
938	720
938	764
938	824
938	899
938	901
939	217
939	238
939	325
939	328
939	353
939	425
939	508
939	532
939	534
939	651
939	735
939	794
939	826
939	855
939	895
939	969
940	18
940	116
940	188
940	327
940	328
940	494
940	510
940	570
940	715
940	753
940	770
940	816
940	834
940	879
940	896
940	985
940	995
941	85
941	160
941	168
941	194
941	276
941	379
941	387
941	418
941	439
941	515
941	547
941	593
941	601
941	617
941	668
941	708
941	709
942	26
942	29
942	84
942	173
942	315
942	388
942	417
942	445
942	505
942	572
942	643
942	699
942	798
942	850
942	933
942	944
942	954
943	91
943	109
943	154
943	204
943	496
943	530
943	531
943	609
943	658
943	679
943	743
943	780
943	808
943	918
943	925
943	950
943	953
944	21
944	111
944	149
944	181
944	197
944	278
944	323
944	344
944	406
944	478
944	535
944	607
944	759
944	851
944	867
944	942
944	964
945	53
945	88
945	124
945	189
945	253
945	321
945	432
945	538
945	576
945	623
945	627
945	638
945	670
945	844
945	868
945	878
945	921
946	37
946	87
946	230
946	284
946	327
946	370
946	435
946	494
946	570
946	740
946	742
946	815
946	879
946	896
946	905
946	909
946	985
947	95
947	121
947	229
947	398
947	433
947	456
947	521
947	629
947	636
947	674
947	772
947	891
947	907
947	931
947	934
947	984
947	997
948	40
948	47
948	59
948	233
948	248
948	430
948	634
948	676
948	693
948	697
948	737
948	787
948	813
948	829
948	865
948	887
948	965
949	73
949	160
949	194
949	345
949	379
949	418
949	556
949	601
949	615
949	668
949	690
949	708
949	709
949	746
949	761
949	872
949	881
950	140
950	257
950	303
950	481
950	489
950	530
950	539
950	587
950	658
950	679
950	743
950	848
950	926
950	930
950	943
950	953
950	989
951	48
951	70
951	110
951	143
951	147
951	225
951	438
951	547
951	672
951	771
951	789
951	853
951	861
951	904
951	914
951	915
951	924
952	97
952	307
952	366
952	398
952	428
952	429
952	456
952	594
952	629
952	677
952	701
952	706
952	906
952	931
952	956
952	971
952	984
953	89
953	257
953	295
953	336
953	420
953	581
953	609
953	729
953	743
953	832
953	865
953	890
953	918
953	926
953	943
953	950
953	990
954	84
954	107
954	173
954	302
954	322
954	388
954	445
954	477
954	595
954	604
954	613
954	643
954	736
954	827
954	859
954	883
954	942
955	19
955	44
955	165
955	542
955	608
955	615
955	641
955	683
955	687
955	718
955	726
955	738
955	747
955	775
955	779
955	792
955	882
956	16
956	159
956	162
956	190
956	247
956	254
956	289
956	585
956	603
956	733
956	769
956	783
956	790
956	797
956	840
956	936
956	952
957	74
957	196
957	279
957	296
957	363
957	408
957	569
957	577
957	617
957	625
957	750
957	754
957	763
957	773
957	835
957	889
957	914
957	972
958	40
958	59
958	220
958	233
958	365
958	385
958	414
958	444
958	486
958	499
958	697
958	737
958	813
958	865
958	877
958	965
958	973
958	992
959	79
959	131
959	142
959	231
959	239
959	283
959	290
959	324
959	431
959	500
959	725
959	760
959	811
959	845
959	863
959	886
959	911
959	999
960	89
960	91
960	144
960	192
960	272
960	285
960	520
960	554
960	579
960	581
960	666
960	679
960	721
960	729
960	808
960	963
960	989
960	990
961	210
961	282
961	287
961	419
961	513
961	584
961	611
961	659
961	704
961	717
961	757
961	791
961	796
961	828
961	876
961	935
961	967
961	972
962	11
962	58
962	343
962	380
962	396
962	410
962	411
962	457
962	468
962	558
962	567
962	694
962	809
962	837
962	897
962	905
962	908
962	973
963	77
963	93
963	109
963	157
963	272
963	386
963	420
963	481
963	496
963	554
963	656
963	666
963	808
963	825
963	832
963	926
963	960
963	990
964	111
964	149
964	171
964	313
964	317
964	372
964	424
964	477
964	561
964	601
964	607
964	675
964	759
964	786
964	842
964	851
964	944
964	969
965	38
965	47
965	311
965	365
965	444
965	453
965	634
965	693
965	697
965	737
965	762
965	787
965	813
965	887
965	948
965	958
965	966
965	992
966	84
966	251
966	302
966	315
966	322
966	388
966	409
966	443
966	520
966	595
966	613
966	628
966	850
966	859
966	917
966	933
966	965
966	967
967	64
967	145
967	170
967	264
967	280
967	287
967	367
967	471
967	492
967	513
967	757
967	791
967	800
967	841
967	876
967	925
967	961
967	966
968	53
968	91
968	223
968	237
968	243
968	253
968	321
968	371
968	612
968	623
968	633
968	670
968	807
968	818
968	875
968	878
968	921
968	971
969	21
969	50
969	111
969	171
969	317
969	323
969	344
969	372
969	424
969	477
969	478
969	535
969	536
969	586
969	607
969	752
969	939
969	964
970	29
970	51
970	137
970	241
970	350
970	368
970	375
970	507
970	592
970	610
970	673
970	696
970	703
970	730
970	772
970	847
970	903
970	916
971	95
971	374
971	428
971	429
971	433
971	456
971	594
971	636
971	649
971	701
971	805
971	858
971	891
971	931
971	934
971	952
971	968
971	984
972	146
972	170
972	200
972	219
972	236
972	308
972	492
972	584
972	647
972	749
972	757
972	800
972	864
972	876
972	900
972	935
972	957
972	961
972	974
973	3
973	8
973	13
973	58
973	267
973	343
973	411
973	468
973	562
973	567
973	618
973	634
973	637
973	710
973	897
973	907
973	908
973	958
973	962
974	12
974	51
974	122
974	126
974	208
974	241
974	292
974	350
974	474
974	479
974	485
974	515
974	592
974	696
974	703
974	730
974	847
974	903
974	972
975	29
975	122
975	126
975	182
975	241
975	306
975	375
975	395
975	479
975	485
975	526
975	598
975	622
975	703
975	719
975	730
975	881
975	884
975	903
976	165
976	174
976	186
976	377
976	542
976	641
976	685
976	698
976	718
976	726
976	738
976	774
976	775
976	779
976	802
976	833
976	882
976	911
976	993
977	141
977	175
977	209
977	214
977	227
977	268
977	299
977	304
977	403
977	576
977	643
977	657
977	682
977	688
977	691
977	712
977	714
977	913
977	994
978	6
978	46
978	150
978	161
978	187
978	218
978	297
978	331
978	373
978	475
978	487
978	537
978	551
978	597
978	663
978	782
978	784
978	819
978	880
979	43
979	52
979	151
979	157
979	242
979	276
979	286
979	354
979	528
979	549
979	664
979	705
979	778
979	817
979	822
979	922
979	937
979	991
979	996
980	48
980	76
980	211
980	226
980	329
980	347
980	349
980	427
980	435
980	462
980	490
980	503
980	517
980	519
980	646
980	732
980	739
980	776
980	831
981	27
981	42
981	79
981	239
981	283
981	325
981	382
981	431
981	467
981	482
981	544
981	725
981	744
981	753
981	760
981	773
981	810
981	866
981	997
982	7
982	52
982	126
982	151
982	163
982	286
982	341
982	354
982	528
982	549
982	705
982	723
982	734
982	778
982	817
982	822
982	922
982	937
982	991
983	98
983	99
983	136
983	192
983	198
983	265
983	288
983	358
983	362
983	378
983	405
983	565
983	614
983	686
983	707
983	727
983	800
983	803
983	871
984	95
984	121
984	266
984	275
984	366
984	374
984	428
984	433
984	540
984	594
984	629
984	677
984	701
984	772
984	906
984	947
984	952
984	971
984	998
985	112
985	284
985	357
985	370
985	393
985	404
985	494
985	559
985	661
985	740
985	806
985	815
985	816
985	909
985	919
985	930
985	940
985	946
985	989
986	17
986	41
986	74
986	83
986	128
986	296
986	310
986	408
986	577
986	625
986	635
986	730
986	750
986	763
986	773
986	830
986	858
986	889
986	898
987	22
987	28
987	57
987	62
987	69
987	139
987	143
987	228
987	277
987	413
987	463
987	482
987	484
987	659
987	681
987	695
987	728
987	795
987	893
988	14
988	66
988	98
988	99
988	205
988	288
988	346
988	358
988	360
988	565
988	606
988	614
988	650
988	686
988	727
988	853
988	870
988	871
988	873
989	77
989	114
989	134
989	185
989	275
989	285
989	333
989	336
989	530
989	533
989	626
989	808
989	825
989	918
989	925
989	926
989	950
989	960
989	985
990	114
990	185
990	272
990	333
990	336
990	382
990	391
990	421
990	579
990	581
990	655
990	736
990	801
990	808
990	848
990	918
990	926
990	953
990	960
990	963
991	81
991	115
991	163
991	199
991	242
991	269
991	354
991	549
991	647
991	664
991	705
991	722
991	734
991	778
991	817
991	822
991	922
991	937
991	979
991	982
992	25
992	84
992	86
992	220
992	233
992	385
992	414
992	430
992	453
992	486
992	512
992	697
992	737
992	762
992	781
992	808
992	813
992	887
992	958
992	965
993	34
993	44
993	65
993	132
993	165
993	174
993	221
993	240
993	340
993	377
993	583
993	605
993	646
993	683
993	685
993	687
993	718
993	726
993	911
993	976
994	175
994	209
994	227
994	268
994	403
994	539
994	573
994	576
994	588
994	590
994	669
994	682
994	685
994	688
994	714
994	746
994	874
994	887
994	902
994	977
995	116
995	141
995	168
995	230
995	284
995	357
995	376
995	404
995	451
995	472
995	510
995	661
995	806
995	815
995	816
995	834
995	919
995	930
995	940
995	996
996	43
996	52
996	151
996	163
996	199
996	242
996	286
996	341
996	363
996	446
996	664
996	705
996	722
996	734
996	817
996	822
996	922
996	937
996	979
996	995
997	5
997	27
997	33
997	39
997	100
997	245
997	283
997	431
997	434
997	467
997	557
997	701
997	760
997	804
997	821
997	863
997	866
997	886
997	947
997	981
998	97
998	229
998	266
998	307
998	402
998	428
998	429
998	432
998	476
998	511
998	521
998	540
998	594
998	677
998	686
998	701
998	891
998	906
998	931
998	984
999	4
999	72
999	211
999	215
999	226
999	262
999	347
999	349
999	380
999	503
999	517
999	519
999	578
999	640
999	732
999	741
999	766
999	776
999	854
999	959
1000	38
1000	124
1000	130
1000	155
1000	178
1000	249
1000	250
1000	337
1000	342
1000	369
1000	545
1000	619
1000	680
1000	792
1000	802
1000	823
1000	824
1000	843
1000	849
1000	901
