1	2
1	274
1	349
1	769
1	826
2	1
2	465
2	467
2	647
2	890
3	556
3	592
3	932
3	954
3	990
4	165
4	546
4	651
4	867
4	875
5	188
5	402
5	659
5	879
5	967
6	45
6	633
6	794
6	970
6	978
7	154
7	551
7	858
7	924
7	980
8	166
8	469
8	715
8	787
8	830
9	202
9	492
9	525
9	641
9	702
10	599
10	814
10	872
10	877
10	909
11	419
11	538
11	726
11	770
11	886
12	120
12	271
12	417
12	917
12	934
13	704
13	878
13	961
13	964
13	981
14	34
14	869
14	878
14	898
14	958
15	340
15	878
15	886
15	906
15	972
16	704
16	705
16	763
16	951
16	981
17	459
17	891
17	935
17	947
17	956
18	885
18	938
18	940
18	969
18	987
19	54
19	72
19	604
19	700
19	932
20	416
20	883
20	951
20	959
20	981
21	28
21	186
21	422
21	566
21	881
22	449
22	598
22	712
22	949
22	977
23	611
23	620
23	709
23	777
23	882
24	208
24	771
24	778
24	796
24	850
25	335
25	672
25	708
25	954
25	974
26	198
26	249
26	320
26	865
26	976
27	374
27	502
27	733
27	837
27	902
28	21
28	624
28	721
28	727
28	935
29	501
29	580
29	701
29	874
29	902
30	210
30	486
30	514
30	614
30	861
31	226
31	939
31	962
31	965
31	988
32	50
32	107
32	363
32	392
32	772
33	416
33	540
33	544
33	568
33	933
34	14
34	670
34	898
34	912
34	968
35	212
35	290
35	804
35	811
35	979
36	301
36	421
36	604
36	761
36	884
37	689
37	691
37	831
37	919
37	989
38	524
38	797
38	921
38	970
38	978
39	305
39	637
39	929
39	952
39	972
40	211
40	531
40	540
40	615
40	824
41	43
41	143
41	349
41	888
41	994
42	220
42	730
42	821
42	885
42	987
43	41
43	125
43	198
43	301
43	309
44	687
44	807
44	889
44	903
44	996
45	6
45	791
45	837
45	877
45	965
46	405
46	649
46	684
46	856
46	948
47	762
47	772
47	873
47	948
47	966
48	285
48	734
48	894
48	901
48	941
49	153
49	765
49	911
49	916
49	934
50	32
50	518
50	668
50	804
50	985
51	174
51	810
51	911
51	927
51	970
52	634
52	651
52	725
52	864
52	943
53	556
53	821
53	949
53	950
53	960
54	19
54	657
54	730
54	843
54	891
55	70
55	664
55	737
55	918
55	923
56	251
56	554
56	614
56	897
56	960
57	253
57	427
57	710
57	750
57	868
58	92
58	283
58	914
58	953
58	982
59	822
59	865
59	959
59	975
59	994
60	313
60	848
60	905
60	941
60	983
61	794
61	840
61	909
61	978
61	984
62	123
62	170
62	873
62	919
62	988
63	361
63	440
63	793
63	815
63	826
64	742
64	758
64	803
64	926
64	989
65	102
65	517
65	551
65	857
65	923
66	68
66	344
66	348
66	975
66	976
67	541
67	812
67	955
67	959
67	968
68	66
68	446
68	596
68	811
68	899
69	179
69	275
69	716
69	792
69	941
70	55
70	620
70	657
70	672
70	696
71	699
71	702
71	708
71	838
71	965
72	19
72	378
72	504
72	834
72	985
73	750
73	844
73	876
73	942
73	980
74	582
74	632
74	850
74	890
74	948
75	413
75	663
75	698
75	811
75	979
76	92
76	193
76	547
76	604
76	770
77	641
77	829
77	852
77	922
77	946
78	773
78	859
78	895
78	966
78	997
79	425
79	493
79	708
79	932
79	954
80	518
80	909
80	975
80	980
80	999
81	150
81	608
81	674
81	798
81	994
82	603
82	825
82	835
82	889
82	962
83	664
83	679
83	836
83	850
83	948
84	645
84	768
84	822
84	976
84	991
85	698
85	834
85	837
85	899
85	929
86	617
86	696
86	886
86	914
86	923
87	197
87	376
87	589
87	912
87	958
88	442
88	671
88	796
88	907
88	937
89	218
89	831
89	856
89	860
89	989
90	535
90	570
90	758
90	801
90	867
91	382
91	397
91	827
91	880
91	987
92	58
92	76
92	191
92	510
92	773
93	238
93	399
93	600
93	914
93	941
94	301
94	363
94	884
94	956
94	999
95	97
95	350
95	769
95	898
95	923
96	150
96	247
96	261
96	452
96	944
97	95
97	141
97	658
97	747
97	872
98	516
98	852
98	882
98	891
98	922
99	531
99	842
99	871
99	940
99	944
100	717
100	744
100	746
100	929
100	949
101	164
101	347
101	507
101	516
101	933
102	65
102	268
102	857
102	941
102	963
103	474
103	647
103	907
103	937
103	969
104	203
104	974
104	988
104	990
104	992
105	290
105	666
105	778
105	853
105	967
106	422
106	641
106	728
106	824
106	871
107	32
107	336
107	669
107	851
107	983
108	202
108	355
108	578
108	585
108	692
109	112
109	509
109	647
109	731
109	907
110	749
110	927
110	928
110	970
110	990
111	663
111	767
111	818
111	867
111	944
112	109
112	509
112	646
112	907
112	955
113	421
113	855
113	888
113	893
113	914
114	567
114	665
114	803
114	866
114	989
115	682
115	837
115	930
115	937
115	942
116	369
116	438
116	588
116	789
116	818
117	281
117	384
117	500
117	557
117	666
118	434
118	549
118	896
118	963
118	993
119	202
119	489
119	554
119	819
119	861
120	12
120	597
120	843
120	941
120	965
121	249
121	825
121	833
121	857
121	868
122	738
122	785
122	866
122	926
122	930
123	62
123	572
123	886
123	914
123	993
124	278
124	549
124	638
124	799
124	981
125	43
125	615
125	649
125	710
125	831
126	591
126	800
126	806
126	966
126	993
127	862
127	957
127	986
127	997
127	998
128	609
128	695
128	831
128	860
128	989
129	696
129	806
129	832
129	980
129	993
130	473
130	753
130	826
130	962
130	997
131	662
131	668
131	763
131	770
131	986
132	541
132	582
132	624
132	743
132	960
133	486
133	686
133	706
133	980
133	993
134	898
134	912
134	914
134	953
134	958
135	152
135	622
135	746
135	969
135	995
136	305
136	389
136	671
136	791
136	973
137	437
137	661
137	916
137	934
137	991
138	386
138	509
138	646
138	907
138	969
139	449
139	557
139	771
139	948
139	951
140	482
140	634
140	818
140	906
140	953
141	97
141	199
141	291
141	532
141	859
142	396
142	638
142	709
142	778
142	853
143	41
143	344
143	768
143	855
143	959
144	669
144	770
144	851
144	898
144	986
145	215
145	616
145	735
145	832
145	851
146	424
146	600
146	651
146	663
146	864
147	175
147	297
147	656
147	824
147	877
148	541
148	706
148	819
148	960
148	986
149	441
149	737
149	894
149	963
149	1000
150	81
150	96
150	250
150	387
150	842
151	669
151	676
151	772
151	804
151	929
152	135
152	480
152	778
152	929
152	949
153	49
153	277
153	758
153	864
153	982
154	7
154	452
154	846
154	852
154	946
155	629
155	842
155	898
155	918
155	958
156	544
156	862
156	884
156	919
156	962
157	711
157	820
157	827
157	846
157	866
158	511
158	717
158	742
158	926
158	964
159	244
159	378
159	431
159	494
159	851
160	862
160	964
160	971
160	997
160	998
161	253
161	455
161	538
161	623
161	992
162	544
162	847
162	881
162	937
162	959
163	368
163	550
163	718
163	753
163	972
164	101
164	248
164	573
164	739
164	933
165	4
165	501
165	878
165	920
165	972
166	8
166	533
166	542
166	941
166	952
167	398
167	540
167	544
167	906
167	933
168	633
168	838
168	900
168	974
168	976
169	515
169	619
169	713
169	874
169	879
170	62
170	646
170	762
170	825
170	998
171	263
171	361
171	730
171	815
171	816
172	590
172	658
172	955
172	982
172	1000
173	314
173	601
173	709
173	714
173	870
174	51
174	221
174	633
174	776
174	970
175	147
175	525
175	694
175	863
175	944
176	779
176	829
176	853
176	862
176	977
177	381
177	748
177	781
177	955
177	959
178	208
178	356
178	369
178	465
178	517
179	69
179	345
179	447
179	823
179	893
180	230
180	517
180	796
180	914
180	969
181	259
181	433
181	492
181	576
181	996
182	473
182	670
182	769
182	886
182	958
183	508
183	624
183	783
183	896
183	960
184	527
184	850
184	853
184	948
184	997
185	545
185	916
185	917
185	970
185	991
186	21
186	748
186	781
186	797
186	989
187	450
187	748
187	812
187	955
187	959
188	5
188	925
188	936
188	983
188	995
189	668
189	740
189	772
189	851
189	986
190	283
190	604
190	625
190	977
190	986
191	92
191	287
191	863
191	968
191	997
192	695
192	764
192	849
192	876
192	973
193	76
193	333
193	728
193	735
193	911
194	341
194	477
194	911
194	916
194	934
195	699
195	792
195	954
195	974
195	991
196	265
196	381
196	653
196	714
196	954
197	87
197	311
197	362
197	538
197	914
197	958
198	26
198	43
198	363
198	963
198	976
198	991
199	141
199	486
199	605
199	812
199	859
199	959
200	317
200	795
200	834
200	899
200	907
200	979
201	347
201	507
201	731
201	739
201	781
201	819
202	9
202	108
202	119
202	395
202	920
202	972
203	104
203	602
203	810
203	862
203	889
203	992
204	488
204	569
204	778
204	808
204	956
204	960
205	448
205	587
205	626
205	906
205	980
205	993
206	222
206	589
206	816
206	880
206	887
206	947
207	459
207	649
207	759
207	813
207	882
207	985
208	24
208	178
208	666
208	775
208	778
208	814
209	323
209	442
209	622
209	677
209	826
209	929
210	30
210	350
210	647
210	937
210	969
210	999
211	40
211	648
211	824
211	944
211	968
211	972
212	35
212	217
212	486
212	555
212	635
212	864
213	835
213	868
213	884
213	919
213	957
213	972
214	445
214	567
214	760
214	803
214	866
214	1000
215	145
215	541
215	808
215	861
215	898
215	935
216	297
216	894
216	913
216	945
216	948
216	965
217	212
217	264
217	368
217	747
217	856
217	881
218	89
218	471
218	555
218	781
218	859
218	959
219	391
219	519
219	554
219	692
219	795
219	920
220	42
220	476
220	490
220	844
220	942
220	995
221	174
221	496
221	671
221	824
221	874
221	973
222	206
222	581
222	900
222	912
222	932
222	974
223	430
223	752
223	913
223	951
223	964
223	977
224	415
224	436
224	472
224	540
224	612
224	739
225	241
225	489
225	505
225	535
225	864
225	950
226	31
226	833
226	854
226	868
226	873
226	930
227	520
227	716
227	897
227	918
227	923
227	999
228	629
228	704
228	712
228	743
228	779
228	924
229	592
229	779
229	792
229	916
229	932
229	974
230	180
230	442
230	517
230	890
230	961
230	969
231	377
231	680
231	857
231	918
231	993
231	1000
232	803
232	852
232	900
232	932
232	954
232	974
233	524
233	859
233	860
233	966
233	971
233	998
234	282
234	411
234	433
234	721
234	832
234	834
235	616
235	769
235	869
235	898
235	958
235	971
236	865
236	871
236	874
236	884
236	994
236	999
237	500
237	542
237	603
237	685
237	726
237	973
238	93
238	419
238	536
238	827
238	907
238	930
239	736
239	905
239	910
239	925
239	928
239	936
240	585
240	610
240	920
240	972
240	987
240	993
241	225
241	427
241	777
241	905
241	925
241	983
242	371
242	802
242	862
242	868
242	905
242	939
243	559
243	754
243	774
243	854
243	910
243	983
244	159
244	417
244	551
244	893
244	896
244	980
245	382
245	505
245	650
245	821
245	870
245	982
246	657
246	753
246	864
246	868
246	971
246	998
247	96
247	866
247	911
247	916
247	917
247	934
248	164
248	731
248	739
248	790
248	933
248	963
249	26
249	121
249	348
249	849
249	888
249	976
250	150
250	259
250	422
250	733
250	955
250	968
251	56
251	721
251	795
251	832
251	934
251	979
252	257
252	849
252	924
252	925
252	936
252	983
253	57
253	161
253	493
253	792
253	932
253	974
254	393
254	527
254	838
254	900
254	932
254	954
255	441
255	507
255	707
255	731
255	739
255	933
256	329
256	396
256	557
256	771
256	853
256	927
257	252
257	324
257	382
257	750
257	940
257	987
258	579
258	590
258	781
258	859
258	959
258	961
259	181
259	250
259	478
259	565
259	641
259	968
260	453
260	608
260	665
260	800
260	926
260	970
261	96
261	332
261	799
261	938
261	951
261	964
262	263
262	608
262	651
262	825
262	962
262	997
263	171
263	262
263	352
263	621
263	815
263	887
264	217
264	623
264	629
264	711
264	839
264	889
265	196
265	361
265	815
265	880
265	887
265	938
266	612
266	739
266	790
266	847
266	933
266	981
267	343
267	456
267	517
267	588
267	907
267	937
268	102
268	508
268	883
268	896
268	906
268	963
269	388
269	557
269	716
269	814
269	890
269	908
270	609
270	734
270	788
270	856
270	950
270	989
271	12
271	427
271	902
271	911
271	917
271	991
272	724
272	725
272	870
272	872
272	874
272	930
273	484
273	842
273	852
273	871
273	918
273	968
274	1
274	523
274	560
274	863
274	929
274	949
275	69
275	617
275	685
275	858
275	873
275	965
276	700
276	769
276	829
276	882
276	947
276	985
277	153
277	280
277	773
277	786
277	847
277	953
278	124
278	308
278	354
278	774
278	961
278	963
279	396
279	412
279	449
279	654
279	665
279	931
280	277
280	502
280	682
280	877
280	970
280	973
281	117
281	644
281	839
281	971
281	990
281	996
282	234
282	446
282	454
282	704
282	899
282	979
283	58
283	190
283	481
283	787
283	904
283	984
284	572
284	769
284	835
284	886
284	918
284	999
285	48
285	362
285	485
285	815
285	816
285	887
286	545
286	661
286	898
286	911
286	917
286	991
287	191
287	484
287	525
287	733
287	842
287	887
288	351
288	517
288	519
288	550
288	610
288	878
289	534
289	626
289	737
289	980
289	993
289	1000
290	35
290	105
290	400
290	834
290	953
290	979
291	141
291	855
291	875
291	950
291	953
291	982
292	732
292	764
292	778
292	876
292	924
292	995
293	625
293	675
293	712
293	728
293	977
293	986
294	378
294	794
294	870
294	875
294	950
294	982
295	370
295	382
295	899
295	988
295	997
295	998
296	362
296	702
296	753
296	762
296	895
296	997
297	147
297	216
297	656
297	713
297	842
297	944
298	415
298	511
298	540
298	612
298	840
298	987
299	531
299	613
299	733
299	913
299	944
299	980
300	305
300	318
300	480
300	487
300	912
300	929
301	36
301	43
301	94
301	650
301	975
301	979
302	348
302	421
302	801
302	871
302	976
302	994
303	522
303	557
303	582
303	617
303	911
303	931
304	503
304	706
304	897
304	953
304	956
304	960
305	39
305	136
305	300
305	677
305	747
305	949
306	400
306	404
306	412
306	850
306	915
306	931
307	355
307	808
307	878
307	920
307	964
307	972
308	278
308	355
308	476
308	774
308	809
308	981
309	43
309	345
309	360
309	691
309	892
309	989
310	583
310	630
310	753
310	873
310	919
310	997
311	197
311	622
311	705
311	917
311	929
311	949
312	527
312	571
312	682
312	724
312	877
312	989
313	60
313	496
313	865
313	874
313	877
313	902
314	173
314	433
314	547
314	725
314	758
314	821
315	679
315	688
315	713
315	778
315	814
315	890
316	318
316	586
316	712
316	738
316	841
316	917
317	200
317	663
317	725
317	870
317	875
317	953
318	300
318	316
318	354
318	677
318	826
318	854
319	743
319	774
319	842
319	943
319	961
319	977
320	26
320	777
320	854
320	874
320	905
320	936
321	706
321	876
321	903
321	938
321	987
321	995
322	754
322	779
322	841
322	854
322	936
322	983
323	209
323	341
323	662
323	815
323	916
323	991
324	257
324	428
324	454
324	664
324	901
324	952
325	330
325	371
325	799
325	868
325	893
325	1000
326	490
326	623
326	644
326	785
326	990
326	996
327	479
327	526
327	788
327	889
327	990
327	992
328	478
328	480
328	539
328	713
328	756
328	863
329	256
329	404
329	588
329	631
329	636
329	853
330	325
330	659
330	806
330	924
330	950
330	963
331	332
331	519
331	610
331	718
331	917
331	972
332	261
332	331
332	883
332	975
332	977
332	981
333	193
333	423
333	569
333	642
333	879
333	904
334	498
334	844
334	877
334	930
334	973
334	985
335	25
335	392
335	576
335	849
335	910
335	983
336	107
336	616
336	676
336	728
336	740
336	912
337	759
337	784
337	808
337	833
337	895
337	935
338	548
338	687
338	809
338	990
338	992
338	996
339	360
339	370
339	585
339	919
339	966
339	988
340	15
340	542
340	585
340	626
340	718
340	972
341	194
341	323
341	847
341	911
341	991
341	998
342	752
342	841
342	883
342	913
342	964
342	977
343	267
343	755
343	789
343	937
343	969
343	996
344	66
344	143
344	650
344	687
344	784
344	999
345	179
345	309
345	495
345	521
345	731
345	941
346	513
346	702
346	871
346	944
346	962
346	968
347	101
347	201
347	385
347	494
347	707
347	933
348	66
348	249
348	302
348	356
348	628
348	966
349	1
349	41
349	523
349	705
349	746
349	864
349	949
350	95
350	210
350	369
350	467
350	646
350	896
350	937
351	288
351	611
351	745
351	891
351	915
351	935
351	947
352	263
352	748
352	778
352	847
352	881
352	955
352	959
353	558
353	623
353	768
353	812
353	879
353	904
353	967
354	278
354	318
354	560
354	622
354	637
354	919
354	949
355	108
355	307
355	308
355	475
355	777
355	878
355	920
356	178
356	348
356	369
356	438
356	521
356	907
356	969
357	409
357	552
357	565
357	598
357	743
357	951
357	961
358	359
358	469
358	642
358	659
358	830
358	904
358	997
359	358
359	548
359	699
359	766
359	808
359	861
359	960
360	309
360	339
360	450
360	735
360	807
360	856
360	892
361	63
361	171
361	265
361	714
361	816
361	853
361	973
362	197
362	285
362	296
362	364
362	802
362	966
362	998
363	32
363	94
363	198
363	421
363	426
363	674
363	966
364	362
364	395
364	608
364	810
364	868
364	919
364	971
365	420
365	681
365	683
365	894
365	945
365	952
365	978
366	412
366	444
366	580
366	613
366	713
366	791
366	863
367	576
367	602
367	889
367	891
367	921
367	992
367	996
368	163
368	217
368	398
368	812
368	847
368	859
368	955
369	116
369	178
369	350
369	356
369	467
369	933
369	1000
370	295
370	339
370	443
370	845
370	873
370	939
370	966
371	242
371	325
371	638
371	896
371	908
371	924
371	963
372	767
372	809
372	852
372	869
372	922
372	946
372	974
373	447
373	655
373	869
373	892
373	898
373	914
373	923
374	27
374	518
374	719
374	837
374	845
374	877
374	902
375	380
375	389
375	547
375	561
375	820
375	851
375	986
376	87
376	798
376	821
376	865
376	884
376	975
376	994
377	231
377	710
377	845
377	980
377	982
377	993
377	1000
378	72
378	159
378	294
378	530
378	611
378	882
378	891
379	462
379	681
379	723
379	901
379	946
379	952
379	965
380	375
380	408
380	410
380	547
380	703
380	712
380	986
381	177
381	196
381	440
381	455
381	621
381	815
381	880
382	91
382	245
382	257
382	295
382	827
382	942
382	995
383	394
383	701
383	857
383	906
383	910
383	919
383	924
384	117
384	474
384	627
384	636
384	832
384	850
384	948
385	347
385	398
385	507
385	765
385	790
385	933
385	980
386	138
386	485
386	511
386	793
386	816
386	880
386	887
387	150
387	388
387	730
387	757
387	903
387	940
387	995
388	269
388	387
388	474
388	680
388	836
388	850
388	890
389	136
389	375
389	442
389	645
389	804
389	851
389	986
390	402
390	884
390	900
390	932
390	952
390	954
390	974
391	219
391	519
391	673
391	878
391	920
391	972
391	988
392	32
392	335
392	559
392	589
392	849
392	905
392	925
393	254
393	508
393	838
393	900
393	954
393	960
393	974
394	383
394	487
394	585
394	845
394	906
394	924
394	1000
395	202
395	364
395	626
395	878
395	920
395	972
395	988
396	142
396	256
396	279
396	817
396	836
396	853
396	993
397	91
397	522
397	648
397	712
397	964
397	977
397	981
398	167
398	368
398	385
398	511
398	731
398	739
398	861
399	93
399	671
399	683
399	724
399	772
399	902
399	923
400	290
400	306
400	698
400	811
400	834
400	895
400	979
401	736
401	776
401	797
401	839
401	927
401	928
401	984
402	5
402	390
402	410
402	485
402	589
402	793
402	880
403	503
403	848
403	895
403	910
403	925
403	936
403	983
404	306
404	329
404	486
404	582
404	931
404	948
404	965
405	46
405	491
405	775
405	837
405	874
405	973
405	979
406	454
406	698
406	812
406	841
406	847
406	881
406	955
407	423
407	617
407	631
407	836
407	853
407	890
407	925
408	380
408	547
408	624
408	676
408	851
408	896
408	986
409	357
409	648
409	660
409	672
409	817
409	888
409	985
410	380
410	402
410	551
410	669
410	676
410	735
410	772
411	234
411	771
411	832
411	834
411	884
411	899
411	979
412	279
412	306
412	366
412	617
412	640
412	948
412	962
413	75
413	435
413	766
413	784
413	897
413	916
413	956
414	561
414	711
414	725
414	809
414	819
414	946
414	974
415	224
415	298
415	568
415	612
415	636
415	845
415	933
416	20
416	33
416	586
416	722
416	774
416	841
416	925
417	12
417	244
417	497
417	529
417	605
417	916
417	991
418	458
418	506
418	687
418	701
418	839
418	900
418	990
419	11
419	238
419	498
419	775
419	874
419	926
419	973
420	365
420	454
420	688
420	697
420	913
420	965
420	966
421	36
421	113
421	302
421	363
421	579
421	768
421	971
422	21
422	106
422	250
422	451
422	865
422	944
422	968
423	333
423	407
423	593
423	642
423	732
423	787
423	967
424	146
424	556
424	634
424	635
424	786
424	897
424	982
425	79
425	671
425	680
425	906
425	924
425	993
425	1000
426	363
426	557
426	594
426	674
426	798
426	940
426	999
427	57
427	241
427	271
427	530
427	630
427	710
427	940
428	324
428	741
428	806
428	901
428	913
428	945
428	981
429	662
429	761
429	911
429	917
429	923
429	934
429	991
430	223
430	551
430	649
430	860
430	892
430	921
430	989
431	159
431	445
431	570
431	700
431	813
431	915
431	943
432	537
432	760
432	817
432	943
432	947
432	962
432	985
433	181
433	234
433	314
433	652
433	889
433	990
433	996
434	118
434	621
434	653
434	758
434	793
434	816
434	887
435	413
435	548
435	658
435	803
435	819
435	935
435	956
436	224
436	529
436	609
436	724
436	837
436	874
436	973
437	137
437	725
437	818
437	864
437	870
437	931
437	950
438	116
438	356
438	588
438	744
438	937
438	969
438	977
439	498
439	575
439	833
439	835
439	861
439	971
439	997
440	63
440	381
440	471
440	485
440	841
440	880
440	887
441	149
441	255
441	638
441	680
441	839
441	924
441	980
442	88
442	209
442	230
442	389
442	907
442	937
442	969
443	370
443	622
443	643
443	760
443	767
443	922
443	946
444	366
444	627
444	786
444	863
444	944
444	945
444	968
445	214
445	431
445	620
445	694
445	800
445	803
445	926
446	68
446	282
446	697
446	811
446	832
446	953
446	979
447	179
447	373
447	756
447	858
447	945
447	952
447	965
448	205
448	549
448	680
448	893
448	921
448	961
448	980
449	22
449	139
449	279
449	636
449	778
449	881
449	931
450	187
450	360
450	479
450	733
450	860
450	892
450	989
451	422
451	580
451	587
451	641
451	863
451	954
451	963
452	96
452	154
452	574
452	627
452	697
452	702
452	871
452	944
453	260
453	562
453	665
453	673
453	694
453	866
453	935
453	940
454	282
454	324
454	406
454	420
454	721
454	834
454	899
454	979
455	161
455	381
455	526
455	644
455	652
455	687
455	856
455	889
456	267
456	562
456	567
456	673
456	717
456	742
456	926
456	990
457	577
457	736
457	752
457	776
457	782
457	794
457	903
457	921
458	418
458	572
458	652
458	666
458	839
458	889
458	926
458	990
459	17
459	207
459	674
459	813
459	843
459	882
459	891
459	982
460	463
460	648
460	693
460	843
460	915
460	943
460	947
460	993
461	617
461	640
461	693
461	778
461	889
461	890
461	904
461	931
462	379
462	506
462	674
462	768
462	822
462	828
462	855
462	909
463	460
463	602
463	665
463	717
463	742
463	785
463	800
463	803
464	661
464	769
464	886
464	893
464	912
464	914
464	918
464	958
465	2
465	178
465	562
465	588
465	647
465	789
465	796
465	961
466	476
466	561
466	565
466	704
466	712
466	829
466	883
466	944
467	2
467	350
467	369
467	720
467	907
467	937
467	954
467	969
468	647
468	760
468	820
468	852
468	867
468	897
468	922
468	946
469	8
469	358
469	481
469	552
469	558
469	619
469	739
469	867
470	475
470	610
470	718
470	723
470	878
470	920
470	969
470	972
471	218
471	440
471	477
471	632
471	635
471	812
471	875
471	955
472	224
472	586
472	609
472	722
472	829
472	883
472	977
472	981
473	130
473	182
473	868
473	873
473	883
473	957
473	988
473	998
474	103
474	384
474	388
474	666
474	673
474	836
474	931
474	967
475	355
475	470
475	548
475	550
475	626
475	718
475	801
475	958
476	220
476	308
476	466
476	483
476	586
476	826
476	961
476	977
477	194
477	471
477	486
477	566
477	765
477	812
477	859
477	940
478	259
478	328
478	587
478	713
478	863
478	926
478	945
478	968
479	327
479	450
479	609
479	615
479	807
479	831
479	860
479	939
480	152
480	300
480	328
480	560
480	654
480	738
480	826
480	949
481	283
481	469
481	566
481	755
481	879
481	949
481	984
481	989
482	140
482	488
482	606
482	758
482	867
482	870
482	940
482	982
483	476
483	484
483	657
483	710
483	744
483	750
483	827
483	885
484	273
484	287
484	483
484	531
484	580
484	843
484	863
484	981
485	285
485	386
485	402
485	440
485	541
485	589
485	621
485	974
486	30
486	133
486	199
486	212
486	404
486	477
486	667
486	955
487	300
487	394
487	560
487	637
487	705
487	728
487	784
487	949
488	204
488	482
488	512
488	595
488	766
488	783
488	788
488	846
489	119
489	225
489	563
489	689
489	784
489	788
489	935
489	942
490	220
490	326
490	596
490	795
490	811
490	832
490	834
490	979
491	405
491	527
491	600
491	765
491	775
491	791
491	876
491	930
492	9
492	181
492	767
492	775
492	809
492	846
492	922
492	946
493	79
493	253
493	708
493	735
493	792
493	880
493	974
493	982
494	159
494	347
494	626
494	813
494	817
494	843
494	882
494	943
495	345
495	720
495	752
495	761
495	901
495	904
495	913
495	941
496	221
496	313
496	522
496	719
496	775
496	872
496	902
496	955
497	417
497	661
497	916
497	917
497	934
497	955
497	991
497	999
498	334
498	419
498	439
498	502
498	503
498	724
498	872
498	941
499	572
499	618
499	639
499	732
499	744
499	903
499	915
499	938
500	117
500	237
500	688
500	697
500	720
500	741
500	885
500	952
501	29
501	165
501	682
501	719
501	775
501	836
501	930
501	973
502	27
502	280
502	498
502	570
502	791
502	812
502	877
502	930
503	304
503	403
503	498
503	512
503	541
503	614
503	717
503	780
504	72
504	600
504	615
504	734
504	807
504	831
504	892
504	989
505	225
505	245
505	601
505	603
505	758
505	953
505	982
505	998
506	418
506	462
506	555
506	623
506	830
506	990
506	992
506	996
507	101
507	201
507	255
507	385
507	568
507	585
507	707
507	719
508	183
508	268
508	393
508	513
508	806
508	896
508	924
508	963
509	109
509	112
509	138
509	762
509	789
509	796
509	885
509	969
510	92
510	603
510	773
510	821
510	870
510	875
510	944
510	950
511	158
511	298
511	386
511	398
511	513
511	540
511	544
511	933
512	488
512	503
512	514
512	552
512	689
512	727
512	801
512	928
513	346
513	508
513	511
513	546
513	864
513	950
513	953
513	982
514	30
514	512
514	529
514	592
514	727
514	801
514	861
514	976
515	169
515	619
515	703
515	726
515	879
515	904
515	978
515	984
516	98
516	101
516	534
516	643
516	793
516	820
516	846
516	852
517	65
517	178
517	180
517	230
517	267
517	288
517	937
517	938
518	50
518	80
518	374
518	783
518	884
518	975
518	976
518	994
519	219
519	288
519	331
519	391
519	520
519	550
519	700
519	878
520	227
520	519
520	670
520	678
520	716
520	737
520	829
520	869
521	345
521	356
521	542
521	603
521	664
521	799
521	952
521	965
522	303
522	397
522	496
522	722
522	829
522	841
522	883
522	961
523	274
523	349
523	677
523	705
523	752
523	826
523	904
523	929
524	38
524	233
524	573
524	762
524	828
524	835
524	939
524	966
525	9
525	175
525	287
525	613
525	733
525	871
525	916
525	997
526	327
526	455
526	810
526	861
526	892
526	990
526	992
526	996
527	184
527	254
527	312
527	491
527	571
527	599
527	684
527	837
528	548
528	689
528	704
528	759
528	801
528	808
528	809
528	861
529	417
529	436
529	514
529	571
529	682
529	837
529	872
529	930
530	378
530	427
530	535
530	710
530	876
530	903
530	938
530	960
531	40
531	99
531	299
531	484
531	750
531	756
531	968
531	977
532	141
532	594
532	698
532	798
532	909
532	928
532	994
532	999
533	166
533	552
533	642
533	715
533	830
533	854
533	967
533	984
534	289
534	516
534	551
534	598
534	857
534	906
534	993
534	1000
535	90
535	225
535	530
535	536
535	601
535	773
535	786
535	943
536	238
536	535
536	557
536	599
536	682
536	683
536	877
536	898
537	432
537	648
537	745
537	816
537	882
537	915
537	947
537	969
538	11
538	161
538	197
538	601
538	678
538	769
538	776
538	914
539	328
539	608
539	802
539	815
539	835
539	939
539	966
539	997
540	33
540	40
540	167
540	224
540	298
540	511
540	574
540	707
541	67
541	132
541	148
541	215
541	485
541	503
541	594
541	956
541	960
542	166
542	237
542	340
542	521
542	697
542	720
542	804
542	894
542	908
543	615
543	681
543	688
543	757
543	802
543	858
543	913
543	941
543	945
544	33
544	156
544	162
544	167
544	511
544	568
544	612
544	619
544	790
545	185
545	286
545	674
545	910
545	911
545	916
545	917
545	934
545	991
546	4
546	513
546	556
546	634
546	809
546	818
546	875
546	894
546	897
547	76
547	314
547	375
547	380
547	408
547	630
547	675
547	676
547	799
548	338
548	359
548	435
548	475
548	528
548	689
548	808
548	819
548	935
549	118
549	124
549	448
549	787
549	823
549	893
549	896
549	924
549	1000
550	163
550	288
550	475
550	519
550	626
550	692
550	718
550	720
550	976
551	7
551	65
551	244
551	410
551	430
551	534
551	893
551	924
551	1000
552	357
552	469
552	512
552	533
552	569
552	896
552	904
552	967
552	984
553	736
553	751
553	776
553	794
553	840
553	915
553	928
553	970
553	978
554	56
554	119
554	219
554	670
554	686
554	780
554	839
554	956
554	960
555	212
555	218
555	506
555	557
555	635
555	658
555	667
555	910
555	959
556	3
556	53
556	424
556	546
556	651
556	652
556	718
556	821
556	953
557	117
557	139
557	256
557	269
557	303
557	426
557	536
557	555
557	890
558	353
558	469
558	593
558	703
558	879
558	957
558	967
558	984
558	986
559	243
559	392
559	729
559	905
559	910
559	936
559	967
559	983
559	992
560	274
560	354
560	480
560	487
560	732
560	746
560	826
560	922
560	975
561	375
561	414
561	466
561	711
561	767
561	846
561	852
561	902
561	922
562	453
562	456
562	465
562	567
562	673
562	694
562	748
562	785
562	818
563	489
563	676
563	686
563	780
563	784
563	788
563	803
563	960
563	976
564	598
564	704
564	722
564	763
564	841
564	862
564	905
564	977
564	981
565	259
565	357
565	466
565	738
565	794
565	813
565	961
565	964
565	981
566	21
566	477
566	481
566	748
566	781
566	873
566	877
566	881
566	959
567	114
567	214
567	456
567	562
567	620
567	767
567	785
567	866
567	875
568	33
568	415
568	507
568	544
568	707
568	790
568	868
568	869
568	903
569	204
569	333
569	552
569	575
569	619
569	787
569	885
569	904
569	967
570	90
570	431
570	502
570	773
570	786
570	825
570	864
570	867
570	982
571	312
571	527
571	529
571	771
571	824
571	827
571	902
571	930
571	973
572	123
572	284
572	458
572	499
572	636
572	678
572	886
572	912
572	918
573	164
573	524
573	695
573	710
573	715
573	757
573	903
573	940
573	987
574	452
574	540
574	654
574	656
574	702
574	733
574	842
574	871
574	944
575	439
575	569
575	641
575	689
575	690
575	862
575	919
575	957
575	997
576	181
576	335
576	367
576	810
576	979
576	985
576	990
576	992
576	996
577	457
577	578
577	632
577	726
577	750
577	776
577	794
577	921
577	928
578	108
578	577
578	593
578	619
578	715
578	830
578	922
578	967
578	984
579	258
579	421
579	640
579	698
579	778
579	814
579	850
579	890
579	931
580	29
580	366
580	451
580	484
580	613
580	733
580	824
580	968
580	994
581	222
581	592
581	792
581	823
581	832
581	838
581	900
581	925
581	954
582	74
582	132
582	303
582	404
582	586
582	679
582	814
582	925
582	948
583	310
583	650
583	849
583	855
583	888
583	900
583	975
583	994
583	999
584	630
584	776
584	826
584	827
584	900
584	938
584	940
584	942
584	995
585	108
585	240
585	339
585	340
585	394
585	507
585	878
585	920
585	972
586	316
586	416
586	472
586	476
586	582
586	708
586	738
586	944
586	951
587	205
587	451
587	478
587	627
587	656
587	733
587	824
587	834
587	939
588	116
588	267
588	329
588	438
588	465
588	602
588	789
588	796
588	969
589	87
589	206
589	392
589	402
589	485
589	653
589	816
589	887
589	947
590	172
590	258
590	627
590	747
590	766
590	812
590	847
590	959
590	993
591	126
591	700
591	723
591	747
591	806
591	823
591	845
591	857
591	893
592	3
592	229
592	514
592	581
592	679
592	699
592	708
592	954
592	974
593	423
593	558
593	578
593	650
593	659
593	703
593	958
593	967
593	984
594	426
594	532
594	541
594	595
594	855
594	884
594	888
594	936
594	994
595	488
595	594
595	727
595	774
595	783
595	801
595	861
595	914
595	956
596	68
596	490
596	721
596	795
596	832
596	899
596	941
596	949
596	979
597	120
597	603
597	664
597	671
597	723
597	738
597	739
597	761
597	894
598	22
598	357
598	534
598	564
598	704
598	752
598	779
598	965
598	977
599	10
599	527
599	536
599	624
599	724
599	875
599	930
599	973
599	994
600	93
600	146
600	491
600	504
600	775
600	791
600	860
600	872
600	973
601	173
601	505
601	535
601	538
601	786
601	807
601	867
601	966
601	982
602	203
602	367
602	463
602	588
602	629
602	810
602	839
602	990
602	996
603	82
603	237
603	505
603	510
603	521
603	597
603	894
603	901
603	941
603	945
604	19
604	36
604	76
604	190
604	654
604	675
604	728
604	770
604	804
604	851
605	199
605	417
605	661
605	662
605	801
605	820
605	911
605	917
605	934
605	991
606	482
606	651
606	725
606	760
606	774
606	821
606	950
606	953
606	982
606	987
607	632
607	645
607	689
607	794
607	797
607	927
607	928
607	970
607	978
607	995
608	81
608	260
608	262
608	364
608	539
608	939
608	957
608	975
608	988
608	998
609	128
609	270
609	436
609	472
609	479
609	856
609	860
609	872
609	892
609	989
610	240
610	288
610	331
610	470
610	692
610	741
610	759
610	878
610	972
610	984
611	23
611	351
611	378
611	672
611	677
611	706
611	785
611	891
611	915
611	985
612	224
612	266
612	298
612	415
612	544
612	725
612	731
612	790
612	855
612	996
613	299
613	366
613	525
613	580
613	756
613	819
613	935
613	944
613	968
613	970
614	30
614	56
614	503
614	783
614	790
614	897
614	916
614	920
614	935
614	960
615	40
615	125
615	479
615	504
615	543
615	691
615	791
615	807
615	860
615	892
616	145
616	235
616	336
616	672
616	676
616	728
616	740
616	772
616	817
616	851
617	86
617	275
617	303
617	407
617	412
617	461
617	679
617	699
617	850
617	948
618	499
618	639
618	668
618	750
618	805
618	940
618	960
618	987
618	990
618	995
619	169
619	469
619	515
619	544
619	569
619	578
619	755
619	838
619	879
619	905
620	23
620	70
620	445
620	567
620	745
620	772
620	817
620	843
620	915
620	947
621	263
621	381
621	434
621	485
621	678
621	687
621	728
621	793
621	880
621	887
622	135
622	209
622	311
622	354
622	443
622	746
622	922
622	929
622	938
622	949
623	161
623	264
623	326
623	353
623	506
623	647
623	652
623	808
623	889
623	992
624	28
624	132
624	183
624	408
624	599
624	784
624	797
624	897
624	935
624	956
625	190
625	293
625	627
625	740
625	770
625	804
625	851
625	924
625	986
625	998
626	205
626	289
626	340
626	395
626	475
626	494
626	550
626	692
626	920
626	972
627	384
627	444
627	452
627	587
627	590
627	625
627	713
627	871
627	944
627	968
628	348
628	822
628	831
628	832
628	865
628	888
628	893
628	909
628	976
628	999
629	155
629	228
629	264
629	602
629	652
629	687
629	869
629	889
629	992
629	996
630	310
630	427
630	547
630	584
630	730
630	744
630	750
630	844
630	856
630	987
631	329
631	407
631	636
631	640
631	771
631	830
631	890
631	948
631	962
631	995
632	74
632	471
632	577
632	607
632	736
632	751
632	772
632	782
632	927
632	970
633	6
633	168
633	174
633	635
633	742
633	751
633	840
633	921
633	970
633	978
634	52
634	140
634	424
634	546
634	635
634	637
634	756
634	773
634	821
634	950
635	212
635	424
635	471
635	555
635	633
635	634
635	765
635	781
635	847
635	955
636	329
636	384
636	415
636	449
636	572
636	631
636	679
636	802
636	890
636	931
637	39
637	354
637	487
637	634
637	654
637	705
637	746
637	750
637	888
637	929
638	124
638	142
638	371
638	441
638	680
638	823
638	857
638	906
638	963
638	973
639	499
639	618
639	641
639	695
639	699
639	730
639	796
639	844
639	885
639	942
640	412
640	461
640	579
640	631
640	773
640	821
640	853
640	931
640	948
640	951
641	9
641	77
641	106
641	259
641	451
641	575
641	639
641	756
641	824
641	842
642	333
642	358
642	423
642	533
642	812
642	829
642	830
642	926
642	967
642	984
643	443
643	516
643	722
643	760
643	809
643	816
643	820
643	852
643	918
643	946
644	281
644	326
644	455
644	678
644	740
644	810
644	816
644	839
644	889
644	992
645	84
645	389
645	607
645	669
645	675
645	735
645	740
645	804
645	824
645	851
646	112
646	138
646	170
646	350
646	651
646	789
646	796
646	937
646	956
646	969
647	2
647	103
647	109
647	210
647	465
647	468
647	623
647	789
647	845
647	907
648	211
648	397
648	409
648	460
648	537
648	657
648	693
648	696
648	700
648	739
649	46
649	125
649	207
649	430
649	684
649	701
649	807
649	892
649	936
649	989
650	245
650	301
650	344
650	583
650	593
650	768
650	796
650	822
650	909
650	994
651	4
651	52
651	146
651	262
651	556
651	606
651	646
651	758
651	786
651	982
652	433
652	455
652	458
652	556
652	623
652	629
652	687
652	790
652	912
652	996
653	196
653	434
653	589
653	669
653	714
653	723
653	793
653	815
653	880
653	967
654	279
654	480
654	574
654	604
654	637
654	677
654	705
654	826
654	929
654	949
655	373
655	696
655	737
655	873
655	880
655	886
655	898
655	923
655	952
655	958
656	147
656	297
656	574
656	587
656	659
656	713
656	733
656	842
656	942
656	996
657	54
657	70
657	246
657	483
657	648
657	745
657	761
657	817
657	891
657	915
658	97
658	172
658	435
658	555
658	727
658	765
658	812
658	859
658	952
658	955
659	5
659	330
659	358
659	593
659	656
659	787
659	846
659	904
659	967
659	984
660	409
660	663
660	672
660	798
660	813
660	843
660	890
660	943
660	947
660	985
661	137
661	286
661	464
661	497
661	605
661	822
661	846
661	916
661	917
661	991
662	131
662	323
662	429
662	605
662	663
662	916
662	917
662	934
662	964
662	991
663	75
663	111
663	146
663	317
663	660
663	662
663	758
663	867
663	870
663	950
664	55
664	83
664	324
664	521
664	597
664	681
664	697
664	741
664	795
664	965
665	114
665	260
665	279
665	453
665	463
665	785
665	800
665	849
665	892
665	926
666	105
666	117
666	208
666	458
666	474
666	836
666	837
666	931
666	948
666	991
667	486
667	555
667	695
667	747
667	765
667	845
667	847
667	881
667	901
667	955
668	50
668	131
668	189
668	618
668	735
668	740
668	770
668	936
668	968
668	986
669	107
669	144
669	151
669	410
669	645
669	653
669	740
669	772
669	776
669	876
670	34
670	182
670	520
670	554
670	761
670	869
670	912
670	914
670	958
670	985
671	88
671	136
671	221
671	399
671	425
671	597
671	837
671	838
671	872
671	874
671	930
672	25
672	70
672	409
672	611
672	616
672	660
672	802
672	915
672	943
672	947
672	980
673	391
673	453
673	456
673	474
673	562
673	800
673	803
673	817
673	866
673	891
673	926
674	81
674	363
674	426
674	459
674	462
674	545
674	773
674	865
674	909
674	975
674	999
675	293
675	547
675	604
675	645
675	735
675	757
675	766
675	770
675	804
675	857
675	986
676	151
676	336
676	408
676	410
676	547
676	563
676	616
676	728
676	804
676	879
676	978
677	209
677	305
677	318
677	523
677	611
677	654
677	746
677	826
677	841
677	857
677	949
678	520
678	538
678	572
678	621
678	644
678	716
678	769
678	831
678	869
678	912
678	918
679	83
679	315
679	582
679	592
679	617
679	636
679	734
679	833
679	850
679	853
679	890
680	231
680	388
680	425
680	441
680	448
680	638
680	806
680	840
680	927
680	963
680	1000
681	365
681	379
681	543
681	664
681	684
681	761
681	850
681	858
681	908
681	945
681	975
682	115
682	280
682	312
682	501
682	529
682	536
682	693
682	694
682	902
682	909
682	987
683	365
683	399
683	536
683	719
683	724
683	737
683	753
683	872
683	955
683	973
683	992
684	46
684	527
684	649
684	681
684	734
684	799
684	807
684	831
684	856
684	860
684	989
685	237
685	275
685	761
685	823
685	858
685	907
685	908
685	913
685	941
685	965
685	982
686	133
686	554
686	563
686	690
686	755
686	759
686	766
686	861
686	912
686	956
686	960
687	44
687	338
687	344
687	418
687	455
687	621
687	629
687	652
687	810
687	881
687	992
688	315
688	420
688	500
688	543
688	723
688	802
688	894
688	908
688	913
688	945
688	963
689	37
689	489
689	512
689	528
689	548
689	575
689	607
689	759
689	808
689	861
689	867
690	575
690	686
690	692
690	759
690	802
690	873
690	895
690	957
690	962
690	997
690	998
691	37
691	309
691	615
691	734
691	785
691	807
691	856
691	892
691	962
691	983
691	989
692	108
692	219
692	550
692	610
692	626
692	690
692	718
692	789
692	878
692	933
692	972
693	460
693	461
693	648
693	682
693	695
693	696
693	745
693	817
693	891
693	943
693	947
694	175
694	445
694	453
694	562
694	682
694	742
694	800
694	866
694	883
694	926
694	932
695	128
695	192
695	573
695	639
695	667
695	693
695	732
695	757
695	827
695	938
695	995
696	70
696	86
696	129
696	648
696	655
696	693
696	813
696	871
696	882
696	947
696	985
697	420
697	446
697	452
697	500
697	542
697	664
697	723
697	858
697	945
697	964
697	965
698	75
698	85
698	400
698	406
698	532
698	579
698	795
698	832
698	834
698	899
698	979
699	71
699	195
699	359
699	592
699	617
699	639
699	838
699	900
699	932
699	954
699	974
700	19
700	276
700	431
700	519
700	591
700	648
700	891
700	915
700	943
700	959
700	985
701	29
701	383
701	418
701	649
701	780
701	823
701	906
701	924
701	980
701	993
701	1000
702	9
702	71
702	296
702	346
702	452
702	574
702	713
702	756
702	788
702	830
702	863
703	380
703	515
703	558
703	593
703	728
703	755
703	830
703	854
703	904
703	952
703	984
704	13
704	16
704	228
704	282
704	466
704	528
704	564
704	598
704	763
704	829
704	979
705	16
705	311
705	349
705	487
705	523
705	637
705	654
705	786
705	826
705	949
705	998
706	133
706	148
706	304
706	321
706	611
706	806
706	857
706	893
706	896
706	993
706	1000
707	255
707	347
707	507
707	540
707	568
707	715
707	731
707	753
707	843
707	897
707	933
708	25
708	71
708	79
708	493
708	586
708	592
708	792
708	838
708	855
708	932
708	991
709	23
709	142
709	173
709	736
709	758
709	762
709	818
709	821
709	864
709	867
709	982
710	57
710	125
710	377
710	427
710	483
710	530
710	573
710	876
710	920
710	940
710	942
711	157
711	264
711	414
711	561
711	767
711	809
711	820
711	919
711	922
711	946
711	950
712	22
712	228
712	293
712	316
712	380
712	397
712	466
712	799
712	841
712	904
712	951
713	169
713	297
713	315
713	328
713	366
713	478
713	627
713	656
713	702
713	824
713	966
714	173
714	196
714	361
714	653
714	793
714	815
714	880
714	887
714	938
714	989
714	1000
715	8
715	533
715	573
715	578
715	707
715	755
715	803
715	824
715	830
715	967
715	984
716	69
716	227
716	269
716	520
716	678
716	737
716	789
716	914
716	918
716	923
716	958
717	100
717	158
717	456
717	463
717	503
717	718
717	742
717	785
717	800
717	866
717	926
718	163
718	331
718	340
718	470
718	475
718	550
718	556
718	692
718	717
718	822
718	920
719	374
719	496
719	501
719	507
719	683
719	751
719	811
719	872
719	874
719	877
719	902
720	467
720	495
720	500
720	542
720	550
720	894
720	908
720	913
720	952
720	965
720	986
721	28
721	234
721	251
721	454
721	596
721	795
721	838
721	882
721	899
721	977
721	979
722	416
722	472
722	522
722	564
722	643
722	799
722	829
722	923
722	932
722	961
722	981
723	379
723	470
723	591
723	597
723	653
723	688
723	697
723	908
723	945
723	952
723	986
724	272
724	312
724	399
724	436
724	498
724	599
724	683
724	732
724	834
724	945
724	973
725	52
725	272
725	314
725	317
725	414
725	437
725	606
725	612
725	818
725	875
725	953
726	11
726	237
726	515
726	577
726	731
726	737
726	769
726	869
726	886
726	912
726	914
727	28
727	512
727	514
727	595
727	658
727	766
727	774
727	780
727	788
727	881
727	935
727	949
728	106
728	193
728	293
728	336
728	487
728	604
728	616
728	621
728	676
728	703
728	772
728	986
729	559
729	777
729	795
729	848
729	849
729	905
729	910
729	925
729	936
729	942
729	983
729	984
730	42
730	54
730	171
730	387
730	630
730	639
730	732
730	764
730	903
730	987
730	995
730	999
731	109
731	201
731	248
731	255
731	345
731	398
731	612
731	707
731	726
731	790
731	807
731	933
732	292
732	423
732	499
732	560
732	695
732	724
732	730
732	764
732	827
732	844
732	885
732	940
733	27
733	250
733	287
733	299
733	450
733	525
733	574
733	580
733	587
733	656
733	746
733	756
734	48
734	270
734	504
734	679
734	684
734	691
734	736
734	787
734	831
734	860
734	892
734	989
735	145
735	193
735	360
735	410
735	493
735	645
735	668
735	675
735	740
735	770
735	804
735	822
736	239
736	401
736	457
736	553
736	632
736	709
736	734
736	797
736	907
736	921
736	928
736	978
737	55
737	149
737	289
737	520
737	655
737	683
737	716
737	726
737	869
737	898
737	912
737	923
738	122
738	316
738	480
738	565
738	586
738	597
738	743
738	763
738	883
738	915
738	951
738	964
739	164
739	201
739	224
739	248
739	255
739	266
739	398
739	469
739	597
739	648
739	790
739	858
740	189
740	336
740	616
740	625
740	644
740	645
740	668
740	669
740	735
740	882
740	951
740	986
741	428
741	500
741	610
741	664
741	743
741	749
741	815
741	901
741	908
741	913
741	952
741	965
742	64
742	158
742	456
742	463
742	633
742	694
742	717
742	747
742	866
742	879
742	926
742	957
743	132
743	228
743	319
743	357
743	738
743	741
743	774
743	799
743	829
743	841
743	848
743	951
744	100
744	438
744	483
744	499
744	630
744	757
744	764
744	805
744	902
744	903
744	938
744	995
745	351
745	537
745	620
745	657
745	693
745	811
745	817
745	843
745	943
745	948
745	985
745	993
746	100
746	135
746	349
746	560
746	622
746	637
746	677
746	733
746	837
746	929
746	949
746	963
747	97
747	217
747	305
747	590
747	591
747	667
747	742
747	765
747	835
747	847
747	859
747	881
748	177
748	186
748	187
748	352
748	562
748	566
748	859
748	867
748	881
748	955
748	959
748	980
749	110
749	741
749	751
749	783
749	794
749	810
749	840
749	927
749	928
749	961
749	970
749	978
750	57
750	73
750	257
750	483
750	531
750	577
750	618
750	630
750	637
750	757
750	903
750	987
751	553
751	632
751	633
751	719
751	749
751	755
751	782
751	825
751	921
751	928
751	978
751	988
752	223
752	342
752	457
752	495
752	523
752	598
752	763
752	774
752	961
752	964
752	977
752	981
753	130
753	163
753	246
753	296
753	310
753	683
753	707
753	833
753	939
753	962
753	966
753	971
754	243
754	322
754	777
754	848
754	849
754	888
754	905
754	910
754	925
754	956
754	983
754	985
755	343
755	481
755	619
755	686
755	703
755	715
755	751
755	787
755	904
755	958
755	967
755	984
756	328
756	447
756	531
756	613
756	634
756	641
756	702
756	733
756	765
756	870
756	944
756	968
757	387
757	543
757	573
757	675
757	695
757	744
757	750
757	762
757	805
757	940
757	942
757	995
758	64
758	90
758	153
758	314
758	434
758	482
758	505
758	651
758	663
758	709
758	782
758	982
759	207
759	337
759	528
759	610
759	686
759	689
759	690
759	808
759	819
759	956
759	960
759	983
760	214
760	432
760	443
760	468
760	606
760	643
760	767
760	820
760	837
760	846
760	852
760	946
761	36
761	429
761	495
761	597
761	657
761	670
761	681
761	685
761	894
761	908
761	913
761	952
762	47
762	170
762	296
762	509
762	524
762	709
762	757
762	835
762	957
762	962
762	971
762	988
763	16
763	131
763	564
763	704
763	738
763	752
763	779
763	841
763	867
763	883
763	961
763	988
764	192
764	292
764	730
764	732
764	744
764	805
764	848
764	858
764	876
764	942
764	967
764	995
765	49
765	385
765	477
765	491
765	635
765	658
765	667
765	747
765	756
765	781
765	955
765	959
766	359
766	413
766	488
766	590
766	675
766	686
766	727
766	783
766	858
766	897
766	927
766	960
767	111
767	372
767	443
767	492
767	561
767	567
767	711
767	760
767	809
767	846
767	964
767	967
768	84
768	143
768	353
768	421
768	462
768	650
768	828
768	836
768	933
768	947
768	976
768	994
769	1
769	95
769	182
769	235
769	276
769	284
769	464
769	538
769	678
769	726
769	927
769	980
770	11
770	76
770	131
770	144
770	604
770	625
770	668
770	675
770	735
770	807
770	830
770	986
771	24
771	139
771	256
771	411
771	571
771	631
771	804
771	836
771	853
771	861
771	931
771	948
772	32
772	47
772	151
772	189
772	399
772	410
772	616
772	620
772	632
772	669
772	728
772	851
772	986
773	78
773	92
773	277
773	510
773	535
773	570
773	634
773	640
773	674
773	814
773	818
773	870
773	953
774	243
774	278
774	308
774	319
774	416
774	595
774	606
774	727
774	743
774	752
774	951
774	961
774	964
775	208
775	405
775	419
775	491
775	492
775	496
775	501
775	600
775	872
775	874
775	899
775	906
775	930
776	174
776	401
776	457
776	538
776	553
776	577
776	584
776	669
776	828
776	840
776	927
776	970
776	978
777	23
777	241
777	320
777	355
777	729
777	754
777	780
777	781
777	849
777	854
777	905
777	910
777	936
778	24
778	105
778	142
778	152
778	204
778	208
778	292
778	315
778	352
778	449
778	461
778	579
778	948
779	176
779	228
779	229
779	322
779	598
779	763
779	784
779	799
779	883
779	961
779	964
779	971
779	981
780	503
780	554
780	563
780	701
780	727
780	777
780	782
780	783
780	784
780	788
780	861
780	935
780	998
781	177
781	186
781	201
781	218
781	258
781	566
781	635
781	765
781	777
781	847
781	877
781	946
781	959
782	457
782	632
782	751
782	758
782	780
782	840
782	911
782	921
782	927
782	928
782	970
782	978
782	992
783	183
783	488
783	518
783	595
783	614
783	749
783	766
783	780
783	801
783	819
783	861
783	897
783	975
784	337
784	344
784	413
784	487
784	489
784	563
784	624
784	779
784	780
784	788
784	808
784	897
784	908
785	122
785	326
785	463
785	562
785	567
785	611
785	665
785	691
785	717
785	800
785	866
785	868
785	926
786	277
786	424
786	444
786	535
786	570
786	601
786	651
786	705
786	855
786	867
786	950
786	953
786	994
787	8
787	283
787	423
787	549
787	569
787	659
787	734
787	755
787	805
787	811
787	879
787	904
787	967
788	270
788	327
788	488
788	489
788	563
788	702
788	727
788	780
788	784
788	792
788	801
788	897
788	956
789	116
789	343
789	465
789	509
789	588
789	646
789	647
789	692
789	716
789	792
789	796
789	812
789	907
790	248
790	266
790	385
790	544
790	568
790	612
790	614
790	652
790	731
790	739
790	820
790	925
790	933
791	45
791	136
791	366
791	491
791	502
791	600
791	615
791	792
791	800
791	872
791	902
791	930
791	973
792	69
792	195
792	229
792	253
792	493
792	581
792	708
792	788
792	789
792	791
792	900
792	932
792	954
793	63
793	386
793	402
793	434
793	516
793	621
793	653
793	714
793	816
793	822
793	887
793	906
793	913
794	6
794	61
794	294
794	457
794	553
794	565
794	577
794	607
794	749
794	804
794	837
794	840
794	921
794	927
795	200
795	219
795	251
795	490
795	596
795	664
795	698
795	721
795	729
795	800
795	811
795	832
795	834
795	979
796	24
796	88
796	180
796	465
796	509
796	588
796	639
796	646
796	650
796	789
796	907
796	937
796	969
796	973
797	38
797	186
797	401
797	607
797	624
797	736
797	840
797	865
797	894
797	921
797	927
797	928
797	970
797	978
798	81
798	376
798	426
798	532
798	660
798	822
798	828
798	830
798	872
798	888
798	972
798	975
798	976
798	999
799	124
799	261
799	325
799	521
799	547
799	684
799	712
799	722
799	743
799	779
799	871
799	961
799	964
799	977
800	126
800	260
800	445
800	463
800	665
800	673
800	694
800	717
800	785
800	791
800	795
800	803
800	858
800	866
801	90
801	302
801	475
801	512
801	514
801	528
801	595
801	605
801	783
801	788
801	819
801	935
801	956
801	960
802	242
802	362
802	539
802	543
802	636
802	672
802	688
802	690
802	868
802	895
802	919
802	957
802	962
802	971
803	64
803	114
803	214
803	232
803	435
803	445
803	463
803	563
803	673
803	715
803	800
803	821
803	866
803	926
804	35
804	50
804	151
804	389
804	542
804	604
804	625
804	645
804	675
804	676
804	735
804	771
804	794
804	986
805	618
805	744
805	757
805	764
805	787
805	827
805	831
805	844
805	876
805	891
805	931
805	938
805	987
805	995
806	126
806	129
806	330
806	428
806	508
806	591
806	680
806	706
806	822
806	823
806	865
806	878
806	896
806	993
807	44
807	360
807	479
807	504
807	601
807	615
807	649
807	684
807	691
807	731
807	770
807	856
807	892
807	989
808	204
808	215
808	307
808	337
808	359
808	528
808	548
808	623
808	689
808	759
808	784
808	937
808	956
808	973
809	308
809	338
809	372
809	414
809	492
809	528
809	546
809	643
809	711
809	767
809	820
809	846
809	922
809	946
810	51
810	203
810	364
810	526
810	576
810	602
810	644
810	687
810	749
810	839
810	956
810	990
810	992
810	996
811	35
811	68
811	75
811	400
811	446
811	490
811	719
811	745
811	787
811	795
811	832
811	899
811	978
811	979
812	67
812	187
812	199
812	353
812	368
812	406
812	471
812	477
812	502
812	590
812	642
812	658
812	789
812	847
813	207
813	431
813	459
813	494
813	565
813	660
813	696
813	913
813	915
813	920
813	943
813	947
813	985
813	996
814	10
814	208
814	269
814	315
814	579
814	582
814	773
814	836
814	850
814	890
814	931
814	948
814	968
814	983
815	63
815	171
815	263
815	265
815	285
815	323
815	381
815	539
815	653
815	714
815	741
815	870
815	880
815	887
816	171
816	206
816	285
816	361
816	386
816	434
816	537
816	589
816	643
816	644
816	793
816	880
816	909
816	980
817	396
817	409
817	432
817	494
817	616
817	620
817	657
817	673
817	693
817	745
817	915
817	945
817	982
817	985
818	111
818	116
818	140
818	437
818	546
818	562
818	709
818	725
818	773
818	821
818	875
818	950
818	953
818	997
818	999
819	119
819	148
819	201
819	414
819	435
819	548
819	613
819	759
819	783
819	801
819	869
819	897
819	935
819	956
819	960
820	157
820	375
820	468
820	516
820	605
820	643
820	711
820	760
820	790
820	809
820	831
820	846
820	852
820	922
820	946
821	42
821	53
821	245
821	314
821	376
821	510
821	556
821	606
821	634
821	640
821	709
821	803
821	818
821	888
821	950
822	59
822	84
822	462
822	628
822	650
822	661
822	718
822	735
822	793
822	798
822	806
822	888
822	975
822	994
822	999
823	179
823	549
823	581
823	591
823	638
823	685
823	701
823	806
823	845
823	850
823	857
823	860
823	893
823	963
823	1000
824	40
824	106
824	147
824	211
824	221
824	571
824	580
824	587
824	641
824	645
824	713
824	715
824	842
824	863
824	871
825	82
825	121
825	170
825	262
825	570
825	751
825	833
825	862
825	878
825	895
825	927
825	957
825	962
825	966
825	971
826	1
826	63
826	130
826	209
826	318
826	476
826	480
826	523
826	560
826	584
826	654
826	677
826	705
826	929
826	949
827	91
827	157
827	238
827	382
827	483
827	571
827	584
827	695
827	732
827	805
827	842
827	885
827	903
827	942
827	987
828	462
828	524
828	768
828	776
828	798
828	865
828	884
828	887
828	888
828	909
828	919
828	975
828	976
828	994
828	999
829	77
829	176
829	276
829	466
829	472
829	520
829	522
829	642
829	704
829	722
829	743
829	951
829	961
829	964
829	977
830	8
830	358
830	506
830	533
830	578
830	631
830	642
830	702
830	703
830	715
830	770
830	798
830	879
830	967
830	984
831	37
831	89
831	125
831	128
831	479
831	504
831	628
831	678
831	684
831	734
831	805
831	820
831	856
831	860
831	885
832	129
832	145
832	234
832	251
832	384
832	411
832	446
832	490
832	581
832	596
832	628
832	698
832	795
832	811
832	899
833	121
833	226
833	337
833	439
833	679
833	753
833	825
833	862
833	895
833	905
833	966
833	971
833	988
833	994
833	998
834	72
834	85
834	200
834	234
834	290
834	400
834	411
834	454
834	490
834	587
834	698
834	724
834	795
834	838
834	899
835	82
835	213
835	284
835	439
835	524
835	539
835	747
835	762
835	873
835	957
835	960
835	962
835	975
835	988
835	998
836	83
836	388
836	396
836	407
836	474
836	501
836	666
836	768
836	771
836	814
836	850
836	853
836	931
836	934
836	958
837	27
837	45
837	85
837	115
837	374
837	405
837	436
837	527
837	529
837	666
837	671
837	746
837	760
837	794
837	877
838	71
838	168
838	254
838	393
838	581
838	619
838	671
838	699
838	708
838	721
838	834
838	900
838	932
838	954
838	974
839	264
839	281
839	401
839	418
839	441
839	458
839	554
839	602
839	644
839	810
839	931
839	940
839	990
839	992
839	996
840	61
840	298
840	553
840	633
840	680
840	749
840	776
840	782
840	794
840	797
840	890
840	893
840	921
840	927
840	928
840	981
841	316
841	322
841	342
841	406
841	416
841	440
841	522
841	564
841	677
841	712
841	743
841	763
841	903
841	951
841	964
841	981
842	99
842	150
842	155
842	273
842	287
842	297
842	319
842	574
842	641
842	656
842	824
842	827
842	871
842	895
842	947
842	968
843	54
843	120
843	459
843	460
843	484
843	494
843	620
843	660
843	707
843	745
843	891
843	915
843	943
843	947
843	962
843	985
844	73
844	220
844	334
844	630
844	639
844	732
844	805
844	854
844	885
844	908
844	930
844	940
844	942
844	955
844	987
844	995
845	370
845	374
845	377
845	394
845	415
845	591
845	647
845	667
845	823
845	857
845	893
845	906
845	924
845	963
845	980
845	1000
846	154
846	157
846	488
846	492
846	516
846	561
846	659
846	661
846	760
846	767
846	809
846	820
846	877
846	922
846	946
846	961
847	162
847	266
847	277
847	341
847	352
847	368
847	406
847	590
847	635
847	667
847	747
847	781
847	812
847	859
847	885
847	959
848	60
848	403
848	729
848	743
848	754
848	764
848	849
848	854
848	905
848	910
848	917
848	925
848	936
848	937
848	983
848	986
849	192
849	249
849	252
849	335
849	392
849	583
849	665
849	729
849	754
849	777
849	848
849	854
849	905
849	910
849	936
849	983
850	24
850	74
850	83
850	184
850	306
850	384
850	388
850	579
850	617
850	679
850	681
850	814
850	823
850	836
850	868
850	946
851	107
851	144
851	145
851	159
851	189
851	375
851	389
851	408
851	604
851	616
851	625
851	645
851	772
851	853
851	945
851	996
852	77
852	98
852	154
852	232
852	273
852	372
852	468
852	516
852	561
852	643
852	760
852	820
852	908
852	922
852	936
852	946
853	105
853	142
853	176
853	184
853	256
853	329
853	361
853	396
853	407
853	640
853	679
853	771
853	836
853	851
853	855
853	942
854	226
854	243
854	318
854	320
854	322
854	533
854	703
854	777
854	844
854	848
854	849
854	905
854	910
854	925
854	936
854	983
855	113
855	143
855	291
855	462
855	583
855	594
855	612
855	708
855	786
855	853
855	865
855	909
855	975
855	976
855	994
855	999
856	46
856	89
856	217
856	270
856	360
856	455
856	609
856	630
856	684
856	691
856	807
856	831
856	892
856	918
856	979
856	989
857	65
857	102
857	121
857	231
857	383
857	534
857	591
857	638
857	675
857	677
857	706
857	823
857	845
857	906
857	964
857	980
858	7
858	275
858	447
858	543
858	681
858	685
858	697
858	739
858	764
858	766
858	800
858	901
858	913
858	941
858	952
858	965
859	78
859	141
859	199
859	218
859	233
859	258
859	368
859	477
859	658
859	747
859	748
859	847
859	860
859	864
859	881
859	971
860	89
860	128
860	233
860	430
860	450
860	479
860	600
860	609
860	615
860	684
860	734
860	823
860	831
860	859
860	863
860	989
861	30
861	119
861	215
861	359
861	398
861	439
861	514
861	526
861	528
861	595
861	686
861	689
861	771
861	780
861	783
861	897
862	127
862	156
862	160
862	176
862	203
862	242
862	564
862	575
862	825
862	833
862	864
862	895
862	922
862	939
862	997
862	998
863	175
863	191
863	274
863	328
863	366
863	444
863	451
863	478
863	484
863	702
863	824
863	860
863	871
863	901
863	902
863	949
864	52
864	146
864	153
864	212
864	225
864	246
864	349
864	437
864	513
864	570
864	709
864	859
864	862
864	867
864	870
864	950
865	26
865	59
865	236
865	313
865	376
865	422
865	628
865	674
865	797
865	806
865	828
865	855
865	866
865	888
865	975
865	999
866	114
866	122
866	157
866	214
866	247
866	453
866	567
866	673
866	694
866	717
866	742
866	785
866	800
866	803
866	865
866	870
866	996
867	4
867	90
867	111
867	468
867	469
867	482
867	570
867	601
867	663
867	689
867	709
867	748
867	763
867	786
867	864
867	875
867	950
868	57
868	121
868	213
868	226
868	242
868	246
868	325
868	364
868	473
868	568
868	785
868	802
868	850
868	919
868	939
868	962
868	971
869	14
869	235
869	372
869	373
869	520
869	568
869	629
869	670
869	678
869	726
869	737
869	819
869	886
869	898
869	918
869	958
869	994
870	173
870	245
870	272
870	294
870	317
870	437
870	482
870	510
870	663
870	756
870	773
870	815
870	864
870	866
870	875
870	896
870	950
871	99
871	106
871	236
871	273
871	302
871	346
871	452
871	525
871	574
871	627
871	696
871	799
871	824
871	842
871	863
871	874
871	968
872	10
872	97
872	272
872	496
872	498
872	529
872	600
872	609
872	671
872	683
872	719
872	775
872	791
872	798
872	898
872	930
872	954
873	47
873	62
873	226
873	275
873	310
873	370
873	473
873	566
873	655
873	690
873	835
873	925
873	933
873	939
873	957
873	971
873	988
874	29
874	169
874	221
874	236
874	272
874	313
874	320
874	405
874	419
874	436
874	671
874	719
874	775
874	871
874	876
874	902
874	973
875	4
875	291
875	294
875	317
875	471
875	510
875	546
875	567
875	599
875	725
875	818
875	867
875	870
875	876
875	953
875	982
875	989
876	73
876	192
876	292
876	321
876	491
876	530
876	669
876	710
876	764
876	805
876	874
876	875
876	885
876	920
876	938
876	942
876	995
877	10
877	45
877	147
877	280
877	312
877	313
877	334
877	374
877	502
877	536
877	566
877	719
877	781
877	837
877	846
877	902
877	913
878	13
878	14
878	15
878	165
878	288
878	307
878	355
878	391
878	395
878	470
878	519
878	585
878	610
878	692
878	806
878	825
878	921
879	5
879	169
879	333
879	353
879	481
879	515
879	558
879	619
879	676
879	742
879	787
879	830
879	882
879	892
879	904
879	983
879	984
880	91
880	206
880	265
880	381
880	386
880	402
880	440
880	493
880	621
880	653
880	655
880	714
880	815
880	816
880	887
880	935
880	993
881	21
881	162
881	217
881	352
881	406
881	449
881	566
881	667
881	687
881	727
881	747
881	748
881	859
881	882
881	955
881	959
881	988
882	23
882	98
882	207
882	276
882	378
882	459
882	494
882	537
882	696
882	721
882	740
882	879
882	881
882	891
882	915
882	943
882	985
883	20
883	268
883	332
883	342
883	466
883	472
883	473
883	522
883	694
883	738
883	763
883	779
883	887
883	909
883	951
883	977
883	981
884	36
884	94
884	156
884	213
884	236
884	376
884	390
884	411
884	518
884	594
884	828
884	890
884	909
884	976
884	978
884	994
884	999
885	18
885	42
885	483
885	500
885	509
885	569
885	639
885	732
885	827
885	831
885	844
885	847
885	876
885	903
885	938
885	987
885	995
886	11
886	15
886	86
886	123
886	182
886	284
886	464
886	572
886	655
886	726
886	869
886	893
886	918
886	923
886	930
886	969
886	990
887	206
887	263
887	265
887	285
887	287
887	386
887	434
887	440
887	589
887	621
887	714
887	793
887	815
887	828
887	880
887	883
887	924
887	997
888	41
888	113
888	249
888	409
888	583
888	594
888	628
888	637
888	754
888	798
888	821
888	822
888	828
888	865
888	906
888	950
888	976
888	999
889	44
889	82
889	203
889	264
889	327
889	367
889	433
889	455
889	458
889	461
889	623
889	629
889	644
889	907
889	912
889	986
889	990
889	996
890	2
890	74
890	230
890	269
890	315
890	388
890	407
890	461
890	557
890	579
890	631
890	636
890	660
890	679
890	814
890	840
890	884
890	894
891	17
891	54
891	98
891	351
891	367
891	378
891	459
891	611
891	657
891	673
891	693
891	700
891	805
891	843
891	882
891	943
891	950
891	985
892	309
892	360
892	373
892	430
892	450
892	504
892	526
892	609
892	615
892	649
892	665
892	691
892	734
892	807
892	856
892	879
892	900
892	989
893	113
893	179
893	244
893	325
893	448
893	464
893	549
893	551
893	591
893	628
893	706
893	823
893	840
893	845
893	886
893	896
893	924
893	993
894	48
894	149
894	216
894	365
894	542
894	546
894	597
894	603
894	688
894	720
894	761
894	797
894	890
894	908
894	929
894	941
894	951
894	965
895	78
895	296
895	337
895	400
895	403
895	690
895	802
895	825
895	833
895	842
895	862
895	957
895	962
895	966
895	988
895	997
895	998
895	1000
896	118
896	183
896	244
896	268
896	350
896	371
896	408
896	508
896	549
896	552
896	706
896	806
896	870
896	893
896	942
896	980
896	993
896	1000
897	56
897	227
897	304
897	413
897	424
897	468
897	546
897	614
897	624
897	707
897	766
897	783
897	784
897	788
897	819
897	861
897	935
897	976
898	14
898	34
898	95
898	134
898	144
898	155
898	215
898	235
898	286
898	373
898	536
898	655
898	737
898	869
898	872
898	909
898	918
898	923
899	68
899	85
899	200
899	282
899	295
899	411
899	454
899	596
899	698
899	721
899	775
899	811
899	832
899	834
899	911
899	971
899	979
899	999
900	168
900	222
900	232
900	254
900	390
900	393
900	418
900	581
900	583
900	584
900	699
900	792
900	838
900	892
900	901
900	932
900	954
900	974
901	48
901	324
901	379
901	428
901	495
901	603
901	667
901	741
901	858
901	863
901	900
901	903
901	908
901	911
901	941
901	945
901	952
901	965
902	27
902	29
902	271
902	313
902	374
902	399
902	496
902	561
902	571
902	682
902	719
902	744
902	791
902	863
902	874
902	877
902	973
902	992
903	44
903	321
903	387
903	457
903	499
903	530
903	568
903	573
903	730
903	744
903	750
903	827
903	841
903	885
903	901
903	938
903	942
903	987
904	283
904	333
904	353
904	358
904	461
904	495
904	515
904	523
904	552
904	569
904	659
904	703
904	712
904	755
904	787
904	879
904	923
904	984
905	60
905	239
905	241
905	242
905	320
905	392
905	559
905	564
905	619
905	729
905	754
905	777
905	833
905	848
905	849
905	854
905	924
905	925
905	998
906	15
906	140
906	167
906	205
906	268
906	383
906	394
906	425
906	534
906	638
906	701
906	775
906	793
906	845
906	857
906	888
906	963
906	980
906	993
907	88
907	103
907	109
907	112
907	138
907	200
907	238
907	267
907	356
907	442
907	467
907	647
907	685
907	736
907	789
907	796
907	889
907	937
907	969
908	269
908	371
908	542
908	681
908	685
908	688
908	720
908	723
908	741
908	761
908	784
908	844
908	852
908	894
908	901
908	913
908	922
908	952
908	965
909	10
909	61
909	80
909	462
909	532
909	628
909	650
909	674
909	682
909	816
909	828
909	855
909	883
909	884
909	898
909	975
909	976
909	994
909	999
910	239
910	243
910	335
910	383
910	403
910	545
910	555
910	559
910	729
910	754
910	777
910	848
910	849
910	854
910	918
910	925
910	936
910	983
910	992
911	49
911	51
911	193
911	194
911	247
911	271
911	286
911	303
911	341
911	429
911	545
911	605
911	782
911	899
911	901
911	916
911	917
911	934
911	991
912	34
912	87
912	134
912	222
912	300
912	336
912	464
912	572
912	652
912	670
912	678
912	686
912	726
912	737
912	889
912	914
912	918
912	923
912	958
913	216
913	223
913	299
913	342
913	420
913	428
913	495
913	543
913	685
913	688
913	720
913	741
913	761
913	793
913	813
913	858
913	877
913	908
913	945
914	58
914	86
914	93
914	113
914	123
914	134
914	180
914	197
914	373
914	464
914	538
914	595
914	670
914	716
914	726
914	912
914	923
914	958
914	975
915	306
915	351
915	431
915	460
915	499
915	537
915	553
915	611
915	620
915	657
915	672
915	700
915	738
915	813
915	817
915	843
915	882
915	916
915	943
916	49
916	137
916	185
916	194
916	229
916	247
916	323
916	413
916	417
916	497
916	525
916	545
916	614
916	661
916	662
916	911
916	915
916	934
916	991
917	12
917	185
917	247
917	271
917	286
917	311
917	316
917	331
917	429
917	497
917	545
917	605
917	661
917	662
917	848
917	911
917	934
917	945
917	991
918	55
918	155
918	227
918	231
918	273
918	284
918	464
918	572
918	643
918	678
918	716
918	856
918	869
918	886
918	898
918	910
918	912
918	923
918	958
919	37
919	62
919	156
919	213
919	310
919	339
919	354
919	364
919	383
919	575
919	711
919	802
919	828
919	868
919	921
919	939
919	966
919	971
919	998
920	165
920	202
920	219
920	240
920	307
920	355
920	391
920	395
920	470
920	585
920	614
920	626
920	710
920	718
920	813
920	876
920	936
920	972
920	994
921	38
921	367
921	430
921	448
921	457
921	577
921	633
921	736
921	751
921	782
921	794
921	797
921	840
921	878
921	919
921	927
921	970
921	978
921	998
922	77
922	98
922	372
922	443
922	468
922	492
922	560
922	561
922	578
922	622
922	711
922	809
922	820
922	846
922	852
922	862
922	908
922	946
922	957
923	55
923	65
923	86
923	95
923	227
923	373
923	399
923	429
923	655
923	716
923	722
923	737
923	886
923	898
923	904
923	912
923	914
923	918
923	947
923	958
924	7
924	228
924	252
924	292
924	330
924	371
924	383
924	394
924	425
924	441
924	508
924	549
924	551
924	625
924	701
924	845
924	887
924	893
924	905
924	993
925	188
925	239
925	241
925	252
925	392
925	403
925	407
925	416
925	581
925	582
925	729
925	754
925	790
925	848
925	854
925	873
925	905
925	910
925	936
925	983
926	64
926	122
926	158
926	260
926	419
926	445
926	456
926	458
926	478
926	642
926	665
926	673
926	694
926	717
926	742
926	785
926	803
926	937
926	938
926	997
927	51
927	110
927	256
927	401
927	607
927	632
927	680
927	749
927	766
927	769
927	776
927	782
927	794
927	797
927	825
927	840
927	921
927	928
927	930
927	978
928	110
928	239
928	401
928	512
928	532
928	553
928	577
928	607
928	736
928	749
928	751
928	782
928	797
928	840
928	927
928	929
928	931
928	937
928	970
928	978
929	39
929	85
929	100
929	151
929	152
929	209
929	274
929	300
929	311
929	523
929	622
929	637
929	654
929	746
929	826
929	894
929	928
929	932
929	948
929	949
930	115
930	122
930	226
930	238
930	272
930	334
930	491
930	501
930	502
930	529
930	571
930	599
930	671
930	775
930	791
930	844
930	872
930	886
930	927
930	941
931	279
931	303
931	306
931	404
931	437
931	449
931	461
931	474
931	579
931	636
931	640
931	666
931	771
931	805
931	814
931	836
931	839
931	928
931	936
931	939
932	3
932	19
932	79
932	222
932	229
932	232
932	253
932	254
932	390
932	694
932	699
932	708
932	722
932	792
932	838
932	900
932	929
932	944
932	974
932	985
933	33
933	101
933	164
933	167
933	248
933	255
933	266
933	347
933	369
933	385
933	415
933	511
933	692
933	707
933	731
933	768
933	790
933	873
933	951
933	976
934	12
934	49
934	137
934	194
934	247
934	251
934	429
934	497
934	545
934	605
934	662
934	836
934	911
934	916
934	917
934	944
934	946
934	981
934	988
934	991
935	17
935	28
935	215
935	337
935	351
935	435
935	453
935	489
935	548
935	613
935	614
935	624
935	727
935	780
935	801
935	819
935	880
935	897
935	942
935	956
936	188
936	239
936	252
936	320
936	322
936	403
936	559
936	594
936	649
936	668
936	729
936	777
936	848
936	849
936	852
936	854
936	910
936	920
936	925
936	931
936	983
937	88
937	103
937	115
937	162
937	210
937	267
937	343
937	350
937	438
937	442
937	467
937	517
937	646
937	796
937	808
937	848
937	907
937	926
937	928
937	958
937	969
938	18
938	261
938	265
938	321
938	499
938	517
938	530
938	584
938	622
938	695
938	714
938	744
938	805
938	876
938	885
938	903
938	926
938	940
938	942
938	977
938	987
939	31
939	242
939	370
939	479
939	524
939	539
939	587
939	608
939	753
939	862
939	868
939	873
939	919
939	931
939	957
939	962
939	972
939	988
939	995
939	998
939	999
940	18
940	99
940	257
940	387
940	426
940	427
940	453
940	477
940	482
940	573
940	584
940	618
940	710
940	732
940	757
940	839
940	844
940	938
940	941
940	987
940	995
941	48
941	60
941	69
941	93
941	102
941	120
941	166
941	345
941	495
941	498
941	543
941	596
941	603
941	685
941	858
941	894
941	901
941	930
941	940
941	945
941	965
942	73
942	115
942	220
942	382
942	489
942	584
942	639
942	656
942	710
942	729
942	757
942	764
942	827
942	844
942	853
942	876
942	896
942	903
942	935
942	938
942	995
943	52
943	319
943	431
943	432
943	460
943	494
943	535
943	660
943	672
943	693
943	700
943	745
943	813
943	843
943	882
943	891
943	915
943	946
943	947
943	950
943	972
944	96
944	99
944	111
944	175
944	211
944	297
944	299
944	346
944	422
944	444
944	452
944	466
944	510
944	574
944	586
944	613
944	627
944	756
944	932
944	934
944	984
945	216
945	365
945	428
945	444
945	447
945	478
945	543
945	603
945	681
945	688
945	697
945	723
945	724
945	817
945	851
945	901
945	913
945	917
945	941
945	952
945	968
946	77
946	154
946	372
946	379
946	414
946	443
946	468
946	492
946	643
946	711
946	760
946	781
946	809
946	820
946	846
946	850
946	852
946	922
946	934
946	943
946	951
947	17
947	206
947	276
947	351
947	432
947	460
947	537
947	589
947	620
947	660
947	672
947	693
947	696
947	768
947	813
947	842
947	843
947	923
947	943
947	985
947	987
948	46
948	47
948	74
948	83
948	139
948	184
948	216
948	384
948	404
948	412
948	582
948	617
948	631
948	640
948	666
948	745
948	771
948	778
948	814
948	929
948	994
949	22
949	53
949	100
949	152
949	274
949	305
949	311
949	349
949	354
949	480
949	481
949	487
949	596
949	622
949	654
949	677
949	705
949	727
949	746
949	826
949	863
949	929
950	53
950	225
950	270
950	291
950	294
950	330
950	437
950	510
950	513
950	606
950	634
950	663
950	711
950	786
950	818
950	821
950	864
950	867
950	870
950	888
950	891
950	943
951	16
951	20
951	139
951	223
951	261
951	357
951	586
951	640
951	712
951	738
951	740
951	743
951	774
951	829
951	841
951	883
951	894
951	933
951	946
951	964
951	977
951	981
952	39
952	166
952	324
952	365
952	379
952	390
952	447
952	500
952	521
952	655
952	658
952	703
952	720
952	723
952	741
952	761
952	858
952	901
952	908
952	945
952	953
952	957
953	58
953	134
953	140
953	277
953	290
953	291
953	304
953	317
953	446
953	505
953	513
953	556
953	606
953	725
953	773
953	786
953	818
953	875
953	952
953	957
953	979
953	982
954	3
954	25
954	79
954	195
954	196
954	232
954	254
954	390
954	393
954	451
954	467
954	581
954	592
954	699
954	792
954	838
954	872
954	900
954	956
954	974
954	987
954	988
955	67
955	112
955	172
955	177
955	187
955	250
955	352
955	368
955	406
955	471
955	486
955	496
955	497
955	635
955	658
955	667
955	683
955	748
955	765
955	844
955	881
955	976
956	17
956	94
956	204
956	304
956	413
956	435
956	541
956	554
956	595
956	624
956	646
956	686
956	754
956	759
956	788
956	801
956	808
956	810
956	819
956	935
956	954
956	957
957	127
957	213
957	473
957	558
957	575
957	608
957	690
957	742
957	762
957	802
957	825
957	835
957	873
957	895
957	922
957	939
957	952
957	953
957	956
957	962
957	966
957	995
958	14
958	87
958	134
958	155
958	182
958	197
958	235
958	464
958	475
958	593
958	655
958	670
958	716
958	755
958	836
958	869
958	912
958	914
958	918
958	923
958	937
958	959
959	20
959	59
959	67
959	143
959	162
959	177
959	187
959	199
959	218
959	258
959	352
959	555
959	566
959	590
959	700
959	748
959	765
959	781
959	847
959	881
959	958
959	985
960	53
960	56
960	132
960	148
960	183
960	204
960	304
960	359
960	393
960	530
960	541
960	554
960	563
960	614
960	618
960	686
960	759
960	766
960	801
960	819
960	835
960	981
961	13
961	230
961	258
961	278
961	319
961	357
961	448
961	465
961	476
961	522
961	565
961	722
961	749
961	752
961	763
961	774
961	779
961	799
961	829
961	846
961	964
961	969
962	31
962	82
962	130
962	156
962	262
962	346
962	412
962	432
962	631
962	690
962	691
962	753
962	762
962	802
962	825
962	835
962	843
962	868
962	895
962	939
962	957
962	971
963	102
963	118
963	149
963	198
963	248
963	268
963	278
963	330
963	371
963	451
963	508
963	638
963	680
963	688
963	746
963	823
963	845
963	906
963	970
963	980
963	993
963	1000
964	13
964	158
964	160
964	223
964	261
964	307
964	342
964	397
964	565
964	662
964	697
964	738
964	752
964	767
964	774
964	779
964	799
964	829
964	841
964	857
964	951
964	961
964	981
965	31
965	45
965	71
965	120
965	216
965	275
965	379
965	404
965	420
965	447
965	521
965	598
965	664
965	685
965	697
965	720
965	741
965	858
965	894
965	901
965	908
965	941
965	974
966	47
966	78
966	126
966	233
966	339
966	348
966	362
966	363
966	370
966	420
966	524
966	539
966	601
966	713
966	753
966	825
966	833
966	895
966	919
966	957
966	971
966	988
966	997
967	5
967	105
967	353
967	423
967	474
967	533
967	552
967	558
967	559
967	569
967	578
967	593
967	642
967	653
967	659
967	715
967	755
967	764
967	767
967	787
967	830
967	984
967	996
968	34
968	67
968	191
968	211
968	250
968	259
968	273
968	346
968	422
968	444
968	478
968	531
968	580
968	613
968	627
968	668
968	756
968	814
968	842
968	871
968	945
968	969
968	970
969	18
969	103
969	135
969	138
969	180
969	210
969	230
969	343
969	356
969	438
969	442
969	467
969	470
969	509
969	537
969	588
969	646
969	796
969	886
969	907
969	937
969	961
969	968
970	6
970	38
970	51
970	110
970	174
970	185
970	260
970	280
970	553
970	607
970	613
970	632
970	633
970	749
970	776
970	782
970	797
970	921
970	928
970	963
970	968
970	971
970	978
971	160
971	233
971	235
971	246
971	281
971	364
971	421
971	439
971	753
971	762
971	779
971	802
971	825
971	833
971	859
971	868
971	873
971	899
971	919
971	962
971	966
971	970
971	988
972	15
972	39
972	163
972	165
972	202
972	211
972	213
972	240
972	307
972	331
972	340
972	391
972	395
972	470
972	585
972	610
972	626
972	692
972	798
972	920
972	939
972	943
972	978
973	136
973	192
973	221
973	237
973	280
973	334
973	361
973	405
973	419
973	436
973	501
973	571
973	599
973	600
973	638
973	683
973	724
973	791
973	796
973	808
973	874
973	902
973	974
974	25
974	104
974	168
974	195
974	222
974	229
974	232
974	253
974	372
974	390
974	393
974	414
974	485
974	493
974	592
974	699
974	838
974	900
974	932
974	954
974	965
974	973
974	979
975	59
975	66
975	80
975	301
975	332
975	376
975	518
975	560
975	583
975	608
975	674
975	681
975	783
975	798
975	822
975	828
975	835
975	855
975	865
975	909
975	914
975	976
975	994
976	26
976	66
976	84
976	168
976	198
976	249
976	302
976	514
976	518
976	550
976	563
976	628
976	768
976	798
976	828
976	855
976	884
976	888
976	897
976	909
976	933
976	955
976	975
977	22
977	176
977	190
977	223
977	293
977	319
977	332
977	342
977	397
977	438
977	472
977	476
977	531
977	564
977	598
977	721
977	752
977	799
977	829
977	883
977	938
977	951
977	978
978	6
978	38
978	61
978	365
978	515
978	553
978	607
978	633
978	676
978	736
978	749
978	751
978	776
978	782
978	797
978	811
978	884
978	921
978	927
978	928
978	970
978	972
978	977
979	35
979	75
979	200
979	251
979	282
979	290
979	301
979	400
979	405
979	411
979	446
979	454
979	490
979	576
979	596
979	698
979	704
979	721
979	795
979	811
979	856
979	899
979	953
979	974
980	7
980	73
980	80
980	129
980	133
980	205
980	244
980	289
980	299
980	377
980	385
980	441
980	448
980	672
980	701
980	748
980	769
980	816
980	845
980	857
980	896
980	906
980	963
980	1000
981	13
981	16
981	20
981	124
981	266
981	308
981	332
981	397
981	428
981	472
981	484
981	564
981	565
981	722
981	752
981	779
981	840
981	841
981	883
981	934
981	951
981	960
981	964
981	990
982	58
982	153
982	172
982	245
982	291
982	294
982	377
982	424
982	459
982	482
982	493
982	505
982	513
982	570
982	601
982	606
982	651
982	685
982	709
982	758
982	817
982	875
982	953
982	983
983	60
983	107
983	188
983	241
983	243
983	252
983	322
983	335
983	403
983	559
983	691
983	729
983	754
983	759
983	814
983	848
983	849
983	854
983	879
983	910
983	925
983	936
983	982
983	987
984	61
984	283
984	401
984	481
984	515
984	533
984	552
984	558
984	578
984	593
984	610
984	642
984	659
984	703
984	715
984	729
984	755
984	830
984	879
984	904
984	944
984	967
984	990
984	992
985	50
985	72
985	207
985	276
985	334
985	409
985	432
985	576
985	611
985	660
985	670
985	696
985	700
985	745
985	754
985	813
985	817
985	843
985	882
985	891
985	932
985	947
985	959
985	991
986	127
986	131
986	144
986	148
986	189
986	190
986	293
986	375
986	380
986	389
986	408
986	558
986	625
986	668
986	675
986	720
986	723
986	728
986	740
986	770
986	772
986	804
986	848
986	889
987	18
987	42
987	91
987	240
987	257
987	298
987	321
987	573
987	606
987	618
987	630
987	682
987	730
987	750
987	805
987	827
987	844
987	885
987	903
987	938
987	940
987	947
987	954
987	983
988	31
988	62
988	104
988	295
988	339
988	391
988	395
988	473
988	608
988	751
988	762
988	763
988	833
988	835
988	873
988	881
988	895
988	934
988	939
988	954
988	966
988	971
988	997
988	998
989	37
989	64
989	89
989	114
989	128
989	186
989	270
989	309
989	312
989	430
989	450
989	481
989	504
989	609
989	649
989	684
989	691
989	714
989	734
989	807
989	856
989	860
989	875
989	892
990	3
990	104
990	110
990	281
990	326
990	327
990	338
990	418
990	433
990	456
990	458
990	506
990	526
990	576
990	602
990	618
990	810
990	839
990	886
990	889
990	981
990	984
990	992
990	996
991	84
991	137
991	185
991	195
991	198
991	271
991	286
991	323
991	341
991	417
991	429
991	497
991	545
991	605
991	661
991	662
991	666
991	708
991	911
991	916
991	917
991	934
991	985
991	1000
992	104
992	161
992	203
992	327
992	338
992	367
992	506
992	526
992	559
992	576
992	623
992	629
992	644
992	683
992	687
992	782
992	810
992	839
992	902
992	910
992	984
992	990
992	995
992	996
993	118
993	123
993	126
993	129
993	133
993	205
993	231
993	240
993	289
993	377
993	396
993	425
993	460
993	534
993	590
993	701
993	706
993	745
993	806
993	880
993	893
993	896
993	906
993	924
993	963
994	41
994	59
994	81
994	236
994	302
994	376
994	518
994	532
994	580
994	583
994	594
994	599
994	650
994	768
994	786
994	822
994	828
994	833
994	855
994	869
994	884
994	909
994	920
994	948
994	975
995	135
995	188
995	220
995	292
995	321
995	382
995	387
995	584
995	607
995	618
995	631
995	695
995	730
995	744
995	757
995	764
995	805
995	844
995	876
995	885
995	939
995	940
995	942
995	957
995	992
996	44
996	181
996	281
996	326
996	338
996	343
996	367
996	433
996	506
996	526
996	576
996	602
996	612
996	629
996	652
996	656
996	810
996	813
996	839
996	851
996	866
996	889
996	967
996	990
996	992
997	78
997	127
997	130
997	160
997	184
997	191
997	262
997	295
997	296
997	310
997	358
997	439
997	525
997	539
997	575
997	690
997	818
997	862
997	887
997	895
997	926
997	966
997	988
997	998
997	1000
998	127
998	160
998	170
998	233
998	246
998	295
998	341
998	362
998	473
998	505
998	608
998	625
998	690
998	705
998	780
998	833
998	835
998	862
998	895
998	905
998	919
998	921
998	939
998	988
998	997
999	80
999	94
999	210
999	227
999	236
999	284
999	344
999	426
999	497
999	532
999	583
999	628
999	674
999	730
999	798
999	818
999	822
999	828
999	855
999	865
999	884
999	888
999	899
999	909
999	939
1000	149
1000	172
1000	214
1000	231
1000	289
1000	325
1000	369
1000	377
1000	394
1000	425
1000	534
1000	549
1000	551
1000	680
1000	701
1000	706
1000	714
1000	823
1000	845
1000	895
1000	896
1000	963
1000	980
1000	991
1000	997
