1	33 
2	120 
3	21 
4	80 
5	38 
6	13 
7	89 
8	135 
9	84 
10	69 
11	22 
12	91 
13	80 
14	70 
15	26 
16	59 
17	49 
18	66 
19	141 
20	86 
21	62 
22	35 
23	110 
24	101 
25	124 
26	126 
27	121 
28	61 
29	97 
30	150 
31	47 
32	98 
33	48 
34	14 
35	140 
36	20 
37	110 
38	27 
39	22 
40	17 
41	89 
42	81 
43	143 
44	104 
45	69 
46	107 
47	8 
48	30 
49	3 
50	144 
51	104 
52	140 
53	63 
54	45 
55	109 
56	3 
57	92 
58	67 
59	21 
60	102 
61	139 
62	141 
63	109 
64	9 
65	11 
66	146 
67	82 
68	137 
69	38 
70	46 
71	46 
72	68 
73	88 
74	30 
75	66 
76	36 
77	62 
78	75 
79	37 
80	76 
81	28 
82	22 
83	7 
84	146 
85	73 
86	17 
87	28 
88	73 
89	78 
90	76 
91	35 
92	115 
93	108 
94	140 
95	67 
96	37 
97	26 
98	146 
99	76 
100	75 
101	128 
102	148 
103	70 
104	68 
105	24 
106	76 
107	65 
108	79 
109	57 
110	84 
111	84 
112	14 
113	13 
114	53 
115	93 
116	77 
117	99 
118	83 
119	78 
120	75 
121	145 
122	76 
123	111 
124	143 
125	11 
126	114 
127	19 
128	71 
129	63 
130	17 
131	89 
132	19 
133	50 
134	63 
135	87 
136	123 
137	87 
138	23 
139	100 
140	116 
141	21 
142	84 
143	134 
144	68 
145	67 
146	140 
147	70 
148	7 
149	76 
150	93 
151	131 
152	73 
153	106 
154	100 
155	121 
156	83 
157	90 
158	132 
159	53 
160	106 
161	150 
162	121 
163	60 
164	149 
165	101 
166	3 
167	73 
168	68 
169	84 
170	67 
171	134 
172	121 
173	101 
174	117 
175	119 
176	89 
177	116 
178	152 
179	60 
180	50 
181	27 
182	36 
183	49 
184	36 
185	12 
186	133 
187	25 
188	95 
189	90 
190	121 
191	94 
192	8 
193	80 
194	101 
195	3 
196	88 
197	131 
198	6 
199	67 
200	99 
201	56 
202	1 
203	151 
204	126 
205	7 
206	107 
207	36 
208	37 
209	31 
210	64 
211	114 
212	57 
213	49 
214	30 
215	106 
216	65 
217	140 
218	71 
219	110 
220	49 
221	20 
222	141 
223	78 
224	47 
225	82 
226	5 
227	130 
228	145 
229	99 
230	60 
231	119 
232	115 
233	57 
234	47 
235	68 
236	115 
237	95 
238	112 
239	131 
240	103 
241	36 
242	19 
243	50 
244	3 
245	45 
246	80 
247	65 
248	137 
249	106 
250	129 
251	90 
252	40 
253	65 
254	53 
255	95 
256	41 
257	11 
258	110 
259	98 
260	45 
261	119 
262	3 
263	112 
264	122 
265	147 
266	121 
267	5 
268	134 
269	50 
270	106 
271	48 
272	133 
273	65 
274	36 
275	127 
276	87 
277	145 
278	21 
279	95 
280	48 
281	61 
282	33 
283	139 
284	129 
285	10 
286	28 
287	97 
288	56 
289	77 
290	83 
291	6 
292	73 
293	94 
294	71 
295	105 
296	42 
297	68 
298	7 
299	58 
300	82 
301	121 
302	61 
303	35 
304	118 
305	76 
306	112 
307	80 
308	13 
309	5 
310	138 
311	124 
312	31 
313	80 
314	14 
315	131 
316	151 
317	115 
318	138 
319	118 
320	102 
321	72 
322	15 
323	33 
324	82 
325	23 
326	90 
327	120 
328	14 
329	74 
330	18 
331	69 
332	60 
333	38 
334	81 
335	115 
336	116 
337	33 
338	24 
339	23 
340	8 
341	24 
342	6 
343	100 
344	153 
345	5 
346	18 
347	15 
348	30 
349	96 
350	78 
351	23 
352	99 
353	89 
354	132 
355	112 
356	150 
357	18 
358	128 
359	144 
360	140 
361	41 
362	97 
363	92 
364	148 
365	152 
366	1 
367	119 
368	75 
369	121 
370	63 
371	94 
372	113 
373	149 
374	147 
375	90 
376	94 
377	100 
378	139 
379	45 
380	129 
381	64 
382	83 
383	43 
384	83 
385	102 
386	138 
387	98 
388	25 
389	143 
390	93 
391	72 
392	78 
393	96 
394	63 
395	58 
396	88 
397	138 
398	84 
399	68 
400	104 
401	153 
402	95 
403	91 
404	71 
405	21 
406	122 
407	7 
408	146 
409	135 
410	39 
411	88 
412	30 
413	142 
414	140 
415	117 
416	48 
417	123 
418	32 
419	53 
420	37 
421	21 
422	88 
423	85 
424	3 
425	134 
426	114 
427	10 
428	73 
429	61 
430	107 
431	112 
432	4 
433	123 
434	62 
435	36 
436	118 
437	117 
438	91 
439	25 
440	5 
441	68 
442	74 
443	146 
444	124 
445	83 
446	135 
447	71 
448	82 
449	60 
450	21 
451	16 
452	21 
453	17 
454	68 
455	6 
456	78 
457	95 
458	135 
459	54 
460	14 
461	92 
462	58 
463	88 
464	93 
465	4 
466	27 
467	49 
468	18 
469	33 
470	44 
471	149 
472	76 
473	59 
474	11 
475	95 
476	151 
477	6 
478	70 
479	50 
480	152 
481	53 
482	131 
483	101 
484	123 
485	47 
486	83 
487	51 
488	13 
489	100 
490	66 
491	1 
492	104 
493	149 
494	100 
495	120 
496	150 
497	101 
498	62 
499	47 
500	21 
501	110 
502	42 
503	139 
504	80 
505	19 
506	14 
507	28 
508	16 
509	82 
510	131 
511	122 
512	25 
513	48 
514	99 
515	45 
516	135 
517	92 
518	5 
519	63 
520	88 
521	53 
522	38 
523	84 
524	28 
525	103 
526	87 
527	2 
528	129 
529	9 
530	53 
531	111 
532	122 
533	20 
534	80 
535	31 
536	145 
537	62 
538	113 
539	85 
540	108 
541	44 
542	91 
543	51 
544	42 
545	140 
546	85 
547	80 
548	44 
549	122 
550	81 
551	151 
552	96 
553	80 
554	94 
555	39 
556	43 
557	121 
558	129 
559	149 
560	145 
561	139 
562	21 
563	137 
564	132 
565	76 
566	89 
567	117 
568	117 
569	73 
570	132 
571	32 
572	87 
573	143 
574	82 
575	13 
576	153 
577	38 
578	14 
579	84 
580	138 
581	133 
582	151 
583	12 
584	107 
585	126 
586	7 
587	101 
588	29 
589	10 
590	55 
591	71 
592	68 
593	143 
594	21 
595	45 
596	93 
597	134 
598	92 
599	68 
600	142 
601	21 
602	44 
603	59 
604	110 
605	47 
606	96 
607	12 
608	48 
609	36 
610	144 
611	42 
612	148 
613	145 
614	108 
615	29 
616	2 
617	92 
618	145 
619	40 
620	121 
621	92 
622	15 
623	42 
624	82 
625	41 
626	128 
627	30 
628	4 
629	58 
630	143 
631	4 
632	119 
633	136 
634	18 
635	63 
636	82 
637	67 
638	70 
639	82 
640	107 
641	7 
642	21 
643	149 
644	59 
645	41 
646	89 
647	47 
648	142 
649	57 
650	120 
651	126 
652	64 
653	61 
654	137 
655	39 
656	57 
657	80 
658	147 
659	42 
660	137 
661	68 
662	32 
663	91 
664	8 
665	24 
666	30 
667	71 
668	138 
669	125 
670	152 
671	62 
672	70 
673	89 
674	118 
675	8 
676	111 
677	71 
678	13 
679	73 
680	53 
681	8 
682	104 
683	133 
684	64 
685	25 
686	149 
687	29 
688	6 
689	16 
690	96 
691	86 
692	111 
693	128 
694	33 
695	111 
696	82 
697	132 
698	63 
699	8 
700	54 
701	69 
702	80 
703	88 
704	100 
705	135 
706	4 
707	103 
708	119 
709	92 
710	152 
711	43 
712	70 
713	2 
714	43 
715	29 
716	27 
717	74 
718	28 
719	130 
720	66 
721	71 
722	124 
723	15 
724	69 
725	10 
726	71 
727	109 
728	150 
729	16 
730	48 
731	43 
732	110 
733	17 
734	142 
735	51 
736	107 
737	140 
738	149 
739	94 
740	132 
741	3 
742	32 
743	87 
744	108 
745	37 
746	124 
747	92 
748	69 
749	63 
750	101 
751	7 
752	149 
753	10 
754	99 
755	110 
756	40 
757	6 
758	147 
759	29 
760	14 
761	64 
762	66 
763	4 
764	135 
765	8 
766	20 
767	133 
768	102 
769	71 
770	127 
771	111 
772	49 
773	89 
774	31 
775	100 
776	21 
777	119 
778	21 
779	151 
780	105 
781	11 
782	31 
783	105 
784	3 
785	121 
786	147 
787	122 
788	120 
789	50 
790	23 
791	85 
792	133 
793	79 
794	132 
795	78 
796	129 
797	49 
798	87 
799	34 
800	132 
801	137 
802	151 
803	128 
804	22 
805	74 
806	140 
807	70 
808	141 
809	73 
810	91 
811	42 
812	2 
813	62 
814	71 
815	134 
816	144 
817	6 
818	125 
819	152 
820	143 
821	41 
822	36 
823	104 
824	138 
825	135 
826	20 
827	126 
828	115 
829	100 
830	14 
831	15 
832	101 
833	106 
834	106 
835	15 
836	50 
837	139 
838	51 
839	34 
840	135 
841	110 
842	84 
843	28 
844	13 
845	51 
846	28 
847	6 
848	65 
849	145 
850	53 
851	57 
852	84 
853	3 
854	29 
855	116 
856	25 
857	4 
858	89 
859	122 
860	43 
861	110 
862	91 
863	145 
864	6 
865	151 
866	153 
867	34 
868	138 
869	148 
870	140 
871	103 
872	121 
873	44 
874	111 
875	64 
876	44 
877	98 
878	110 
879	39 
880	66 
881	42 
882	132 
883	93 
884	67 
885	78 
886	103 
887	104 
888	58 
889	112 
890	72 
891	68 
892	31 
893	110 
894	130 
895	101 
896	63 
897	9 
898	87 
899	29 
900	67 
901	58 
902	23 
903	118 
904	119 
905	114 
906	19 
907	77 
908	6 
909	75 
910	142 
911	80 
912	151 
913	132 
914	84 
915	61 
916	6 
917	146 
918	44 
919	45 
920	102 
921	2 
922	60 
923	150 
924	118 
925	137 
926	62 
927	21 
928	95 
929	64 
930	78 
931	143 
932	11 
933	121 
934	149 
935	5 
936	14 
937	2 
938	73 
939	27 
940	105 
941	88 
942	73 
943	70 
944	123 
945	30 
946	97 
947	110 
948	61 
949	89 
950	46 
951	76 
952	88 
953	105 
954	78 
955	140 
956	31 
957	43 
958	134 
959	101 
960	84 
961	36 
962	18 
963	122 
964	128 
965	119 
966	118 
967	76 
968	83 
969	149 
970	148 
971	34 
972	135 
973	48 
974	36 
975	135 
976	101 
977	48 
978	93 
979	102 
980	144 
981	48 
982	87 
983	138 
984	1 
985	126 
986	84 
987	75 
988	133 
989	112 
990	109 
991	80 
992	64 
993	120 
994	56 
995	11 
996	45 
997	62 
998	18 
999	100 
1000	111 
1001	151 
1002	147 
1003	5 
1004	116 
1005	106 
1006	133 
1007	28 
1008	8 
1009	27 
1010	51 
1011	147 
1012	60 
1013	103 
1014	149 
1015	150 
1016	100 
1017	94 
1018	136 
1019	59 
1020	17 
1021	89 
1022	7 
1023	87 
1024	129 
1025	118 
1026	110 
1027	72 
1028	138 
1029	47 
1030	136 
1031	59 
1032	142 
1033	76 
1034	125 
1035	73 
1036	47 
1037	24 
1038	10 
1039	1 
1040	79 
1041	13 
1042	107 
1043	43 
1044	150 
1045	151 
1046	87 
1047	99 
1048	135 
1049	88 
1050	71 
1051	80 
1052	102 
1053	87 
1054	86 
1055	41 
1056	32 
1057	47 
1058	121 
1059	25 
1060	108 
1061	23 
1062	60 
1063	145 
1064	99 
1065	7 
1066	57 
1067	148 
1068	26 
1069	108 
1070	69 
1071	5 
1072	60 
1073	23 
1074	24 
1075	17 
1076	55 
1077	88 
1078	4 
1079	4 
1080	68 
1081	69 
1082	64 
1083	1 
1084	40 
1085	100 
1086	124 
1087	120 
1088	12 
1089	100 
1090	12 
1091	45 
1092	23 
1093	22 
1094	43 
1095	133 
1096	66 
1097	32 
1098	14 
1099	72 
1100	85 
1101	21 
1102	121 
1103	142 
1104	47 
1105	80 
1106	81 
1107	141 
1108	89 
1109	98 
1110	56 
1111	75 
1112	12 
1113	25 
1114	38 
1115	63 
1116	148 
1117	6 
1118	111 
1119	69 
1120	126 
1121	115 
1122	111 
1123	51 
1124	126 
1125	20 
1126	63 
1127	58 
1128	13 
1129	39 
1130	28 
1131	44 
1132	94 
1133	33 
1134	119 
1135	126 
1136	31 
1137	94 
1138	102 
1139	45 
1140	7 
1141	35 
1142	118 
1143	111 
1144	96 
1145	121 
1146	138 
1147	80 
1148	101 
1149	124 
1150	93 
1151	49 
1152	118 
1153	79 
1154	149 
1155	113 
1156	122 
1157	92 
1158	110 
1159	124 
1160	138 
1161	41 
1162	112 
1163	83 
1164	115 
1165	21 
1166	19 
1167	111 
1168	78 
1169	90 
1170	56 
1171	150 
1172	5 
1173	95 
1174	141 
1175	105 
1176	134 
1177	27 
1178	60 
1179	78 
1180	24 
1181	36 
1182	108 
1183	114 
1184	4 
1185	149 
1186	136 
1187	88 
1188	126 
1189	35 
1190	15 
1191	97 
1192	52 
1193	80 
1194	58 
1195	129 
1196	90 
1197	91 
1198	8 
1199	25 
1200	41 
1201	149 
1202	83 
1203	11 
1204	86 
1205	135 
1206	111 
1207	29 
1208	150 
1209	135 
1210	29 
1211	132 
1212	101 
1213	1 
1214	15 
1215	103 
1216	143 
1217	76 
1218	75 
1219	136 
1220	96 
1221	1 
1222	66 
1223	34 
1224	98 
1225	82 
1226	2 
1227	137 
1228	89 
1229	13 
1230	103 
1231	103 
1232	19 
1233	62 
1234	96 
1235	150 
1236	133 
1237	31 
1238	45 
1239	103 
1240	52 
1241	132 
1242	8 
1243	126 
1244	58 
1245	80 
1246	50 
1247	128 
1248	50 
1249	33 
1250	68 
1251	111 
1252	93 
1253	95 
1254	23 
1255	149 
1256	88 
1257	69 
1258	22 
1259	128 
1260	57 
1261	65 
1262	27 
1263	133 
1264	116 
1265	9 
1266	81 
1267	95 
1268	69 
1269	29 
1270	77 
1271	65 
1272	34 
1273	94 
1274	150 
1275	144 
1276	26 
1277	56 
1278	47 
1279	37 
1280	96 
1281	27 
1282	79 
1283	93 
1284	126 
1285	80 
1286	123 
1287	82 
1288	125 
1289	131 
1290	37 
1291	146 
1292	52 
1293	20 
1294	35 
1295	22 
1296	84 
1297	125 
1298	53 
1299	11 
1300	41 
1301	28 
1302	80 
1303	140 
1304	131 
1305	119 
1306	6 
1307	6 
1308	29 
1309	150 
1310	49 
1311	134 
1312	102 
1313	19 
1314	52 
1315	146 
1316	137 
1317	1 
1318	99 
1319	3 
1320	134 
1321	36 
1322	120 
1323	96 
1324	94 
1325	2 
1326	95 
1327	8 
1328	75 
1329	32 
1330	38 
1331	87 
1332	56 
1333	83 
1334	85 
1335	63 
1336	148 
1337	118 
1338	51 
1339	148 
1340	55 
1341	146 
1342	85 
1343	21 
1344	93 
1345	149 
1346	45 
1347	143 
1348	19 
1349	30 
1350	150 
1351	144 
1352	141 
1353	77 
1354	71 
1355	77 
1356	20 
1357	133 
1358	106 
1359	11 
1360	41 
1361	69 
1362	102 
1363	102 
1364	2 
1365	149 
1366	87 
1367	48 
1368	4 
1369	75 
1370	9 
1371	32 
1372	67 
1373	142 
1374	30 
1375	38 
1376	133 
1377	27 
1378	3 
1379	94 
1380	125 
1381	30 
1382	83 
1383	55 
1384	30 
1385	79 
1386	112 
1387	60 
1388	144 
1389	23 
1390	141 
1391	8 
1392	38 
1393	5 
1394	65 
1395	98 
1396	59 
1397	19 
1398	68 
1399	72 
1400	5 
1401	98 
1402	83 
1403	41 
1404	23 
1405	78 
1406	56 
1407	134 
1408	52 
1409	94 
1410	59 
1411	83 
1412	68 
1413	108 
1414	100 
1415	37 
1416	105 
1417	22 
1418	148 
1419	106 
1420	68 
1421	66 
1422	90 
1423	13 
1424	78 
1425	27 
1426	127 
1427	97 
1428	37 
1429	114 
1430	40 
1431	40 
1432	135 
1433	111 
1434	92 
1435	14 
1436	81 
1437	107 
1438	136 
1439	3 
1440	125 
1441	54 
1442	5 
1443	115 
1444	135 
1445	34 
1446	105 
1447	108 
1448	113 
1449	7 
1450	151 
1451	59 
1452	102 
1453	28 
1454	30 
1455	32 
1456	43 
1457	1 
1458	137 
1459	95 
1460	72 
1461	140 
1462	92 
1463	4 
1464	94 
1465	5 
1466	109 
1467	102 
1468	53 
1469	51 
1470	1 
1471	80 
1472	134 
1473	115 
1474	16 
1475	50 
1476	95 
1477	53 
1478	68 
1479	151 
1480	72 
1481	91 
1482	21 
1483	100 
1484	16 
1485	72 
1486	55 
1487	116 
1488	96 
1489	106 
1490	88 
1491	107 
1492	53 
1493	21 
1494	92 
1495	12 
1496	73 
1497	20 
1498	47 
1499	56 
1500	73 
1501	109 
1502	41 
1503	152 
1504	1 
1505	68 
1506	119 
1507	68 
1508	59 
1509	118 
1510	24 
1511	50 
1512	54 
1513	58 
1514	114 
1515	6 
1516	24 
1517	138 
1518	128 
1519	81 
1520	5 
1521	151 
1522	70 
1523	123 
1524	38 
1525	144 
1526	77 
1527	100 
1528	13 
1529	23 
1530	151 
1531	108 
1532	48 
1533	95 
1534	133 
1535	27 
1536	58 
1537	16 
1538	142 
1539	94 
1540	78 
1541	141 
1542	63 
1543	70 
1544	108 
1545	123 
1546	47 
1547	116 
1548	7 
1549	28 
1550	32 
1551	111 
1552	23 
1553	87 
1554	53 
1555	56 
1556	32 
1557	126 
1558	39 
1559	98 
1560	49 
1561	17 
1562	6 
1563	41 
1564	22 
1565	151 
1566	126 
1567	27 
1568	106 
1569	65 
1570	41 
1571	100 
1572	107 
1573	48 
1574	66 
1575	20 
1576	91 
1577	78 
1578	131 
1579	131 
1580	150 
1581	87 
1582	45 
1583	138 
1584	64 
1585	102 
1586	67 
1587	141 
1588	50 
1589	61 
1590	99 
1591	39 
1592	66 
1593	14 
1594	43 
1595	100 
1596	29 
1597	47 
1598	49 
1599	8 
1600	89 
1601	94 
1602	124 
1603	135 
1604	61 
1605	79 
1606	137 
1607	60 
1608	153 
1609	31 
1610	64 
1611	35 
1612	14 
1613	129 
1614	141 
1615	70 
1616	128 
1617	125 
1618	115 
1619	131 
1620	138 
1621	117 
1622	75 
1623	10 
1624	89 
1625	116 
1626	12 
1627	140 
1628	62 
1629	33 
1630	94 
1631	45 
1632	44 
1633	91 
1634	43 
1635	8 
1636	72 
1637	24 
1638	17 
1639	133 
1640	121 
1641	36 
1642	24 
1643	45 
1644	22 
1645	88 
1646	110 
1647	84 
1648	74 
1649	120 
1650	76 
1651	18 
1652	53 
1653	54 
1654	110 
1655	88 
1656	19 
1657	135 
1658	151 
1659	12 
1660	85 
1661	135 
1662	133 
1663	147 
1664	141 
1665	109 
1666	139 
1667	111 
1668	28 
1669	108 
1670	122 
1671	85 
1672	138 
1673	94 
1674	100 
1675	51 
1676	58 
1677	96 
1678	65 
1679	126 
1680	46 
1681	22 
1682	117 
1683	45 
1684	141 
1685	34 
1686	76 
1687	41 
1688	39 
1689	116 
1690	83 
1691	152 
1692	91 
1693	118 
1694	25 
1695	75 
1696	114 
1697	1 
1698	29 
1699	21 
1700	78 
1701	72 
1702	14 
1703	58 
1704	20 
1705	133 
1706	35 
1707	9 
1708	104 
1709	21 
1710	93 
1711	135 
1712	82 
1713	103 
1714	71 
1715	60 
1716	11 
1717	116 
1718	54 
1719	97 
1720	138 
1721	132 
1722	102 
1723	101 
1724	78 
1725	144 
1726	21 
1727	100 
1728	19 
1729	56 
1730	94 
1731	87 
1732	10 
1733	78 
1734	44 
1735	97 
1736	90 
1737	79 
1738	153 
1739	147 
1740	126 
1741	114 
1742	77 
1743	109 
1744	132 
1745	118 
1746	110 
1747	36 
1748	36 
1749	19 
1750	32 
1751	38 
1752	37 
1753	30 
1754	96 
1755	110 
1756	79 
1757	21 
1758	81 
1759	53 
1760	130 
1761	31 
1762	27 
1763	19 
1764	149 
1765	151 
1766	101 
1767	137 
1768	43 
1769	56 
1770	77 
1771	83 
1772	24 
1773	80 
1774	57 
1775	26 
1776	78 
1777	16 
1778	58 
1779	143 
1780	8 
1781	102 
1782	2 
1783	149 
1784	60 
1785	73 
1786	79 
1787	59 
1788	53 
1789	124 
1790	63 
1791	141 
1792	44 
1793	42 
1794	12 
1795	18 
1796	58 
1797	150 
1798	148 
1799	117 
1800	139 
1801	111 
1802	129 
1803	135 
1804	135 
1805	118 
1806	61 
1807	129 
1808	97 
1809	103 
1810	27 
1811	131 
1812	150 
1813	59 
1814	138 
1815	87 
1816	91 
1817	127 
1818	67 
1819	53 
1820	67 
1821	23 
1822	140 
1823	1 
1824	65 
1825	111 
1826	23 
1827	130 
1828	76 
1829	123 
1830	116 
1831	119 
1832	107 
1833	24 
1834	63 
1835	114 
1836	56 
1837	16 
1838	135 
1839	60 
1840	131 
1841	98 
1842	50 
1843	153 
1844	45 
1845	100 
1846	4 
1847	44 
1848	100 
1849	151 
1850	60 
1851	9 
1852	27 
1853	68 
1854	90 
1855	63 
1856	35 
1857	106 
1858	13 
1859	37 
1860	104 
1861	5 
1862	143 
1863	80 
1864	141 
1865	43 
1866	29 
1867	121 
1868	92 
1869	145 
1870	108 
1871	38 
1872	119 
1873	49 
1874	85 
1875	10 
1876	107 
1877	32 
1878	79 
1879	27 
1880	30 
1881	17 
1882	52 
1883	60 
1884	142 
1885	56 
1886	72 
1887	19 
1888	14 
1889	149 
1890	101 
1891	108 
1892	24 
1893	25 
1894	24 
1895	80 
1896	4 
1897	109 
1898	13 
1899	78 
1900	101 
1901	66 
1902	20 
1903	128 
1904	48 
1905	98 
1906	140 
1907	36 
1908	150 
1909	128 
1910	123 
1911	119 
1912	136 
1913	106 
1914	138 
1915	103 
1916	71 
1917	35 
1918	43 
1919	73 
1920	8 
1921	34 
1922	119 
1923	50 
1924	145 
1925	50 
1926	139 
1927	2 
1928	40 
1929	83 
1930	77 
1931	9 
1932	2 
1933	48 
1934	24 
1935	134 
1936	71 
1937	81 
1938	128 
1939	87 
1940	132 
1941	35 
1942	108 
1943	129 
1944	89 
1945	18 
1946	67 
1947	142 
1948	80 
1949	73 
1950	31 
1951	20 
1952	51 
1953	54 
1954	141 
1955	8 
1956	11 
1957	153 
1958	85 
1959	35 
1960	9 
1961	66 
1962	42 
1963	8 
1964	56 
1965	122 
1966	63 
1967	72 
1968	25 
1969	39 
1970	115 
1971	118 
1972	150 
1973	118 
1974	133 
1975	83 
1976	36 
1977	7 
1978	104 
1979	5 
1980	118 
1981	5 
1982	72 
1983	113 
1984	60 
1985	115 
1986	35 
1987	68 
1988	89 
1989	115 
1990	28 
1991	19 
1992	45 
1993	33 
1994	33 
1995	45 
1996	53 
1997	100 
1998	92 
1999	37 
2000	142 
2001	149 
2002	150 
2003	37 
2004	51 
2005	153 
2006	55 
2007	14 
2008	29 
2009	79 
2010	104 
2011	142 
2012	97 
2013	151 
2014	126 
2015	63 
2016	97 
2017	43 
2018	13 
2019	92 
2020	25 
2021	12 
2022	48 
2023	82 
2024	151 
2025	141 
2026	92 
2027	105 
2028	118 
2029	12 
2030	14 
2031	43 
2032	118 
2033	98 
2034	151 
2035	145 
2036	38 
2037	50 
2038	150 
2039	149 
2040	150 
2041	27 
2042	5 
2043	98 
2044	151 
2045	36 
2046	101 
2047	34 
2048	135 
2049	88 
2050	110 
2051	124 
2052	152 
2053	119 
2054	146 
2055	130 
2056	27 
2057	92 
2058	69 
2059	63 
2060	13 
2061	68 
2062	91 
2063	152 
2064	1 
2065	105 
2066	120 
2067	90 
2068	128 
2069	58 
2070	139 
2071	47 
2072	73 
2073	150 
2074	59 
2075	14 
2076	33 
2077	104 
2078	4 
2079	27 
2080	50 
2081	2 
2082	129 
2083	1 
2084	19 
2085	115 
2086	131 
2087	37 
2088	90 
2089	119 
2090	27 
2091	137 
2092	95 
2093	94 
2094	30 
2095	126 
2096	54 
2097	13 
2098	121 
2099	126 
2100	107 
2101	80 
2102	77 
2103	133 
2104	76 
2105	132 
2106	94 
2107	110 
2108	23 
2109	22 
2110	119 
2111	108 
2112	78 
2113	40 
2114	54 
2115	75 
2116	121 
2117	39 
2118	23 
2119	80 
2120	77 
2121	8 
2122	41 
2123	24 
2124	4 
2125	15 
2126	148 
2127	133 
2128	37 
2129	123 
2130	97 
2131	48 
2132	100 
2133	123 
2134	90 
2135	10 
2136	96 
2137	22 
2138	150 
2139	120 
2140	141 
2141	87 
2142	127 
2143	87 
2144	67 
2145	84 
2146	26 
2147	43 
2148	131 
2149	80 
2150	63 
2151	149 
2152	36 
2153	130 
2154	145 
2155	28 
2156	104 
2157	100 
2158	120 
2159	66 
2160	38 
2161	153 
2162	46 
2163	56 
2164	18 
2165	29 
2166	79 
2167	125 
2168	5 
2169	95 
2170	45 
2171	47 
2172	53 
2173	48 
2174	96 
2175	47 
2176	91 
2177	60 
2178	10 
2179	118 
2180	6 
2181	90 
2182	14 
2183	98 
2184	148 
2185	47 
2186	50 
2187	43 
2188	137 
2189	137 
2190	21 
2191	50 
2192	111 
2193	18 
2194	65 
2195	2 
2196	19 
2197	24 
2198	56 
2199	48 
2200	72 
2201	24 
2202	79 
2203	113 
2204	3 
2205	26 
2206	85 
2207	32 
2208	143 
2209	72 
2210	28 
2211	91 
2212	111 
2213	100 
2214	91 
2215	57 
2216	88 
2217	141 
2218	36 
2219	87 
2220	120 
2221	93 
2222	58 
2223	57 
2224	121 
2225	149 
2226	144 
2227	147 
2228	85 
2229	95 
2230	78 
2231	58 
2232	126 
2233	118 
2234	43 
2235	52 
2236	134 
2237	145 
2238	87 
2239	72 
2240	20 
2241	57 
2242	23 
2243	107 
2244	111 
2245	26 
2246	126 
2247	103 
2248	122 
2249	92 
2250	39 
2251	113 
2252	12 
2253	87 
2254	4 
2255	86 
2256	40 
2257	32 
2258	14 
2259	108 
2260	24 
2261	37 
2262	83 
2263	95 
2264	50 
2265	31 
2266	79 
2267	20 
2268	8 
2269	92 
2270	14 
2271	19 
2272	6 
2273	119 
2274	94 
2275	103 
2276	52 
2277	73 
2278	113 
2279	6 
2280	11 
2281	18 
2282	129 
2283	89 
2284	72 
2285	28 
2286	77 
2287	136 
2288	98 
2289	87 
2290	69 
2291	80 
2292	6 
2293	79 
2294	30 
2295	24 
2296	119 
2297	42 
2298	124 
2299	47 
2300	35 
2301	141 
2302	33 
2303	95 
2304	98 
2305	34 
2306	130 
2307	30 
2308	5 
2309	1 
2310	16 
2311	84 
2312	74 
2313	84 
2314	110 
2315	90 
2316	26 
2317	140 
2318	150 
2319	80 
2320	42 
2321	30 
2322	14 
2323	21 
2324	103 
2325	58 
2326	10 
2327	45 
2328	64 
2329	58 
2330	36 
2331	88 
2332	62 
2333	117 
2334	17 
2335	152 
2336	68 
2337	146 
2338	86 
2339	118 
2340	22 
2341	21 
2342	36 
2343	128 
2344	66 
2345	9 
2346	29 
2347	67 
2348	22 
2349	45 
2350	86 
2351	105 
2352	18 
2353	12 
2354	83 
2355	3 
2356	57 
2357	6 
2358	89 
2359	140 
2360	27 
2361	133 
2362	125 
2363	113 
2364	13 
2365	52 
2366	142 
2367	149 
2368	57 
2369	14 
2370	32 
2371	21 
2372	126 
2373	78 
2374	98 
2375	134 
2376	147 
2377	19 
2378	17 
2379	15 
2380	117 
2381	103 
2382	92 
2383	109 
2384	78 
2385	142 
2386	61 
2387	114 
2388	67 
2389	38 
2390	42 
2391	71 
2392	39 
2393	16 
2394	105 
2395	103 
2396	100 
2397	89 
2398	23 
2399	91 
2400	63 
2401	112 
2402	81 
2403	32 
2404	55 
2405	140 
2406	95 
2407	119 
2408	67 
2409	148 
2410	88 
2411	40 
2412	15 
2413	16 
2414	84 
2415	63 
2416	1 
2417	138 
2418	149 
2419	64 
2420	124 
2421	97 
2422	95 
2423	128 
2424	82 
2425	74 
2426	79 
2427	95 
2428	20 
2429	126 
2430	75 
2431	9 
2432	45 
2433	2 
2434	127 
2435	133 
2436	97 
2437	25 
2438	123 
2439	134 
2440	82 
2441	119 
2442	27 
2443	47 
2444	73 
2445	6 
2446	141 
2447	79 
2448	58 
2449	14 
2450	26 
2451	128 
2452	56 
2453	55 
2454	101 
2455	96 
2456	141 
2457	120 
2458	8 
2459	132 
2460	61 
2461	45 
2462	108 
2463	109 
2464	136 
2465	151 
2466	122 
2467	104 
2468	123 
2469	148 
2470	90 
2471	46 
2472	150 
2473	94 
2474	74 
2475	77 
2476	59 
2477	136 
2478	17 
2479	52 
2480	117 
2481	149 
2482	97 
2483	47 
2484	1 
2485	28 
2486	144 
2487	29 
2488	35 
2489	73 
2490	72 
2491	80 
2492	27 
2493	7 
2494	129 
2495	35 
2496	7 
2497	81 
2498	148 
2499	119 
2500	143 
2501	47 
2502	65 
2503	143 
2504	76 
2505	65 
2506	134 
2507	118 
2508	90 
2509	40 
2510	108 
2511	39 
2512	68 
2513	100 
2514	91 
2515	71 
2516	24 
2517	14 
2518	141 
2519	51 
2520	54 
2521	133 
2522	87 
2523	95 
2524	70 
2525	31 
2526	52 
2527	41 
2528	84 
2529	147 
2530	93 
2531	32 
2532	36 
2533	36 
2534	118 
2535	149 
2536	143 
2537	125 
2538	46 
2539	88 
2540	48 
2541	147 
2542	104 
2543	77 
2544	133 
2545	108 
2546	148 
2547	91 
2548	103 
2549	3 
2550	76 
2551	47 
2552	131 
2553	108 
2554	53 
2555	148 
2556	41 
2557	17 
2558	152 
2559	39 
2560	62 
2561	98 
2562	151 
2563	109 
2564	27 
2565	70 
2566	139 
2567	5 
2568	95 
2569	80 
2570	1 
2571	7 
2572	118 
2573	30 
2574	72 
2575	7 
2576	105 
2577	59 
2578	49 
2579	11 
2580	151 
2581	75 
2582	132 
2583	37 
2584	110 
2585	39 
2586	82 
2587	2 
2588	140 
2589	39 
2590	121 
2591	16 
2592	24 
2593	133 
2594	67 
2595	116 
2596	30 
2597	111 
2598	43 
2599	21 
2600	111 
2601	132 
2602	61 
2603	124 
2604	36 
2605	46 
2606	86 
2607	130 
2608	134 
2609	7 
2610	53 
2611	125 
2612	137 
2613	57 
2614	123 
2615	115 
2616	13 
2617	74 
2618	133 
2619	66 
2620	27 
2621	106 
2622	100 
2623	98 
2624	46 
2625	40 
2626	42 
2627	83 
2628	118 
2629	7 
2630	18 
2631	13 
2632	70 
2633	79 
2634	49 
2635	26 
2636	54 
2637	103 
2638	139 
2639	55 
2640	50 
2641	132 
2642	64 
2643	131 
2644	137 
2645	68 
2646	72 
2647	53 
2648	91 
2649	106 
2650	95 
2651	150 
2652	89 
2653	63 
2654	118 
2655	128 
2656	22 
2657	13 
2658	82 
2659	63 
2660	10 
2661	22 
2662	67 
2663	95 
2664	30 
2665	23 
2666	67 
2667	29 
2668	17 
2669	69 
2670	77 
2671	135 
2672	22 
2673	147 
2674	133 
2675	120 
2676	89 
2677	120 
2678	107 
2679	5 
2680	11 
2681	59 
2682	139 
2683	103 
2684	113 
2685	29 
2686	103 
2687	102 
2688	105 
2689	121 
2690	131 
2691	39 
2692	30 
2693	95 
2694	153 
2695	9 
2696	79 
2697	12 
2698	128 
2699	48 
2700	83 
2701	121 
2702	143 
2703	60 
2704	131 
2705	121 
2706	95 
2707	24 
2708	137 
2709	46 
2710	109 
2711	59 
2712	21 
2713	24 
2714	109 
2715	88 
2716	89 
2717	151 
2718	19 
2719	5 
2720	5 
2721	27 
2722	149 
2723	71 
2724	43 
2725	107 
2726	117 
2727	8 
2728	148 
2729	17 
2730	89 
2731	68 
2732	12 
2733	128 
2734	143 
2735	103 
2736	27 
2737	88 
2738	104 
2739	50 
2740	4 
2741	134 
2742	114 
2743	72 
2744	55 
2745	1 
2746	25 
2747	149 
2748	69 
2749	129 
2750	130 
2751	95 
2752	63 
2753	23 
2754	150 
2755	44 
2756	27 
2757	145 
2758	111 
2759	92 
2760	85 
2761	5 
2762	114 
2763	134 
2764	1 
2765	17 
2766	15 
2767	32 
2768	45 
2769	85 
2770	89 
2771	126 
2772	62 
2773	91 
2774	19 
2775	43 
2776	57 
2777	76 
2778	40 
2779	141 
2780	8 
2781	142 
2782	110 
2783	70 
2784	15 
2785	46 
2786	88 
2787	62 
2788	34 
2789	71 
2790	45 
2791	127 
2792	18 
2793	59 
2794	131 
2795	83 
2796	48 
2797	147 
2798	21 
2799	25 
2800	110 
2801	119 
2802	69 
2803	4 
2804	19 
2805	137 
2806	41 
2807	116 
2808	51 
2809	111 
2810	43 
2811	3 
2812	121 
2813	68 
2814	131 
2815	135 
2816	51 
2817	137 
2818	85 
2819	83 
2820	78 
2821	12 
2822	104 
2823	94 
2824	36 
2825	140 
2826	118 
2827	150 
2828	84 
2829	80 
2830	34 
2831	100 
2832	131 
2833	54 
2834	128 
2835	96 
2836	129 
2837	28 
2838	135 
2839	104 
2840	3 
2841	106 
2842	107 
2843	33 
2844	143 
2845	101 
2846	2 
2847	52 
2848	4 
2849	143 
2850	35 
2851	105 
2852	45 
2853	115 
2854	113 
2855	31 
2856	45 
2857	23 
2858	26 
2859	89 
2860	104 
2861	113 
2862	65 
2863	118 
2864	65 
2865	101 
2866	26 
2867	15 
2868	110 
2869	6 
2870	22 
2871	33 
2872	18 
2873	45 
2874	95 
2875	108 
2876	25 
2877	67 
2878	62 
2879	103 
2880	136 
2881	27 
2882	129 
2883	82 
2884	140 
2885	147 
2886	27 
2887	53 
2888	50 
2889	23 
2890	128 
2891	58 
2892	99 
2893	132 
2894	94 
2895	96 
2896	67 
2897	85 
2898	152 
2899	7 
2900	50 
2901	56 
2902	124 
2903	147 
2904	75 
2905	31 
2906	89 
2907	46 
2908	45 
2909	129 
2910	86 
2911	11 
2912	48 
2913	18 
2914	81 
2915	67 
2916	147 
2917	87 
2918	87 
2919	29 
2920	70 
2921	135 
2922	142 
2923	4 
2924	92 
2925	66 
2926	119 
2927	46 
2928	26 
2929	97 
2930	79 
2931	37 
2932	74 
2933	87 
2934	92 
2935	119 
2936	3 
2937	141 
2938	127 
2939	140 
2940	59 
2941	49 
2942	94 
2943	36 
2944	124 
2945	118 
2946	84 
2947	94 
2948	141 
2949	149 
2950	149 
2951	78 
2952	33 
2953	103 
2954	18 
2955	100 
2956	49 
2957	120 
2958	2 
2959	45 
2960	15 
2961	13 
2962	47 
2963	77 
2964	54 
2965	77 
2966	130 
2967	31 
2968	68 
2969	121 
2970	43 
2971	5 
2972	60 
2973	131 
2974	38 
2975	63 
2976	140 
2977	105 
2978	146 
2979	133 
2980	115 
2981	56 
2982	29 
2983	53 
2984	7 
2985	49 
2986	121 
2987	127 
2988	110 
2989	127 
2990	143 
2991	54 
2992	106 
2993	5 
2994	70 
2995	38 
2996	74 
2997	117 
2998	60 
2999	119 
3000	120 
3001	58 
3002	47 
3003	103 
3004	114 
3005	68 
3006	151 
3007	36 
3008	147 
3009	68 
3010	13 
3011	66 
3012	153 
3013	128 
3014	11 
3015	65 
3016	27 
3017	125 
3018	60 
3019	83 
3020	27 
3021	9 
3022	44 
3023	141 
3024	35 
3025	137 
3026	104 
3027	52 
3028	144 
3029	78 
3030	79 
3031	73 
3032	148 
3033	132 
3034	117 
3035	104 
3036	96 
3037	68 
3038	101 
3039	91 
3040	55 
3041	52 
3042	40 
3043	26 
3044	148 
3045	59 
3046	23 
3047	47 
3048	47 
3049	70 
3050	95 
3051	30 
3052	131 
3053	12 
3054	81 
3055	121 
3056	135 
3057	116 
3058	42 
3059	68 
3060	3 
3061	89 
3062	58 
3063	60 
3064	139 
3065	13 
3066	129 
3067	28 
3068	10 
3069	144 
3070	84 
3071	7 
3072	28 
3073	58 
3074	77 
3075	140 
3076	65 
3077	33 
3078	133 
3079	73 
3080	133 
3081	30 
3082	64 
3083	21 
3084	83 
3085	18 
3086	105 
3087	112 
3088	126 
3089	135 
3090	133 
3091	29 
3092	50 
3093	44 
3094	54 
3095	108 
3096	119 
3097	100 
3098	107 
3099	130 
3100	87 
3101	36 
3102	77 
3103	73 
3104	134 
3105	5 
3106	14 
3107	151 
3108	60 
3109	66 
3110	33 
3111	63 
3112	98 
3113	149 
3114	133 
3115	35 
3116	75 
3117	148 
3118	119 
3119	46 
3120	152 
3121	151 
3122	106 
3123	74 
3124	126 
3125	48 
3126	79 
3127	75 
3128	53 
3129	86 
3130	36 
3131	76 
3132	53 
3133	87 
3134	5 
3135	25 
3136	118 
3137	109 
3138	139 
3139	20 
3140	37 
3141	142 
3142	87 
3143	117 
3144	21 
3145	84 
3146	128 
3147	21 
3148	62 
3149	87 
3150	15 
3151	21 
3152	77 
3153	98 
3154	36 
3155	47 
3156	151 
3157	86 
3158	138 
3159	84 
3160	125 
3161	44 
3162	111 
3163	72 
3164	2 
3165	89 
3166	108 
3167	144 
3168	9 
3169	39 
3170	98 
3171	3 
3172	104 
3173	133 
3174	16 
3175	130 
3176	87 
3177	135 
3178	27 
3179	75 
3180	14 
3181	5 
3182	132 
3183	70 
3184	60 
3185	135 
3186	51 
3187	113 
3188	44 
3189	36 
3190	113 
3191	137 
3192	1 
3193	67 
3194	76 
3195	143 
3196	108 
3197	121 
3198	94 
3199	138 
3200	119 
3201	28 
3202	62 
3203	59 
3204	110 
3205	53 
3206	95 
3207	76 
3208	74 
3209	18 
3210	53 
3211	99 
3212	14 
3213	22 
3214	43 
3215	37 
3216	98 
3217	89 
3218	130 
3219	40 
3220	47 
3221	14 
3222	96 
3223	14 
3224	67 
3225	59 
3226	94 
3227	58 
3228	46 
3229	86 
3230	100 
3231	16 
3232	1 
3233	101 
3234	77 
3235	41 
3236	45 
3237	118 
3238	24 
3239	79 
3240	30 
3241	79 
3242	68 
3243	32 
3244	43 
3245	40 
3246	93 
3247	62 
3248	28 
3249	101 
3250	67 
3251	105 
3252	101 
3253	12 
3254	43 
3255	153 
3256	126 
3257	117 
3258	94 
3259	32 
3260	111 
3261	63 
3262	113 
3263	13 
3264	63 
3265	106 
3266	87 
3267	153 
3268	126 
3269	97 
3270	144 
3271	1 
3272	61 
3273	42 
3274	36 
3275	134 
3276	94 
3277	77 
3278	32 
3279	7 
3280	45 
3281	145 
3282	90 
3283	93 
3284	30 
3285	3 
3286	13 
3287	142 
3288	99 
3289	133 
3290	150 
3291	149 
3292	111 
3293	70 
3294	118 
3295	83 
3296	112 
3297	147 
3298	100 
3299	70 
3300	149 
3301	33 
3302	62 
3303	70 
3304	150 
3305	23 
3306	76 
3307	83 
3308	30 
3309	136 
3310	101 
3311	151 
3312	22 
3313	129 
3314	31 
3315	131 
3316	20 
3317	35 
3318	18 
3319	101 
3320	94 
3321	142 
3322	110 
3323	127 
3324	79 
3325	55 
3326	145 
3327	86 
3328	113 
3329	124 
3330	67 
3331	41 
3332	56 
3333	103 
3334	91 
3335	141 
3336	5 
3337	70 
3338	99 
3339	151 
3340	24 
3341	21 
3342	58 
3343	143 
3344	36 
3345	7 
3346	36 
3347	118 
3348	31 
3349	34 
3350	150 
3351	4 
3352	16 
3353	100 
3354	51 
3355	3 
3356	150 
3357	70 
3358	91 
3359	26 
3360	16 
3361	6 
3362	150 
3363	111 
3364	101 
3365	30 
3366	26 
3367	136 
3368	103 
3369	112 
3370	65 
3371	67 
3372	54 
3373	114 
3374	83 
3375	121 
3376	49 
3377	81 
3378	59 
3379	131 
3380	99 
3381	91 
3382	112 
3383	138 
3384	125 
3385	16 
3386	25 
3387	38 
3388	88 
3389	35 
3390	103 
3391	98 
3392	71 
3393	114 
3394	132 
3395	66 
3396	96 
3397	118 
3398	92 
3399	80 
3400	27 
3401	148 
3402	29 
3403	140 
3404	55 
3405	74 
3406	5 
3407	117 
3408	1 
3409	40 
3410	27 
3411	34 
3412	94 
3413	88 
3414	43 
3415	135 
3416	95 
3417	22 
3418	30 
3419	63 
3420	71 
3421	77 
3422	128 
3423	33 
3424	60 
3425	151 
3426	47 
3427	74 
3428	134 
3429	153 
3430	125 
3431	142 
3432	151 
3433	40 
3434	107 
3435	40 
3436	10 
3437	48 
3438	43 
3439	52 
3440	50 
3441	8 
3442	93 
3443	119 
3444	38 
3445	103 
3446	122 
3447	46 
3448	31 
3449	98 
3450	61 
3451	72 
3452	55 
3453	98 
3454	62 
3455	58 
3456	107 
3457	42 
3458	51 
3459	99 
3460	72 
3461	53 
3462	92 
3463	59 
3464	96 
3465	7 
3466	36 
3467	12 
3468	110 
3469	19 
3470	41 
3471	132 
3472	113 
3473	114 
3474	57 
3475	150 
3476	118 
3477	67 
3478	18 
3479	27 
3480	37 
3481	153 
3482	108 
3483	121 
3484	84 
3485	48 
3486	78 
3487	128 
3488	39 
3489	99 
3490	118 
3491	56 
3492	29 
3493	150 
3494	127 
3495	120 
3496	68 
3497	121 
3498	83 
3499	59 
3500	41 
3501	130 
3502	38 
3503	100 
3504	36 
3505	109 
3506	65 
3507	46 
3508	128 
3509	125 
3510	129 
3511	149 
3512	116 
3513	7 
3514	12 
3515	33 
3516	128 
3517	5 
3518	47 
3519	89 
3520	111 
3521	20 
3522	122 
3523	15 
3524	30 
3525	34 
3526	72 
3527	65 
3528	5 
3529	103 
3530	110 
3531	84 
3532	136 
3533	15 
3534	117 
3535	94 
3536	118 
3537	1 
3538	117 
3539	63 
3540	142 
3541	108 
3542	121 
3543	148 
3544	66 
3545	143 
3546	45 
3547	90 
3548	17 
3549	63 
3550	135 
3551	56 
3552	21 
3553	77 
3554	139 
3555	77 
3556	151 
3557	137 
3558	86 
3559	66 
3560	8 
3561	80 
3562	7 
3563	86 
3564	89 
3565	86 
3566	14 
3567	83 
3568	149 
3569	113 
3570	152 
3571	24 
3572	36 
3573	130 
3574	70 
3575	40 
3576	95 
3577	31 
3578	75 
3579	85 
3580	78 
3581	38 
3582	42 
3583	14 
3584	93 
3585	21 
3586	98 
3587	48 
3588	150 
3589	146 
3590	55 
3591	68 
3592	6 
3593	148 
3594	37 
3595	3 
3596	143 
3597	103 
3598	33 
3599	21 
3600	98 
3601	39 
3602	68 
3603	107 
3604	143 
3605	125 
3606	153 
3607	78 
3608	39 
3609	47 
3610	93 
3611	125 
3612	14 
3613	60 
3614	63 
3615	116 
3616	41 
3617	111 
3618	122 
3619	43 
3620	45 
3621	108 
3622	30 
3623	148 
3624	95 
3625	109 
3626	94 
3627	138 
3628	119 
3629	30 
3630	102 
3631	151 
3632	11 
3633	63 
3634	21 
3635	67 
3636	136 
3637	114 
3638	144 
3639	88 
3640	1 
3641	152 
3642	115 
3643	50 
3644	124 
3645	59 
3646	52 
3647	20 
3648	127 
3649	63 
3650	94 
3651	150 
3652	96 
3653	94 
3654	126 
3655	136 
3656	60 
3657	7 
3658	130 
3659	106 
3660	50 
3661	53 
3662	37 
3663	54 
3664	107 
3665	83 
3666	78 
3667	13 
3668	137 
3669	2 
3670	25 
3671	74 
3672	91 
3673	27 
3674	47 
3675	119 
3676	15 
3677	101 
3678	71 
3679	132 
3680	95 
3681	13 
3682	142 
3683	148 
3684	111 
3685	15 
3686	56 
3687	11 
3688	3 
3689	53 
3690	82 
3691	49 
3692	69 
3693	56 
3694	37 
3695	93 
3696	131 
3697	79 
3698	152 
3699	23 
3700	84 
3701	30 
3702	55 
3703	65 
3704	1 
3705	32 
3706	142 
3707	148 
3708	147 
3709	29 
3710	61 
3711	108 
3712	31 
3713	150 
3714	70 
3715	79 
3716	85 
3717	106 
3718	111 
3719	18 
3720	45 
3721	21 
3722	98 
3723	50 
3724	28 
3725	134 
3726	98 
3727	88 
3728	114 
3729	64 
3730	1 
3731	116 
3732	46 
3733	106 
3734	85 
3735	113 
3736	41 
3737	91 
3738	87 
3739	12 
3740	4 
3741	145 
3742	88 
3743	49 
3744	71 
3745	110 
3746	126 
3747	108 
3748	115 
3749	126 
3750	49 
3751	26 
3752	137 
3753	14 
3754	39 
3755	36 
3756	150 
3757	65 
3758	148 
3759	143 
3760	6 
3761	103 
3762	60 
3763	35 
3764	131 
3765	47 
3766	7 
3767	138 
3768	62 
3769	150 
3770	125 
3771	130 
3772	68 
3773	34 
3774	69 
3775	127 
3776	129 
3777	148 
3778	83 
3779	121 
3780	118 
3781	17 
3782	151 
3783	72 
3784	1 
3785	76 
3786	65 
3787	29 
3788	58 
3789	133 
3790	95 
3791	20 
3792	150 
3793	140 
3794	142 
3795	153 
3796	117 
3797	86 
3798	7 
3799	152 
3800	108 
3801	17 
3802	142 
3803	64 
3804	54 
3805	95 
3806	108 
3807	100 
3808	55 
3809	98 
3810	11 
3811	18 
3812	48 
3813	124 
3814	71 
3815	82 
3816	40 
3817	53 
3818	138 
3819	37 
3820	91 
3821	59 
3822	140 
3823	40 
3824	25 
3825	146 
3826	3 
3827	65 
3828	81 
3829	133 
3830	96 
3831	133 
3832	115 
3833	32 
3834	18 
3835	138 
3836	39 
3837	53 
3838	30 
3839	58 
3840	81 
3841	41 
3842	114 
3843	138 
3844	80 
3845	61 
3846	128 
3847	112 
3848	78 
3849	77 
3850	131 
3851	150 
3852	144 
3853	29 
3854	51 
3855	83 
3856	98 
3857	76 
3858	135 
3859	12 
3860	153 
3861	144 
3862	110 
3863	79 
3864	52 
3865	54 
3866	45 
3867	64 
3868	86 
3869	124 
3870	104 
3871	120 
3872	64 
3873	39 
3874	91 
3875	25 
3876	148 
3877	40 
3878	100 
3879	112 
3880	110 
3881	136 
3882	18 
3883	130 
3884	48 
3885	98 
3886	89 
3887	87 
3888	80 
3889	47 
3890	1 
3891	136 
3892	37 
3893	22 
3894	57 
3895	87 
3896	128 
3897	72 
3898	111 
3899	92 
3900	104 
3901	132 
3902	67 
3903	109 
3904	79 
3905	127 
3906	35 
3907	83 
3908	77 
3909	86 
3910	17 
3911	142 
3912	14 
3913	121 
3914	6 
3915	16 
3916	111 
3917	56 
3918	87 
3919	2 
3920	78 
3921	115 
3922	53 
3923	116 
3924	30 
3925	20 
3926	92 
3927	86 
3928	119 
3929	91 
3930	1 
3931	23 
3932	110 
3933	29 
3934	14 
3935	67 
3936	128 
3937	121 
3938	107 
3939	116 
3940	119 
3941	72 
3942	135 
3943	58 
3944	37 
3945	75 
3946	52 
3947	141 
3948	47 
3949	105 
3950	59 
3951	123 
3952	134 
3953	121 
3954	61 
3955	119 
3956	61 
3957	67 
3958	133 
3959	13 
3960	56 
3961	58 
3962	77 
3963	8 
3964	133 
3965	58 
3966	83 
3967	146 
3968	121 
3969	70 
3970	101 
3971	137 
3972	23 
3973	70 
3974	93 
3975	13 
3976	108 
3977	7 
3978	120 
3979	23 
3980	143 
3981	21 
3982	14 
3983	139 
3984	14 
3985	81 
3986	66 
3987	123 
3988	77 
3989	6 
3990	4 
3991	34 
3992	40 
3993	46 
3994	12 
3995	100 
3996	111 
3997	71 
3998	68 
3999	10 
4000	39 
4001	8 
4002	81 
4003	129 
4004	78 
4005	147 
4006	73 
4007	77 
4008	26 
4009	128 
4010	31 
4011	92 
4012	2 
4013	4 
4014	67 
4015	126 
4016	55 
4017	80 
4018	66 
4019	109 
4020	27 
4021	103 
4022	123 
4023	1 
4024	75 
4025	147 
4026	142 
4027	113 
4028	112 
4029	49 
4030	21 
4031	35 
4032	26 
4033	70 
4034	69 
4035	58 
4036	115 
4037	137 
4038	71 
4039	68 
4040	30 
4041	115 
4042	153 
4043	44 
4044	58 
4045	70 
4046	148 
4047	109 
4048	127 
4049	9 
4050	58 
4051	30 
4052	77 
4053	107 
4054	125 
4055	133 
4056	117 
4057	23 
4058	108 
4059	148 
4060	146 
4061	94 
4062	97 
4063	147 
4064	19 
4065	122 
4066	72 
4067	140 
4068	67 
4069	87 
4070	84 
4071	133 
4072	56 
4073	121 
4074	115 
4075	80 
4076	25 
4077	82 
4078	69 
4079	71 
4080	151 
4081	74 
4082	102 
4083	126 
4084	46 
4085	148 
4086	81 
4087	108 
4088	21 
4089	132 
4090	68 
4091	23 
4092	83 
4093	91 
4094	86 
4095	44 
4096	127 
4097	93 
4098	1 
4099	100 
4100	68 
4101	2 
4102	125 
4103	41 
4104	71 
4105	5 
4106	83 
4107	122 
4108	54 
4109	123 
4110	15 
4111	107 
4112	26 
4113	151 
4114	67 
4115	138 
4116	94 
4117	116 
4118	97 
4119	146 
4120	47 
4121	128 
4122	107 
4123	5 
4124	51 
4125	150 
4126	142 
4127	58 
4128	145 
4129	145 
4130	100 
4131	2 
4132	65 
4133	77 
4134	27 
4135	21 
4136	132 
4137	26 
4138	11 
4139	72 
4140	29 
4141	140 
4142	69 
4143	73 
4144	96 
4145	67 
4146	5 
4147	126 
4148	31 
4149	33 
4150	94 
4151	29 
4152	50 
4153	153 
4154	14 
4155	146 
4156	26 
4157	149 
4158	1 
4159	21 
4160	77 
4161	6 
4162	13 
4163	7 
4164	51 
4165	57 
4166	51 
4167	21 
4168	12 
4169	108 
4170	108 
4171	5 
4172	16 
4173	38 
4174	46 
4175	131 
4176	99 
4177	139 
4178	27 
4179	45 
4180	147 
4181	140 
4182	109 
4183	94 
4184	45 
4185	8 
4186	10 
4187	91 
4188	118 
4189	115 
4190	75 
4191	65 
4192	113 
4193	3 
4194	69 
4195	22 
4196	129 
4197	35 
4198	142 
4199	46 
4200	14 
4201	59 
4202	127 
4203	104 
4204	48 
4205	71 
4206	5 
4207	36 
4208	33 
4209	30 
4210	23 
4211	152 
4212	13 
4213	82 
4214	115 
4215	121 
4216	133 
4217	151 
4218	21 
4219	71 
4220	125 
4221	118 
4222	55 
4223	103 
4224	83 
4225	87 
4226	87 
4227	77 
4228	20 
4229	18 
4230	68 
4231	60 
4232	90 
4233	18 
4234	36 
4235	105 
4236	105 
4237	89 
4238	65 
4239	6 
4240	30 
4241	63 
4242	70 
4243	90 
4244	44 
4245	48 
4246	84 
4247	105 
4248	23 
4249	44 
4250	1 
4251	135 
4252	121 
4253	56 
4254	109 
4255	67 
4256	56 
4257	148 
4258	138 
4259	98 
4260	94 
4261	87 
4262	27 
4263	21 
4264	71 
4265	128 
4266	132 
4267	25 
4268	134 
4269	145 
4270	120 
4271	112 
4272	127 
4273	75 
4274	67 
4275	141 
4276	70 
4277	32 
4278	122 
4279	68 
4280	80 
4281	52 
4282	88 
4283	20 
4284	22 
4285	151 
4286	27 
4287	13 
4288	143 
4289	83 
4290	46 
4291	65 
4292	37 
4293	19 
4294	76 
4295	76 
4296	149 
4297	28 
4298	6 
4299	74 
4300	138 
4301	75 
4302	30 
4303	9 
4304	32 
4305	96 
4306	2 
4307	50 
4308	77 
4309	52 
4310	133 
4311	13 
4312	10 
4313	52 
4314	97 
4315	149 
4316	45 
4317	13 
4318	121 
4319	8 
4320	78 
4321	23 
4322	138 
4323	21 
4324	101 
4325	77 
4326	13 
4327	41 
4328	15 
4329	88 
4330	128 
4331	5 
4332	53 
4333	6 
4334	52 
4335	3 
4336	3 
4337	98 
4338	24 
4339	118 
4340	74 
4341	13 
4342	152 
4343	92 
4344	121 
4345	143 
4346	8 
4347	9 
4348	63 
4349	101 
4350	14 
4351	37 
4352	17 
4353	148 
4354	53 
4355	93 
4356	23 
4357	115 
4358	109 
4359	82 
4360	132 
4361	122 
4362	110 
4363	43 
4364	1 
4365	127 
4366	12 
4367	50 
4368	91 
4369	94 
4370	70 
4371	145 
4372	105 
4373	9 
4374	64 
4375	131 
4376	149 
4377	22 
4378	103 
4379	95 
4380	13 
4381	83 
4382	45 
4383	8 
4384	13 
4385	27 
4386	12 
4387	23 
4388	58 
4389	138 
4390	30 
4391	81 
4392	144 
4393	84 
4394	96 
4395	31 
4396	102 
4397	13 
4398	58 
4399	11 
4400	139 
4401	144 
4402	41 
4403	114 
4404	26 
4405	39 
4406	127 
4407	7 
4408	69 
4409	113 
4410	132 
4411	139 
4412	108 
4413	48 
4414	57 
4415	153 
4416	72 
4417	106 
4418	98 
4419	108 
4420	135 
4421	21 
4422	87 
4423	137 
4424	112 
4425	89 
4426	58 
4427	95 
4428	2 
4429	136 
4430	53 
4431	71 
4432	21 
4433	133 
4434	43 
4435	135 
4436	45 
4437	5 
4438	110 
4439	103 
4440	97 
4441	72 
4442	13 
4443	13 
4444	25 
4445	47 
4446	7 
4447	31 
4448	97 
4449	129 
4450	12 
4451	52 
4452	66 
4453	31 
4454	51 
4455	132 
4456	43 
4457	59 
4458	21 
4459	8 
4460	73 
4461	79 
4462	100 
4463	148 
4464	23 
4465	144 
4466	12 
4467	139 
4468	87 
4469	67 
4470	86 
4471	6 
4472	49 
4473	66 
4474	151 
4475	69 
4476	11 
4477	98 
4478	143 
4479	14 
4480	99 
4481	111 
4482	140 
4483	58 
4484	13 
4485	110 
4486	142 
4487	67 
4488	39 
4489	23 
4490	82 
4491	90 
4492	145 
4493	25 
4494	44 
4495	37 
4496	41 
4497	49 
4498	38 
4499	18 
4500	137 
4501	104 
4502	58 
4503	9 
4504	78 
4505	43 
4506	65 
4507	55 
4508	85 
4509	76 
4510	49 
4511	101 
4512	78 
4513	59 
4514	71 
4515	148 
4516	125 
4517	110 
4518	25 
4519	85 
4520	53 
4521	25 
4522	58 
4523	68 
4524	119 
4525	132 
4526	65 
4527	53 
4528	26 
4529	72 
4530	147 
4531	107 
4532	105 
4533	79 
4534	50 
4535	135 
4536	107 
4537	42 
4538	132 
4539	78 
4540	56 
4541	11 
4542	10 
4543	56 
4544	121 
4545	121 
4546	6 
4547	15 
4548	19 
4549	133 
4550	47 
4551	18 
4552	71 
4553	56 
4554	149 
4555	42 
4556	135 
4557	77 
4558	141 
4559	97 
4560	123 
4561	37 
4562	36 
4563	95 
4564	136 
4565	99 
4566	120 
4567	73 
4568	28 
4569	19 
4570	37 
4571	128 
4572	129 
4573	7 
4574	77 
4575	130 
4576	69 
4577	79 
4578	153 
4579	60 
4580	144 
4581	126 
4582	137 
4583	97 
4584	36 
4585	142 
4586	16 
4587	131 
4588	26 
4589	151 
4590	67 
4591	116 
4592	22 
4593	111 
4594	60 
4595	84 
4596	76 
4597	38 
4598	49 
4599	19 
4600	7 
4601	104 
4602	131 
4603	38 
4604	36 
4605	114 
4606	40 
4607	87 
4608	125 
4609	72 
4610	23 
4611	3 
4612	1 
4613	78 
4614	13 
4615	101 
4616	66 
4617	125 
4618	23 
4619	80 
4620	142 
4621	44 
4622	12 
4623	97 
4624	84 
4625	37 
4626	10 
4627	30 
4628	87 
4629	145 
4630	81 
4631	18 
4632	28 
4633	85 
4634	45 
4635	47 
4636	25 
4637	54 
4638	4 
4639	9 
4640	71 
4641	32 
4642	121 
4643	29 
4644	77 
4645	26 
4646	1 
4647	51 
4648	110 
4649	56 
4650	108 
4651	106 
4652	106 
4653	33 
4654	23 
4655	19 
4656	49 
4657	111 
4658	115 
4659	68 
4660	148 
4661	148 
4662	13 
4663	28 
4664	93 
4665	2 
4666	67 
4667	65 
4668	25 
4669	130 
4670	96 
4671	116 
4672	100 
4673	144 
4674	133 
4675	19 
4676	29 
4677	6 
4678	13 
4679	69 
4680	72 
4681	59 
4682	59 
4683	48 
4684	48 
4685	65 
4686	96 
4687	43 
4688	143 
4689	12 
4690	13 
4691	60 
4692	99 
4693	51 
4694	34 
4695	65 
4696	85 
4697	149 
4698	78 
4699	119 
4700	21 
4701	107 
4702	16 
4703	112 
4704	16 
4705	126 
4706	151 
4707	100 
4708	53 
4709	77 
4710	117 
4711	1 
4712	27 
4713	100 
4714	152 
4715	72 
4716	110 
4717	2 
4718	78 
4719	54 
4720	109 
4721	1 
4722	82 
4723	138 
4724	25 
4725	107 
4726	125 
4727	130 
4728	98 
4729	42 
4730	132 
4731	57 
4732	28 
4733	26 
4734	46 
4735	25 
4736	31 
4737	124 
4738	101 
4739	110 
4740	52 
4741	15 
4742	16 
4743	11 
4744	78 
4745	67 
4746	147 
4747	9 
4748	37 
4749	128 
4750	97 
4751	37 
4752	126 
4753	11 
4754	122 
4755	42 
4756	58 
4757	18 
4758	24 
4759	51 
4760	135 
4761	53 
4762	19 
4763	34 
4764	61 
4765	23 
4766	24 
4767	7 
4768	103 
4769	116 
4770	94 
4771	146 
4772	29 
4773	71 
4774	78 
4775	7 
4776	146 
4777	74 
4778	95 
4779	36 
4780	107 
4781	97 
4782	96 
4783	76 
4784	63 
4785	95 
4786	39 
4787	94 
4788	101 
4789	144 
4790	27 
4791	34 
4792	28 
4793	54 
4794	139 
4795	83 
4796	25 
4797	102 
4798	33 
4799	109 
4800	61 
4801	15 
4802	141 
4803	128 
4804	43 
4805	72 
4806	14 
4807	5 
4808	136 
4809	135 
4810	82 
4811	13 
4812	79 
4813	87 
4814	103 
4815	148 
4816	149 
4817	56 
4818	61 
4819	13 
4820	44 
4821	8 
4822	75 
4823	82 
4824	55 
4825	2 
4826	141 
4827	53 
4828	6 
4829	101 
4830	149 
4831	67 
4832	118 
4833	65 
4834	36 
4835	50 
4836	55 
4837	132 
4838	141 
4839	103 
4840	79 
4841	42 
4842	13 
4843	121 
4844	51 
4845	127 
4846	11 
4847	149 
4848	137 
4849	90 
4850	61 
4851	9 
4852	119 
4853	45 
4854	150 
4855	16 
4856	149 
4857	55 
4858	100 
4859	36 
4860	145 
4861	10 
4862	48 
4863	71 
4864	139 
4865	10 
4866	77 
4867	42 
4868	134 
4869	83 
4870	95 
4871	151 
4872	128 
4873	98 
4874	106 
4875	30 
4876	25 
4877	70 
4878	119 
4879	23 
4880	91 
4881	50 
4882	67 
4883	66 
4884	145 
4885	71 
4886	131 
4887	56 
4888	140 
4889	14 
4890	83 
4891	132 
4892	102 
4893	104 
4894	93 
4895	108 
4896	22 
4897	1 
4898	1 
4899	118 
4900	141 
4901	31 
4902	144 
4903	114 
4904	45 
4905	62 
4906	63 
4907	142 
4908	65 
4909	94 
4910	78 
4911	31 
4912	35 
4913	78 
4914	90 
4915	144 
4916	116 
4917	135 
4918	40 
4919	148 
4920	47 
4921	116 
4922	16 
4923	18 
4924	142 
4925	23 
4926	65 
4927	110 
4928	85 
4929	135 
4930	42 
4931	6 
4932	24 
4933	91 
4934	56 
4935	52 
4936	140 
4937	71 
4938	66 
4939	1 
4940	108 
4941	148 
4942	42 
4943	87 
4944	73 
4945	82 
4946	5 
4947	51 
4948	79 
4949	121 
4950	48 
4951	67 
4952	78 
4953	56 
4954	129 
4955	98 
4956	103 
4957	35 
4958	8 
4959	98 
4960	140 
4961	1 
4962	83 
4963	30 
4964	88 
4965	144 
4966	106 
4967	22 
4968	43 
4969	87 
4970	65 
4971	108 
4972	151 
4973	103 
4974	151 
4975	79 
4976	125 
4977	92 
4978	26 
4979	80 
4980	21 
4981	79 
4982	58 
4983	53 
4984	39 
4985	115 
4986	95 
4987	118 
4988	47 
4989	134 
4990	89 
4991	6 
4992	121 
4993	56 
4994	79 
4995	18 
4996	30 
4997	139 
4998	88 
4999	73 
5000	21 
