1  3  4  7  10  
2  5  10  6  5  
3  1  8  10  4  
4  6  1  1  4  
5  7  6  2  8  
6  5  3  6  5  
7  9  4  6  7  
8  6  9  7  10  
9  8  9  8  8  
10  2  4  8  6  
11  8  8  9  9  
12  1  4  5  5  
13  2  1  1  10  
14  9  9  7  8  
15  7  4  2  4  
16  2  10  2  7  
17  10  7  3  7  
18  2  9  7  3  
19  9  5  2  10  
20  2  3  1  7  
21  5  9  2  1  
22  2  7  10  9  
23  4  10  6  4  
24  9  3  1  10  
25  9  3  8  6  
26  2  3  7  2  
27  3  10  5  6  
28  3  5  3  9  
29  9  4  6  9  
30  6  1  9  7  
31  10  9  5  1  
32  9  4  10  10  
33  5  1  3  2  
34  5  10  8  1  
35  9  4  4  1  
36  4  8  9  3  
37  4  10  10  3  
38  5  6  5  9  
39  8  8  9  9  
40  1  8  5  10  
41  10  4  6  7  
42  4  6  10  5  
43  2  7  3  10  
44  2  9  9  6  
45  2  4  8  6  
46  8  10  2  6  
47  1  6  6  2  
48  3  5  7  9  
49  2  8  4  7  
50  10  10  4  5  
51  2  9  9  6  
52  9  4  4  2  
53  4  10  10  1  
54  10  1  6  2  
55  10  7  2  4  
56  2  5  4  7  
57  4  5  9  4  
58  8  5  5  5  
59  1  8  10  4  
60  10  5  5  7  
61  9  1  4  4  
62  9  3  2  10  
63  10  7  8  4  
64  5  6  3  2  
65  7  4  10  2  
66  1  8  9  8  
67  2  2  5  2  
68  3  9  4  10  
69  3  6  2  3  
70  7  8  10  10  
71  7  8  5  10  
72  4  2  9  1  
73  5  4  6  6  
74  3  5  7  9  
75  2  2  7  3  
76  6  9  5  4  
77  5  9  2  1  
78  7  2  1  1  
79  9  5  8  7  
80  6  8  9  7  
81  1  6  8  3  
82  8  8  9  9  
83  10  5  6  4  
84  1  8  7  8  
85  8  4  9  10  
86  1  3  4  10  
87  1  6  8  3  
88  8  4  9  10  
89  10  7  9  6  
90  6  8  9  7  
91  2  7  10  9  
92  7  5  4  1  
93  6  6  4  9  
94  9  4  4  1  
95  8  5  5  5  
96  1  6  7  7  
97  7  4  2  4  
98  1  8  7  8  
99  6  8  9  7  
100  7  2  1  1  
101  7  1  7  1  
102  3  3  4  6  
103  9  9  7  8  
104  4  2  9  1  
105  6  6  5  9  
106  6  8  9  7  
107  3  1  3  3  
108  4  5  6  7  
109  7  5  3  7  
110  8  9  8  8  
111  8  9  8  8  
112  6  10  1  1  
113  5  2  6  5  
114  9  10  10  3  
115  1  1  8  5  
116  2  6  3  3  
117  10  7  9  8  
118  6  10  8  5  
119  2  7  9  6  
120  7  2  1  1  
121  3  3  1  8  
122  6  8  9  7  
123  9  6  10  3  
124  2  7  5  8  
125  7  4  10  2  
126  5  4  8  3  
127  8  9  9  8  
128  7  7  7  6  
129  4  10  10  1  
130  1  3  4  10  
131  6  4  6  1  
132  8  2  9  8  
133  8  8  10  4  
134  4  10  10  1  
135  10  5  8  2  
136  5  9  7  5  
137  10  5  8  2  
138  8  3  10  7  
139  10  6  1  6  
140  7  1  1  1  
141  1  8  3  4  
142  8  9  8  8  
143  5  2  8  2  
144  4  2  9  1  
145  8  10  5  5  
146  9  4  4  1  
147  9  9  7  8  
148  10  5  6  4  
149  6  8  9  7  
150  1  4  8  5  
151  2  2  3  5  
152  8  4  3  10  
153  5  6  6  3  
154  10  6  1  6  
155  3  10  5  6  
156  6  10  8  4  
157  4  1  4  6  
158  8  7  7  9  
159  9  10  10  3  
160  7  6  5  3  
161  6  2  9  7  
162  3  10  5  6  
163  8  7  2  2  
164  2  1  4  2  
165  9  9  1  6  
166  2  8  4  7  
167  8  4  9  6  
168  4  2  9  1  
169  8  10  8  8  
170  8  5  5  7  
171  5  2  8  2  
172  3  10  5  6  
173  9  3  1  10  
174  4  3  10  10  
175  8  6  9  7  
176  6  4  6  7  
177  7  1  1  6  
178  9  7  1  5  
179  8  7  2  2  
180  8  8  10  4  
181  3  6  5  9  
182  8  9  5  4  
183  10  7  3  10  
184  6  9  5  4  
185  3  2  8  5  
186  4  5  7  1  
187  9  9  2  7  
188  5  2  1  1  
189  3  1  4  6  
190  3  10  5  5  
191  4  8  5  10  
192  1  6  6  2  
193  3  1  1  4  
194  9  3  1  10  
195  2  8  3  7  
196  5  4  4  4  
197  2  2  3  5  
198  4  10  1  2  
199  10  5  5  5  
200  10  7  9  8  
201  4  2  1  5  
202  3  7  5  10  
203  5  8  3  5  
204  2  3  7  2  
205  10  5  6  4  
206  8  10  2  6  
207  6  9  7  4  
208  1  6  8  7  
209  4  5  4  3  
210  6  5  6  4  
211  5  4  8  3  
212  7  10  3  7  
213  10  7  3  10  
214  3  5  7  9  
215  5  6  6  3  
216  3  1  3  3  
217  9  4  4  1  
218  7  7  3  6  
219  4  7  6  3  
220  10  7  3  10  
221  4  8  9  3  
222  9  3  2  10  
223  10  7  9  6  
224  10  9  5  1  
225  2  2  7  2  
226  1  1  2  6  
227  8  1  4  3  
228  3  3  1  8  
229  10  7  9  8  
230  8  7  2  2  
231  8  6  9  7  
232  7  5  4  1  
233  7  10  3  7  
234  10  9  5  1  
235  4  2  9  1  
236  7  5  4  1  
237  5  2  1  1  
238  9  1  8  8  
239  2  2  3  5  
240  3  9  6  5  
241  6  9  5  4  
242  8  2  9  8  
243  8  8  10  4  
244  2  8  4  7  
245  10  1  6  2  
246  6  1  1  4  
247  3  1  3  3  
248  3  9  3  3  
249  5  6  6  3  
250  10  1  6  2  
251  3  1  4  6  
252  3  3  8  2  
253  3  1  3  3  
254  9  10  10  3  
255  5  2  1  1  
256  7  9  10  8  
257  7  4  10  2  
258  4  10  6  3  
259  9  4  10  10  
260  10  1  6  2  
261  8  6  9  7  
262  2  8  4  7  
263  9  1  8  6  
264  4  5  1  3  
265  2  3  9  3  
266  3  10  4  6  
267  1  1  2  6  
268  5  2  8  2  
269  3  1  1  4  
270  5  6  6  3  
271  5  1  3  2  
272  2  5  7  1  
273  3  1  3  3  
274  6  9  5  4  
275  8  1  5  7  
276  10  8  8  2  
277  3  3  1  8  
278  6  8  10  4  
279  5  2  1  3  
280  5  1  3  2  
281  3  5  3  9  
282  3  7  7  10  
283  9  3  4  4  
284  10  1  1  4  
285  9  1  5  9  
286  1  6  8  9  
287  9  4  6  9  
288  4  6  3  5  
289  2  6  3  8  
290  2  7  8  4  
291  4  2  10  2  
292  8  4  9  10  
293  6  8  5  10  
294  7  7  7  6  
295  6  8  7  9  
296  3  8  7  9  
297  4  2  9  1  
298  10  5  6  5  
299  10  8  6  8  
300  2  4  7  2  
301  3  10  5  6  
302  3  5  3  9  
303  2  7  10  9  
304  6  4  2  4  
305  6  8  9  7  
306  9  1  8  2  
307  6  1  1  4  
308  5  3  6  5  
309  1  1  2  6  
310  2  4  3  10  
311  9  3  6  6  
312  4  5  4  3  
313  6  1  1  4  
314  5  3  1  1  
315  2  2  3  5  
316  5  8  3  1  
317  7  5  4  1  
318  2  4  3  10  
319  6  4  2  4  
320  10  5  5  7  
321  3  8  3  9  
322  4  2  8  2  
323  3  4  7  10  
324  2  10  7  2  
325  8  3  10  7  
326  3  1  4  6  
327  5  1  6  5  
328  5  10  1  1  
329  1  5  1  1  
330  6  10  7  3  
331  2  6  8  6  
332  8  7  2  2  
333  7  9  2  8  
334  4  8  10  5  
335  7  5  4  1  
336  7  1  1  1  
337  3  4  7  10  
338  6  6  6  9  
339  8  3  10  7  
340  1  6  6  2  
341  6  6  5  9  
342  4  2  2  2  
343  10  6  1  6  
344  6  7  2  3  
345  1  1  2  6  
346  6  10  7  3  
347  4  2  8  3  
348  3  5  7  9  
349  6  10  1  6  
350  10  7  9  6  
351  8  3  10  7  
352  10  7  9  8  
353  6  4  6  3  
354  5  7  7  9  
355  9  1  8  8  
356  6  2  9  7  
357  6  10  7  3  
358  7  1  7  1  
359  5  10  4  5  
360  9  4  4  1  
361  7  9  5  8  
362  9  4  6  9  
363  4  5  9  4  
364  3  3  4  6  
365  9  7  4  5  
366  3  7  5  10  
367  8  6  9  7  
368  7  2  1  1  
369  3  9  5  6  
370  4  10  10  1  
371  6  8  5  7  
372  8  10  4  5  
373  4  1  4  2  
374  2  3  9  3  
375  3  1  4  6  
376  6  8  5  10  
377  10  6  1  6  
378  9  1  4  4  
379  10  1  6  2  
380  10  1  6  4  
381  6  6  6  4  
382  6  10  8  4  
383  9  4  2  1  
384  6  10  8  10  
385  1  5  5  7  
386  2  4  3  10  
387  5  4  10  10  
388  1  9  2  7  
389  2  7  5  8  
390  1  1  8  5  
391  3  8  3  9  
392  10  7  9  6  
393  6  10  1  6  
394  4  10  10  1  
395  10  8  6  8  
396  5  4  4  4  
397  2  4  3  10  
398  8  9  8  8  
399  2  2  9  1  
400  2  9  9  6  
401  1  7  2  3  
402  5  2  1  1  
403  1  7  5  5  
404  7  7  7  6  
405  1  2  10  4  
406  4  5  1  3  
407  10  5  6  4  
408  1  8  7  8  
409  6  8  7  6  
410  1  9  10  9  
411  5  4  4  4  
412  3  5  8  9  
413  5  3  10  8  
414  9  1  9  1  
415  10  3  10  10  
416  5  1  3  2  
417  5  9  7  9  
418  4  9  2  4  
419  9  10  10  3  
420  7  6  8  7  
421  1  8  10  2  
422  5  4  4  4  
423  9  6  8  2  
424  2  8  4  7  
425  5  2  8  2  
426  5  4  8  8  
427  9  1  5  9  
428  8  4  9  9  
429  5  5  3  9  
430  8  10  2  6  
431  9  10  8  8  
432  3  7  3  7  
433  3  9  7  9  
434  5  9  2  3  
435  6  9  5  4  
436  6  4  2  4  
437  4  3  10  10  
438  1  7  6  5  
439  1  9  2  7  
440  1  1  2  5  
441  4  2  9  1  
442  1  5  1  1  
443  1  8  7  8  
444  9  3  6  6  
445  6  10  8  4  
446  6  3  7  6  
447  7  7  7  6  
448  2  2  7  2  
449  8  7  2  2  
450  1  8  10  4  
451  7  2  10  8  
452  1  8  10  4  
453  7  3  10  10  
454  4  2  9  1  
455  4  2  1  2  
456  10  1  9  6  
457  5  2  1  1  
458  6  3  7  6  
459  4  7  4  3  
460  5  10  1  1  
461  4  5  9  4  
462  10  8  6  8  
463  5  4  4  4  
464  1  1  8  5  
465  10  7  3  7  
466  3  6  5  9  
467  10  2  3  10  
468  6  10  7  3  
469  3  4  3  10  
470  7  2  10  10  
471  2  1  4  10  
472  6  8  9  7  
473  2  10  2  7  
474  7  4  10  10  
475  5  2  1  1  
476  5  8  3  1  
477  4  7  1  6  
478  9  9  7  8  
479  8  8  10  4  
480  9  7  4  5  
481  9  10  10  3  
482  2  2  3  5  
483  9  8  1  10  
484  5  8  7  9  
485  10  9  5  1  
486  6  6  8  4  
487  8  2  9  5  
488  5  2  6  5  
489  10  6  1  6  
490  2  9  7  3  
491  3  7  5  10  
492  2  9  9  6  
493  2  1  4  2  
494  10  6  1  6  
495  5  10  6  5  
496  6  2  9  7  
497  9  3  1  10  
498  5  9  3  1  
499  10  7  5  5  
500  1  8  10  6  
501  4  10  6  3  
502  9  8  7  9  
503  9  1  4  4  
504  6  1  1  4  
505  8  2  9  8  
506  5  5  1  1  
507  1  6  8  3  
508  7  2  10  8  
509  2  2  7  2  
510  2  2  3  5  
511  4  5  1  3  
512  1  9  2  7  
513  5  1  3  2  
514  10  7  9  8  
515  10  1  6  2  
516  6  3  7  6  
517  4  5  9  4  
518  4  1  1  6  
519  4  10  10  1  
520  2  4  4  4  
521  9  10  10  3  
522  7  6  2  8  
523  8  9  8  8  
524  1  3  9  3  
525  3  9  6  5  
526  10  5  8  2  
527  10  9  6  9  
528  10  1  6  4  
529  5  6  3  2  
530  9  10  8  3  
531  9  6  10  4  
532  4  3  1  4  
533  4  8  9  3  
534  6  1  1  4  
535  4  5  4  2  
536  3  3  1  2  
537  5  10  2  1  
538  8  10  4  5  
539  9  6  8  2  
540  6  6  4  9  
541  7  2  10  10  
542  1  7  5  5  
543  10  2  9  5  
544  3  8  7  9  
545  9  4  4  1  
546  9  6  9  2  
547  6  1  1  4  
548  7  2  10  10  
549  4  5  1  3  
550  4  6  10  5  
551  5  8  6  1  
552  6  10  1  6  
553  6  1  1  4  
554  6  8  5  10  
555  1  9  10  9  
556  9  4  2  1  
557  3  2  5  6  
558  10  1  6  4  
559  2  7  4  2  
560  3  3  1  8  
561  9  1  4  4  
562  1  8  10  4  
563  3  9  3  10  
564  5  7  7  9  
565  3  8  9  7  
566  6  4  1  7  
567  4  3  10  10  
568  4  3  10  10  
569  8  4  9  10  
570  5  10  7  9  
571  4  9  2  4  
572  10  5  8  2  
573  2  7  5  8  
574  2  2  7  2  
575  5  3  6  5  
576  1  7  2  9  
577  7  6  2  8  
578  8  10  1  1  
579  8  9  8  8  
580  2  4  5  10  
581  4  5  7  1  
582  5  8  3  1  
583  5  2  2  5  
584  8  10  2  6  
585  2  3  7  2  
586  10  5  6  4  
587  9  3  1  10  
588  8  10  1  6  
589  9  1  8  9  
590  7  10  3  5  
591  7  7  7  6  
592  4  2  9  1  
593  2  7  5  8  
594  1  8  10  4  
595  10  1  6  2  
596  1  1  8  5  
597  5  2  8  2  
598  4  5  9  4  
599  4  2  9  1  
600  5  6  10  8  
601  1  8  10  4  
602  7  2  10  10  
603  2  10  2  7  
604  4  10  6  10  
605  10  9  5  1  
606  6  10  1  6  
607  5  2  8  9  
608  5  1  3  2  
609  3  9  9  4  
610  10  10  4  5  
611  3  8  7  9  
612  3  9  8  6  
613  3  3  1  8  
614  6  6  4  9  
615  8  10  1  6  
616  10  9  6  9  
617  4  5  9  4  
618  3  3  1  8  
619  3  3  8  2  
620  3  10  5  6  
621  4  5  9  4  
622  4  2  8  2  
623  3  8  7  9  
624  2  2  7  2  
625  7  9  5  8  
626  7  1  7  1  
627  3  6  7  9  
628  10  7  3  7  
629  10  8  6  8  
630  2  7  5  8  
631  10  7  3  7  
632  3  6  9  7  
633  1  5  2  2  
634  6  10  7  3  
635  4  10  10  1  
636  2  2  7  2  
637  8  5  8  5  
638  9  9  7  8  
639  5  2  7  2  
640  8  10  3  6  
641  10  6  6  4  
642  1  8  10  4  
643  2  1  4  2  
644  2  10  2  7  
645  7  9  5  8  
646  6  4  6  7  
647  10  9  5  1  
648  5  3  10  10  
649  2  10  3  7  
650  5  10  6  5  
651  2  3  7  2  
652  6  5  6  4  
653  3  5  3  9  
654  3  9  3  10  
655  1  9  10  9  
656  7  10  3  7  
657  6  1  1  8  
658  2  3  9  3  
659  3  8  7  9  
660  3  9  3  10  
661  4  2  9  1  
662  4  9  2  4  
663  1  7  5  5  
664  1  6  6  2  
665  6  6  5  9  
666  3  5  10  9  
667  7  7  7  8  
668  2  4  3  10  
669  8  8  3  7  
670  9  7  4  5  
671  5  9  2  1  
672  9  9  7  8  
673  6  4  6  7  
674  6  4  8  4  
675  1  6  6  2  
676  9  6  10  3  
677  7  7  7  6  
678  5  3  6  5  
679  8  4  9  7  
680  9  10  10  3  
681  1  6  6  10  
682  2  9  2  6  
683  4  5  7  1  
684  4  3  6  4  
685  1  9  2  7  
686  2  1  4  2  
687  8  10  1  6  
688  4  2  1  2  
689  7  2  10  8  
690  6  2  1  6  
691  2  3  1  7  
692  9  6  10  3  
693  7  1  7  4  
694  3  4  7  10  
695  4  6  10  3  
696  2  2  7  2  
697  5  7  7  9  
698  4  10  10  1  
699  1  6  6  2  
700  4  7  4  3  
701  8  4  8  6  
702  6  1  1  4  
703  5  4  4  4  
704  10  6  1  6  
705  6  3  7  6  
706  10  7  6  7  
707  4  9  3  5  
708  8  6  9  7  
709  4  7  9  4  
710  9  7  4  5  
711  9  4  2  1  
712  9  9  7  8  
713  10  9  6  9  
714  9  4  2  1  
715  8  10  1  6  
716  3  1  5  9  
717  8  5  1  1  
718  1  4  8  3  
719  8  7  4  2  
720  2  9  7  3  
721  2  7  7  6  
722  9  3  6  6  
723  4  2  8  2  
724  2  4  8  6  
725  9  1  5  9  
726  7  7  7  6  
727  10  4  2  4  
728  6  2  9  7  
729  7  2  10  8  
730  5  1  9  2  
731  10  4  5  2  
732  4  10  6  3  
733  1  3  4  10  
734  5  3  10  8  
735  8  2  9  5  
736  8  10  2  6  
737  9  4  4  1  
738  2  1  4  2  
739  9  8  5  10  
740  5  7  7  5  
741  2  8  9  7  
742  4  9  2  4  
743  10  5  8  2  
744  6  6  4  9  
745  1  6  8  7  
746  9  3  6  6  
747  4  5  9  4  
748  2  4  8  6  
749  4  6  10  1  
750  9  3  1  10  
751  5  5  6  4  
752  2  1  2  2  
753  9  1  5  9  
754  10  7  9  8  
755  4  10  6  3  
756  3  3  8  2  
757  4  2  1  2  
758  2  3  9  3  
759  8  10  1  6  
760  5  10  1  1  
761  6  5  6  4  
762  2  9  7  3  
763  10  7  3  4  
764  6  3  7  6  
765  1  6  6  2  
766  4  8  10  3  
767  4  5  7  1  
768  10  5  5  7  
769  7  7  7  6  
770  8  1  5  7  
771  9  6  3  3  
772  10  7  3  10  
773  6  9  6  7  
774  4  5  4  3  
775  10  6  1  6  
776  1  8  10  4  
777  8  6  9  5  
778  1  8  10  4  
779  5  8  10  1  
780  2  8  7  9  
781  7  4  10  2  
782  4  5  4  3  
783  6  8  7  9  
784  2  8  4  7  
785  3  10  5  6  
786  2  3  9  3  
787  4  5  1  3  
788  5  8  6  5  
789  8  8  4  4  
790  8  3  10  7  
791  9  4  8  4  
792  4  5  7  1  
793  4  5  6  7  
794  5  7  7  9  
795  9  7  9  6  
796  10  1  6  6  
797  10  7  3  10  
798  10  5  8  2  
799  2  9  3  10  
800  5  7  7  9  
801  3  9  3  10  
802  5  8  3  1  
803  7  1  7  1  
804  4  8  9  9  
805  1  5  1  1  
806  9  4  4  1  
807  9  9  7  8  
808  9  3  2  5  
809  8  4  9  10  
810  7  7  5  5  
811  3  8  7  9  
812  10  9  6  9  
813  5  9  2  1  
814  7  7  7  6  
815  5  2  8  2  
816  10  10  4  7  
817  4  2  1  2  
818  8  8  3  7  
819  9  7  4  5  
820  2  7  5  8  
821  7  8  5  8  
822  6  9  1  4  
823  2  9  9  6  
824  2  4  3  10  
825  6  3  7  6  
826  4  8  9  3  
827  2  3  7  2  
828  7  5  4  1  
829  10  3  1  1  
830  5  10  1  1  
831  4  7  5  2  
832  9  3  8  10  
833  5  6  6  3  
834  5  6  8  3  
835  4  2  8  2  
836  8  8  10  4  
837  9  1  4  4  
838  8  2  9  5  
839  2  9  3  10  
840  6  3  7  6  
841  4  10  6  3  
842  8  9  4  8  
843  1  6  8  3  
844  5  3  6  5  
845  8  2  9  5  
846  1  9  8  3  
847  4  2  1  2  
848  3  1  3  3  
849  1  3  1  8  
850  9  10  10  3  
851  7  10  3  7  
852  8  9  8  8  
853  5  8  4  7  
854  8  10  1  6  
855  7  1  1  1  
856  1  9  2  7  
857  10  7  3  7  
858  6  4  6  7  
859  4  9  1  3  
860  9  4  2  1  
861  4  10  6  3  
862  1  7  5  5  
863  3  8  1  8  
864  4  2  1  2  
865  5  8  3  1  
866  1  7  2  3  
867  2  9  3  10  
868  2  4  3  10  
869  3  3  4  6  
870  9  4  4  1  
871  3  9  6  5  
872  6  10  5  6  
873  7  2  10  10  
874  9  3  10  3  
875  6  5  6  5  
876  7  2  10  10  
877  9  7  10  10  
878  4  10  6  3  
879  1  9  10  9  
880  2  9  7  3  
881  9  8  7  9  
882  5  7  7  9  
883  1  1  8  5  
884  8  5  5  5  
885  10  7  9  6  
886  3  9  6  5  
887  2  9  9  6  
888  10  8  6  8  
889  9  1  8  8  
890  3  8  3  9  
891  4  2  9  1  
892  7  5  4  3  
893  4  10  6  3  
894  8  7  4  3  
895  5  3  1  10  
896  4  10  10  1  
897  5  6  3  2  
898  10  5  8  2  
899  8  10  1  6  
900  8  5  5  5  
901  10  8  6  8  
902  8  3  10  7  
903  6  4  2  4  
904  8  6  9  7  
905  5  4  8  3  
906  8  2  9  8  
907  2  6  3  7  
908  4  2  1  2  
909  7  2  5  1  
910  5  3  10  8  
911  6  4  1  4  
912  5  4  3  1  
913  5  7  7  9  
914  8  9  8  8  
915  3  2  3  9  
916  4  2  1  2  
917  2  9  7  8  
918  7  2  10  10  
919  10  3  6  2  
920  10  5  5  7  
921  10  9  6  9  
922  8  7  2  2  
923  6  2  9  7  
924  6  4  2  4  
925  3  5  3  10  
926  5  9  2  1  
927  1  8  10  4  
928  5  2  1  1  
929  5  5  6  4  
930  10  7  9  6  
931  2  7  5  8  
932  7  4  10  2  
933  3  10  5  6  
934  2  1  4  2  
935  1  1  2  6  
936  5  10  1  1  
937  10  9  6  9  
938  8  4  9  10  
939  3  6  5  9  
940  6  8  7  3  
941  5  4  4  4  
942  8  4  3  10  
943  9  9  7  8  
944  5  9  1  9  
945  3  5  7  9  
946  9  4  6  9  
947  4  10  6  3  
948  3  5  3  9  
949  6  7  6  7  
950  7  8  10  10  
951  6  8  9  7  
952  5  4  4  4  
953  6  8  7  9  
954  10  7  9  6  
955  9  4  4  1  
956  4  5  5  3  
957  9  4  2  1  
958  5  8  8  2  
959  9  3  1  7  
960  1  9  8  8  
961  6  9  5  8  
962  6  10  7  3  
963  4  5  1  3  
964  7  5  7  1  
965  8  6  9  7  
966  6  4  2  4  
967  6  8  9  7  
968  6  10  8  2  
969  2  1  5  2  
970  3  1  4  6  
971  8  9  3  10  
972  6  3  7  6  
973  9  1  3  2  
974  6  9  5  10  
975  6  3  7  6  
976  9  3  1  10  
977  5  1  3  2  
978  1  1  8  5  
979  10  5  5  7  
980  10  10  7  5  
981  6  1  3  2  
982  10  5  8  2  
983  5  4  3  10  
984  3  7  5  10  
985  2  3  7  2  
986  8  9  8  8  
987  7  2  10  1  
988  4  5  7  1  
989  9  1  10  8  
990  10  7  2  4  
991  6  1  1  4  
992  6  5  2  4  
993  5  10  6  5  
994  4  2  1  5  
995  7  4  10  2  
996  10  1  6  2  
997  5  9  2  1  
998  6  10  7  9  
999  10  6  1  3  
1000  9  6  4  3  
1001  5  2  3  1  
1002  2  3  9  3  
1003  1  1  9  6  
1004  7  1  1  1  
1005  5  6  6  8  
1006  4  5  7  1  
1007  1  6  8  3  
1008  1  6  9  2  
1009  5  6  2  2  
1010  8  2  9  5  
1011  2  3  9  9  
1012  1  7  2  2  
1013  3  9  6  5  
1014  2  1  4  2  
1015  6  2  3  7  
1016  10  6  1  6  
1017  6  8  5  10  
1018  1  5  2  2  
1019  2  10  2  7  
1020  1  3  4  10  
1021  6  5  6  7  
1022  10  4  6  4  
1023  10  5  8  2  
1024  10  1  6  4  
1025  6  4  2  4  
1026  4  10  6  3  
1027  3  8  3  9  
1028  2  4  3  10  
1029  10  9  5  1  
1030  1  5  2  2  
1031  2  10  9  7  
1032  5  3  10  8  
1033  6  8  9  7  
1034  8  8  3  7  
1035  10  4  9  10  
1036  10  9  5  1  
1037  6  6  5  9  
1038  9  1  5  9  
1039  3  7  5  10  
1040  4  5  6  7  
1041  5  3  6  5  
1042  8  10  2  6  
1043  9  4  2  1  
1044  6  2  9  7  
1045  1  8  3  1  
1046  10  5  8  2  
1047  10  7  9  9  
1048  6  3  9  6  
1049  5  4  4  4  
1050  7  8  7  6  
1051  6  1  1  4  
1052  10  5  5  7  
1053  10  5  8  2  
1054  1  3  1  7  
1055  10  9  10  8  
1056  4  9  2  4  
1057  10  6  5  1  
1058  3  5  5  6  
1059  1  9  2  7  
1060  6  6  4  9  
1061  8  3  10  7  
1062  8  7  2  2  
1063  3  3  1  7  
1064  10  7  9  9  
1065  10  5  6  4  
1066  7  10  3  7  
1067  3  3  4  6  
1068  7  4  2  4  
1069  6  6  4  9  
1070  2  4  8  6  
1071  1  1  2  6  
1072  8  7  2  2  
1073  8  3  10  4  
1074  6  6  5  9  
1075  1  3  4  10  
1076  7  10  3  5  
1077  5  4  4  4  
1078  10  7  3  7  
1079  10  7  3  7  
1080  4  2  9  9  
1081  2  4  8  6  
1082  6  5  6  4  
1083  3  7  5  10  
1084  3  3  8  5  
1085  10  6  1  6  
1086  9  8  6  6  
1087  5  10  6  5  
1088  5  2  8  5  
1089  10  6  4  6  
1090  3  2  8  4  
1091  10  1  6  2  
1092  8  7  10  7  
1093  8  8  7  9  
1094  9  4  9  1  
1095  4  5  7  9  
1096  8  9  7  3  
1097  4  9  9  4  
1098  5  10  1  1  
1099  7  8  3  9  
1100  9  6  8  2  
1101  1  8  1  4  
1102  3  10  5  6  
1103  5  3  4  8  
1104  10  9  5  1  
1105  6  1  1  4  
1106  4  6  10  5  
1107  9  3  2  10  
1108  6  4  6  7  
1109  9  4  10  10  
1110  4  2  1  3  
1111  7  2  1  1  
1112  5  2  7  5  
1113  1  9  2  3  
1114  7  6  2  8  
1115  4  10  10  1  
1116  3  3  4  1  
1117  4  2  1  2  
1118  9  6  10  3  
1119  2  4  8  6  
1120  2  3  7  2  
1121  7  5  4  1  
1122  9  6  10  3  
1123  8  2  9  5  
1124  2  3  7  2  
1125  4  8  9  5  
1126  4  10  3  1  
1127  10  8  6  8  
1128  5  3  6  5  
1129  1  9  10  9  
1130  1  6  8  3  
1131  7  2  1  10  
1132  6  8  5  10  
1133  3  4  7  10  
1134  8  6  9  7  
1135  2  3  7  2  
1136  5  5  4  3  
1137  6  6  5  10  
1138  10  5  5  7  
1139  10  1  6  2  
1140  10  5  6  4  
1141  2  7  10  9  
1142  6  4  2  4  
1143  9  6  10  3  
1144  6  10  6  6  
1145  3  10  2  6  
1146  2  4  3  10  
1147  6  5  1  4  
1148  9  3  1  10  
1149  9  3  6  6  
1150  1  1  8  5  
1151  10  7  3  4  
1152  6  4  2  4  
1153  4  8  6  7  
1154  2  1  4  2  
1155  8  10  4  5  
1156  4  5  8  3  
1157  4  5  9  4  
1158  4  10  6  3  
1159  9  3  6  6  
1160  2  4  3  3  
1161  7  9  5  8  
1162  9  1  8  8  
1163  6  10  8  4  
1164  7  5  4  1  
1165  1  8  10  4  
1166  8  2  9  8  
1167  9  6  10  3  
1168  10  7  9  6  
1169  3  8  4  6  
1170  4  2  1  5  
1171  4  2  9  7  
1172  9  1  2  7  
1173  5  2  1  1  
1174  9  3  2  10  
1175  6  8  7  9  
1176  5  2  8  8  
1177  3  6  5  9  
1178  8  7  2  2  
1179  10  6  9  6  
1180  6  6  5  9  
1181  6  9  5  4  
1182  6  6  5  9  
1183  5  4  8  3  
1184  10  7  3  7  
1185  2  6  4  2  
1186  1  5  10  2  
1187  5  4  4  4  
1188  2  3  7  10  
1189  2  7  10  9  
1190  4  2  8  2  
1191  9  4  1  9  
1192  1  3  10  1  
1193  6  1  1  4  
1194  10  9  6  8  
1195  10  1  6  4  
1196  3  1  4  6  
1197  6  7  5  5  
1198  1  6  6  2  
1199  1  9  2  7  
1200  7  9  5  8  
1201  2  1  4  5  
1202  6  10  8  4  
1203  7  4  10  2  
1204  2  3  4  7  
1205  6  3  7  6  
1206  9  6  10  7  
1207  8  10  1  6  
1208  6  2  9  7  
1209  6  3  7  6  
1210  8  10  1  6  
1211  5  7  7  9  
1212  9  3  1  10  
1213  3  7  5  10  
1214  4  2  8  2  
1215  3  9  6  4  
1216  2  7  5  8  
1217  6  8  9  7  
1218  7  1  1  1  
1219  1  5  4  2  
1220  6  10  1  5  
1221  3  7  5  10  
1222  2  9  7  3  
1223  2  9  3  10  
1224  9  4  10  10  
1225  2  2  7  2  
1226  10  9  6  9  
1227  3  9  3  10  
1228  6  4  6  7  
1229  5  3  6  5  
1230  3  9  6  5  
1231  3  9  6  5  
1232  8  2  9  7  
1233  5  9  2  1  
1234  6  10  1  6  
1235  6  2  7  7  
1236  1  5  7  1  
1237  4  5  4  3  
1238  10  1  6  2  
1239  3  9  6  5  
1240  1  3  8  1  
1241  5  7  7  9  
1242  1  6  6  2  
1243  2  3  7  2  
1244  10  8  6  8  
1245  4  1  1  4  
1246  8  8  10  4  
1247  7  1  7  1  
1248  8  8  10  4  
1249  3  4  7  10  
1250  4  2  9  1  
1251  9  6  10  3  
1252  1  1  1  5  
1253  5  2  1  1  
1254  8  3  10  7  
1255  2  1  4  2  
1256  5  4  4  4  
1257  2  4  8  6  
1258  8  8  9  9  
1259  7  1  4  1  
1260  7  1  3  7  
1261  3  1  3  3  
1262  3  6  5  9  
1263  4  5  7  1  
1264  7  1  1  1  
1265  5  6  3  2  
1266  4  6  10  5  
1267  5  2  1  1  
1268  2  4  8  6  
1269  8  10  1  6  
1270  2  6  3  8  
1271  3  1  3  3  
1272  2  9  5  10  
1273  6  9  5  10  
1274  6  2  9  7  
1275  10  10  4  5  
1276  7  4  2  4  
1277  4  2  10  5  
1278  10  9  5  1  
1279  1  6  8  7  
1280  6  10  2  6  
1281  3  6  5  9  
1282  2  5  6  7  
1283  1  1  8  5  
1284  10  3  7  2  
1285  6  1  9  4  
1286  5  9  7  4  
1287  2  8  6  2  
1288  8  8  7  7  
1289  2  2  3  5  
1290  1  6  8  7  
1291  1  8  7  8  
1292  1  3  8  1  
1293  4  8  1  3  
1294  2  7  2  9  
1295  8  4  9  9  
1296  8  9  8  8  
1297  5  8  5  9  
1298  9  10  6  3  
1299  7  4  10  2  
1300  7  9  5  8  
1301  1  6  8  3  
1302  6  1  4  4  
1303  9  4  4  1  
1304  2  2  3  5  
1305  8  6  9  7  
1306  4  2  1  2  
1307  4  2  1  2  
1308  8  10  1  6  
1309  6  2  9  5  
1310  10  7  3  10  
1311  5  2  8  2  
1312  10  5  5  7  
1313  8  2  6  8  
1314  1  3  8  1  
1315  1  8  3  8  
1316  1  9  8  10  
1317  3  7  5  10  
1318  10  7  5  8  
1319  2  8  4  7  
1320  5  2  8  2  
1321  6  9  5  4  
1322  5  10  6  5  
1323  6  6  1  6  
1324  6  8  5  10  
1325  10  9  6  9  
1326  5  6  1  1  
1327  1  6  6  2  
1328  7  2  1  1  
1329  4  9  2  4  
1330  7  6  2  8  
1331  10  5  8  10  
1332  4  2  1  5  
1333  6  10  8  4  
1334  8  6  8  2  
1335  4  10  10  1  
1336  3  3  3  1  
1337  8  10  2  4  
1338  8  2  9  5  
1339  3  3  4  6  
1340  7  10  3  5  
1341  1  8  7  8  
1342  9  6  8  2  
1343  3  8  1  4  
1344  1  1  8  5  
1345  2  1  10  2  
1346  10  1  6  2  
1347  2  7  5  5  
1348  8  2  9  8  
1349  9  5  7  9  
1350  6  2  9  7  
1351  10  10  4  5  
1352  9  3  2  10  
1353  2  6  3  8  
1354  7  7  7  6  
1355  2  6  3  8  
1356  4  8  9  3  
1357  4  5  3  1  
1358  5  6  6  3  
1359  7  4  10  2  
1360  7  9  5  8  
1361  2  4  10  6  
1362  10  5  5  7  
1363  10  5  6  7  
1364  7  5  9  9  
1365  6  1  4  2  
1366  10  5  8  2  
1367  5  1  3  2  
1368  10  7  3  7  
1369  4  2  1  1  
1370  5  6  3  2  
1371  4  9  2  7  
1372  8  5  5  5  
1373  5  3  10  8  
1374  3  5  7  9  
1375  7  6  2  8  
1376  4  5  7  1  
1377  3  6  5  9  
1378  2  8  4  7  
1379  6  8  5  7  
1380  8  8  3  7  
1381  8  5  7  9  
1382  6  10  8  4  
1383  5  10  3  5  
1384  3  5  7  9  
1385  4  5  6  7  
1386  9  1  8  8  
1387  8  7  5  2  
1388  10  10  4  5  
1389  8  3  10  7  
1390  9  9  2  10  
1391  1  6  6  2  
1392  7  6  2  8  
1393  1  6  2  6  
1394  3  1  3  3  
1395  9  1  10  10  
1396  2  2  2  7  
1397  8  2  9  8  
1398  4  2  9  1  
1399  3  8  3  9  
1400  1  1  2  6  
1401  9  4  10  10  
1402  6  4  8  4  
1403  7  9  5  8  
1404  8  3  10  1  
1405  10  7  9  6  
1406  4  2  1  5  
1407  5  2  8  2  
1408  1  3  8  1  
1409  6  8  5  10  
1410  8  10  2  7  
1411  6  10  8  4  
1412  4  2  9  1  
1413  6  6  4  9  
1414  10  5  1  6  
1415  1  4  8  7  
1416  6  8  7  9  
1417  2  8  9  9  
1418  3  3  4  6  
1419  5  6  6  3  
1420  5  2  7  1  
1421  2  9  7  3  
1422  3  1  4  6  
1423  5  3  6  5  
1424  10  7  9  6  
1425  3  6  5  9  
1426  8  1  5  7  
1427  9  4  6  9  
1428  1  6  8  7  
1429  5  4  8  3  
1430  3  4  8  2  
1431  3  3  8  2  
1432  6  3  7  6  
1433  9  6  10  3  
1434  7  5  2  4  
1435  5  10  1  1  
1436  4  6  7  5  
1437  10  10  2  6  
1438  1  5  2  2  
1439  2  8  4  7  
1440  8  8  3  7  
1441  10  7  5  3  
1442  10  10  2  6  
1443  6  5  4  1  
1444  6  3  7  6  
1445  2  9  3  10  
1446  6  8  7  9  
1447  6  6  4  9  
1448  8  10  4  5  
1449  10  5  6  4  
1450  5  8  3  1  
1451  2  10  2  7  
1452  10  5  5  7  
1453  1  6  8  3  
1454  3  10  7  9  
1455  4  3  8  4  
1456  9  4  2  1  
1457  3  7  5  10  
1458  3  9  3  10  
1459  2  2  1  1  
1460  3  8  3  10  
1461  9  4  4  1  
1462  4  10  9  4  
1463  10  7  3  7  
1464  6  8  5  10  
1465  1  3  2  6  
1466  10  7  2  7  
1467  10  5  5  7  
1468  9  10  10  3  
1469  2  2  9  5  
1470  3  7  5  10  
1471  6  1  1  4  
1472  5  2  8  2  
1473  7  5  4  1  
1474  7  2  10  8  
1475  8  8  10  4  
1476  8  2  1  1  
1477  9  10  10  3  
1478  4  2  5  1  
1479  8  8  3  1  
1480  3  8  3  9  
1481  1  7  5  4  
1482  5  8  10  4  
1483  10  6  1  6  
1484  7  2  10  8  
1485  3  2  3  9  
1486  7  1  3  5  
1487  7  1  1  1  
1488  6  10  1  6  
1489  5  6  6  3  
1490  5  4  4  4  
1491  8  10  2  6  
1492  9  10  10  1  
1493  1  8  10  4  
1494  4  5  9  4  
1495  5  2  8  5  
1496  8  3  6  10  
1497  4  8  9  3  
1498  10  9  5  1  
1499  4  2  1  4  
1500  8  4  9  10  
1501  10  7  2  4  
1502  7  9  5  8  
1503  9  7  4  9  
1504  3  7  5  10  
1505  4  2  9  1  
1506  8  6  9  7  
1507  4  2  9  1  
1508  2  10  2  7  
1509  6  4  4  4  
1510  6  6  5  9  
1511  8  8  10  10  
1512  4  10  4  3  
1513  10  8  6  8  
1514  5  9  8  3  
1515  4  2  1  2  
1516  6  6  5  9  
1517  2  5  3  10  
1518  3  1  7  1  
1519  4  6  10  5  
1520  1  1  2  8  
1521  5  1  3  1  
1522  9  9  7  8  
1523  5  9  7  9  
1524  7  6  2  8  
1525  10  10  4  5  
1526  2  6  3  10  
1527  5  6  5  6  
1528  5  3  6  5  
1529  8  3  10  7  
1530  5  8  3  1  
1531  3  5  4  9  
1532  5  1  3  2  
1533  10  2  1  1  
1534  4  3  7  1  
1535  3  6  5  9  
1536  10  8  6  8  
1537  7  2  10  8  
1538  2  3  10  8  
1539  6  8  5  10  
1540  10  7  9  1  
1541  9  3  2  10  
1542  4  10  10  1  
1543  9  9  7  8  
1544  6  6  4  9  
1545  5  9  7  9  
1546  10  9  4  1  
1547  7  1  1  1  
1548  10  5  6  4  
1549  1  6  8  3  
1550  4  9  2  4  
1551  9  6  10  3  
1552  8  3  10  7  
1553  10  5  8  2  
1554  9  10  10  3  
1555  4  2  1  5  
1556  4  9  2  4  
1557  2  3  7  2  
1558  1  9  10  9  
1559  9  4  10  10  
1560  10  7  4  10  
1561  1  3  4  10  
1562  4  2  1  2  
1563  7  9  5  8  
1564  8  8  9  9  
1565  5  8  3  1  
1566  2  3  7  2  
1567  3  6  5  9  
1568  5  6  6  3  
1569  3  1  3  3  
1570  7  9  5  8  
1571  10  6  5  6  
1572  8  10  2  6  
1573  5  1  3  2  
1574  2  9  7  3  
1575  4  8  9  3  
1576  1  7  5  5  
1577  10  7  9  6  
1578  2  2  3  5  
1579  2  2  3  5  
1580  6  2  9  7  
1581  10  5  10  2  
1582  10  1  6  2  
1583  2  4  3  10  
1584  6  5  6  4  
1585  10  5  5  7  
1586  8  5  5  5  
1587  9  3  2  10  
1588  8  8  10  4  
1589  3  7  3  9  
1590  10  7  9  8  
1591  1  9  10  9  
1592  2  9  7  3  
1593  5  10  1  1  
1594  9  4  2  2  
1595  5  6  1  6  
1596  8  10  1  6  
1597  10  9  5  1  
1598  10  7  3  10  
1599  8  6  6  2  
1600  6  4  6  7  
1601  6  8  5  10  
1602  9  6  6  6  
1603  6  3  7  6  
1604  3  5  3  9  
1605  4  5  6  2  
1606  3  9  3  10  
1607  8  7  2  2  
1608  1  7  2  3  
1609  4  5  4  3  
1610  6  5  6  4  
1611  2  7  10  8  
1612  5  10  1  9  
1613  10  1  6  4  
1614  9  6  2  10  
1615  9  5  7  8  
1616  7  1  7  1  
1617  8  8  3  7  
1618  7  5  4  1  
1619  2  2  3  5  
1620  2  4  3  10  
1621  6  3  10  10  
1622  7  2  1  1  
1623  9  1  5  9  
1624  6  4  6  7  
1625  7  1  1  1  
1626  5  2  8  5  
1627  9  4  4  1  
1628  5  9  2  1  
1629  3  5  7  10  
1630  6  8  5  10  
1631  10  1  6  2  
1632  7  1  10  10  
1633  1  7  5  5  
1634  9  4  2  1  
1635  1  3  6  2  
1636  3  8  3  9  
1637  9  6  5  9  
1638  1  3  4  10  
1639  4  5  7  1  
1640  3  10  5  6  
1641  6  9  5  4  
1642  6  6  5  9  
1643  10  1  6  2  
1644  8  7  9  9  
1645  5  4  4  4  
1646  4  10  6  3  
1647  8  1  8  8  
1648  1  5  1  4  
1649  5  10  6  10  
1650  6  8  9  7  
1651  6  10  7  3  
1652  7  10  10  3  
1653  4  7  4  3  
1654  4  1  6  3  
1655  5  4  4  4  
1656  8  2  9  8  
1657  6  3  7  6  
1658  5  8  3  1  
1659  5  2  8  5  
1660  9  9  8  2  
1661  6  3  7  6  
1662  4  9  7  1  
1663  2  3  9  3  
1664  9  3  2  10  
1665  2  7  2  4  
1666  9  1  4  4  
1667  1  6  10  3  
1668  9  6  7  3  
1669  6  6  2  9  
1670  4  5  1  3  
1671  9  6  8  2  
1672  2  1  3  10  
1673  6  8  5  10  
1674  10  6  1  6  
1675  8  2  9  5  
1676  10  8  6  8  
1677  8  10  1  6  
1678  3  1  2  3  
1679  2  3  7  2  
1680  10  2  10  1  
1681  8  8  9  9  
1682  4  3  10  10  
1683  10  1  9  9  
1684  9  3  7  10  
1685  2  9  3  10  
1686  6  8  9  7  
1687  7  9  5  8  
1688  1  9  10  9  
1689  7  1  1  1  
1690  6  10  8  4  
1691  9  9  2  5  
1692  1  9  5  5  
1693  6  4  2  4  
1694  1  9  2  7  
1695  7  2  1  1  
1696  7  4  8  3  
1697  3  7  5  10  
1698  8  10  1  6  
1699  9  8  10  4  
1700  10  7  9  6  
1701  3  8  7  9  
1702  5  10  1  1  
1703  10  8  6  8  
1704  4  8  9  3  
1705  4  5  7  1  
1706  2  10  10  9  
1707  5  6  5  4  
1708  2  9  9  6  
1709  1  8  10  4  
1710  1  1  8  7  
1711  6  3  7  6  
1712  2  2  7  2  
1713  3  9  6  5  
1714  7  7  7  6  
1715  8  7  2  2  
1716  7  4  10  2  
1717  7  1  1  1  
1718  4  7  4  3  
1719  9  4  6  9  
1720  2  4  3  10  
1721  5  7  7  9  
1722  10  2  5  7  
1723  9  3  1  10  
1724  10  7  3  6  
1725  1  10  8  5  
1726  1  8  10  4  
1727  10  6  1  6  
1728  8  2  9  9  
1729  4  2  1  5  
1730  6  8  5  10  
1731  10  5  8  2  
1732  9  3  5  9  
1733  10  7  9  1  
1734  7  2  4  10  
1735  9  4  6  9  
1736  3  1  4  6  
1737  4  5  6  7  
1738  1  7  2  3  
1739  2  3  9  3  
1740  2  3  3  2  
1741  7  4  8  3  
1742  2  6  3  8  
1743  10  7  2  4  
1744  5  4  7  9  
1745  6  4  2  4  
1746  4  10  6  3  
1747  5  9  5  4  
1748  6  9  5  4  
1749  8  2  9  8  
1750  4  9  2  4  
1751  7  6  2  8  
1752  1  6  8  7  
1753  3  5  7  9  
1754  6  10  1  6  
1755  4  10  6  3  
1756  4  5  6  7  
1757  1  8  10  4  
1758  4  6  10  5  
1759  9  10  10  3  
1760  8  7  8  3  
1761  4  5  4  3  
1762  3  6  5  9  
1763  8  2  9  8  
1764  2  1  4  2  
1765  5  8  3  1  
1766  10  3  1  6  
1767  5  9  3  10  
1768  9  4  2  1  
1769  4  2  1  5  
1770  2  6  3  8  
1771  6  10  8  4  
1772  6  6  5  9  
1773  6  1  1  4  
1774  7  10  7  7  
1775  7  4  2  4  
1776  10  7  9  6  
1777  7  2  10  8  
1778  10  8  6  8  
1779  2  7  5  8  
1780  1  6  6  3  
1781  10  8  5  7  
1782  10  9  6  9  
1783  2  1  4  2  
1784  8  7  2  2  
1785  8  4  9  10  
1786  4  5  6  7  
1787  2  10  2  7  
1788  5  10  4  3  
1789  9  3  6  6  
1790  9  10  10  4  
1791  9  3  2  10  
1792  7  2  10  10  
1793  3  8  7  9  
1794  5  2  8  5  
1795  6  10  7  3  
1796  10  8  6  8  
1797  6  2  9  7  
1798  3  3  4  6  
1799  4  3  10  10  
1800  9  1  4  4  
1801  8  6  10  3  
1802  10  1  6  4  
1803  6  3  2  6  
1804  10  3  7  6  
1805  6  4  8  5  
1806  3  5  3  9  
1807  10  1  6  4  
1808  9  3  6  9  
1809  3  9  6  5  
1810  3  6  5  9  
1811  2  2  3  5  
1812  6  2  9  7  
1813  2  10  2  7  
1814  2  4  3  10  
1815  10  5  8  2  
1816  1  7  5  6  
1817  8  1  5  10  
1818  8  5  5  2  
1819  9  10  10  3  
1820  8  5  5  5  
1821  8  3  10  7  
1822  9  4  4  1  
1823  3  7  5  10  
1824  3  1  3  3  
1825  9  6  10  3  
1826  8  3  10  7  
1827  8  7  4  3  
1828  6  2  9  7  
1829  5  9  7  9  
1830  7  1  1  1  
1831  4  2  9  7  
1832  8  10  2  6  
1833  6  6  5  3  
1834  4  10  2  1  
1835  5  4  8  3  
1836  4  2  1  5  
1837  7  2  10  8  
1838  6  3  7  6  
1839  8  3  2  2  
1840  2  2  3  5  
1841  9  4  10  2  
1842  8  8  10  4  
1843  1  7  2  3  
1844  10  3  6  2  
1845  10  6  1  6  
1846  10  7  3  7  
1847  10  2  10  10  
1848  10  6  1  6  
1849  5  8  1  1  
1850  8  7  2  2  
1851  5  6  3  2  
1852  2  6  5  9  
1853  4  5  9  1  
1854  3  1  4  6  
1855  4  4  10  10  
1856  2  7  10  9  
1857  5  6  6  3  
1858  2  3  6  5  
1859  1  6  8  7  
1860  2  9  9  6  
1861  1  1  2  6  
1862  2  7  5  8  
1863  6  1  1  4  
1864  9  3  2  3  
1865  9  4  2  1  
1866  8  10  1  6  
1867  3  10  5  6  
1868  3  5  9  9  
1869  3  3  1  8  
1870  6  4  4  4  
1871  7  6  2  3  
1872  8  6  9  7  
1873  10  7  3  10  
1874  9  6  8  2  
1875  9  1  5  1  
1876  8  10  2  6  
1877  2  9  2  4  
1878  4  5  6  7  
1879  3  6  5  9  
1880  3  5  7  9  
1881  1  9  4  10  
1882  1  9  8  1  
1883  7  7  2  2  
1884  5  3  10  8  
1885  4  2  1  2  
1886  8  8  3  9  
1887  8  2  1  8  
1888  5  10  1  1  
1889  2  1  4  2  
1890  9  3  1  10  
1891  6  6  4  9  
1892  6  6  5  9  
1893  1  9  2  7  
1894  6  10  5  4  
1895  6  1  1  4  
1896  10  9  3  7  
1897  10  7  2  4  
1898  5  3  6  5  
1899  10  7  9  6  
1900  9  3  1  10  
1901  2  9  7  3  
1902  4  8  9  3  
1903  7  1  7  1  
1904  5  1  3  8  
1905  9  4  10  1  
1906  9  5  4  1  
1907  6  1  5  4  
1908  6  2  9  10  
1909  7  1  7  1  
1910  5  9  7  9  
1911  8  6  9  7  
1912  1  5  2  2  
1913  5  6  6  3  
1914  2  4  3  9  
1915  3  9  6  5  
1916  7  7  7  6  
1917  2  7  10  9  
1918  9  4  2  1  
1919  8  4  9  10  
1920  1  6  6  2  
1921  2  9  3  10  
1922  8  6  9  7  
1923  8  8  10  4  
1924  3  3  1  8  
1925  8  8  10  4  
1926  9  1  4  4  
1927  10  9  6  9  
1928  3  3  8  2  
1929  6  10  8  4  
1930  2  6  3  8  
1931  6  6  3  2  
1932  10  9  6  9  
1933  5  1  3  2  
1934  6  6  5  9  
1935  5  2  8  2  
1936  7  7  7  6  
1937  4  6  10  4  
1938  1  1  1  1  
1939  10  2  8  2  
1940  5  7  7  9  
1941  2  7  10  9  
1942  6  6  4  9  
1943  10  1  6  4  
1944  6  4  6  7  
1945  6  10  7  3  
1946  8  5  5  5  
1947  5  3  10  8  
1948  6  1  1  4  
1949  8  4  9  10  
1950  4  5  4  3  
1951  4  8  9  3  
1952  8  5  9  5  
1953  4  7  4  3  
1954  9  3  2  10  
1955  1  6  6  2  
1956  7  9  10  2  
1957  1  7  2  3  
1958  9  6  8  2  
1959  2  7  10  9  
1960  5  6  3  2  
1961  2  9  4  3  
1962  3  8  7  9  
1963  1  4  6  2  
1964  4  10  1  5  
1965  6  5  1  3  
1966  4  10  10  1  
1967  3  8  3  9  
1968  1  9  2  7  
1969  1  9  10  9  
1970  7  5  4  1  
1971  6  4  2  4  
1972  6  2  9  7  
1973  6  4  2  4  
1974  4  5  7  1  
1975  6  10  8  4  
1976  6  9  5  4  
1977  10  5  2  4  
1978  2  9  9  6  
1979  1  1  2  6  
1980  6  4  2  4  
1981  1  1  2  6  
1982  3  5  3  9  
1983  8  10  4  5  
1984  8  7  2  2  
1985  7  5  4  1  
1986  2  7  10  9  
1987  4  8  9  1  
1988  6  4  6  7  
1989  7  5  4  1  
1990  1  6  8  3  
1991  8  2  9  8  
1992  10  1  6  2  
1993  3  4  7  10  
1994  3  4  7  10  
1995  10  1  6  2  
1996  9  10  10  3  
1997  10  2  10  6  
1998  4  5  6  4  
1999  1  6  8  8  
2000  5  3  8  8  
2001  2  1  4  2  
2002  6  2  9  7  
2003  1  6  8  7  
2004  8  2  6  5  
2005  1  7  2  3  
2006  7  10  3  5  
2007  5  10  1  1  
2008  8  5  1  6  
2009  4  5  9  7  
2010  2  9  9  6  
2011  5  3  10  8  
2012  9  4  6  9  
2013  5  8  3  1  
2014  2  1  7  2  
2015  4  10  10  1  
2016  8  4  6  9  
2017  9  4  2  1  
2018  5  10  9  5  
2019  4  5  9  4  
2020  1  4  2  7  
2021  5  2  8  5  
2022  5  1  3  2  
2023  2  2  7  2  
2024  8  8  3  1  
2025  9  3  2  10  
2026  4  5  9  4  
2027  6  8  2  2  
2028  6  10  2  4  
2029  5  2  8  5  
2030  5  10  4  1  
2031  9  4  2  1  
2032  6  4  2  4  
2033  9  4  10  10  
2034  5  8  3  1  
2035  3  3  1  8  
2036  7  6  2  8  
2037  9  8  10  4  
2038  6  2  3  2  
2039  2  1  4  2  
2040  6  2  9  7  
2041  3  6  5  9  
2042  1  1  2  6  
2043  9  4  10  10  
2044  5  8  3  1  
2045  6  9  5  4  
2046  9  3  1  10  
2047  2  9  3  10  
2048  6  3  7  6  
2049  5  4  4  4  
2050  10  10  7  3  
2051  9  3  6  6  
2052  9  8  4  5  
2053  8  6  9  7  
2054  1  8  7  8  
2055  8  7  4  3  
2056  3  6  5  9  
2057  4  5  6  4  
2058  2  4  8  6  
2059  4  10  10  1  
2060  5  3  6  5  
2061  4  2  1  4  
2062  1  7  5  5  
2063  9  7  4  5  
2064  3  4  5  10  
2065  6  8  7  9  
2066  5  10  6  5  
2067  3  1  4  6  
2068  7  1  7  3  
2069  10  8  6  8  
2070  9  1  4  4  
2071  10  9  5  1  
2072  8  4  9  10  
2073  6  2  9  7  
2074  2  10  2  1  
2075  5  10  1  1  
2076  3  4  7  10  
2077  2  9  9  6  
2078  10  7  3  7  
2079  3  6  1  9  
2080  8  8  8  4  
2081  10  9  6  9  
2082  10  1  6  4  
2083  3  7  5  10  
2084  8  2  9  8  
2085  7  5  4  1  
2086  2  2  5  5  
2087  1  6  8  7  
2088  3  10  4  6  
2089  8  6  9  7  
2090  3  6  5  9  
2091  3  9  3  10  
2092  5  2  1  1  
2093  6  8  5  10  
2094  3  5  7  9  
2095  2  3  7  2  
2096  4  7  4  3  
2097  5  3  10  5  
2098  3  10  5  6  
2099  2  3  7  2  
2100  4  10  2  6  
2101  6  1  1  4  
2102  2  9  3  8  
2103  4  5  7  1  
2104  6  7  2  5  
2105  8  7  7  9  
2106  6  8  5  10  
2107  10  10  5  6  
2108  8  3  10  8  
2109  8  8  9  9  
2110  8  6  9  7  
2111  6  6  4  9  
2112  10  7  9  6  
2113  3  3  8  2  
2114  4  7  4  3  
2115  7  2  1  1  
2116  3  10  5  6  
2117  1  9  10  9  
2118  8  3  10  7  
2119  6  5  1  4  
2120  2  6  3  8  
2121  1  6  6  2  
2122  7  9  5  8  
2123  6  6  7  9  
2124  10  7  2  7  
2125  8  2  8  2  
2126  9  3  4  6  
2127  4  5  2  1  
2128  1  6  8  7  
2129  5  9  7  9  
2130  9  4  6  9  
2131  5  1  3  2  
2132  10  6  1  9  
2133  5  9  7  9  
2134  3  1  4  6  
2135  9  1  5  9  
2136  6  10  1  6  
2137  8  8  9  9  
2138  6  2  9  7  
2139  5  10  6  5  
2140  9  3  2  5  
2141  10  4  8  1  
2142  8  1  5  7  
2143  10  5  10  2  
2144  8  5  5  5  
2145  8  9  8  8  
2146  7  4  2  4  
2147  9  4  2  1  
2148  2  2  3  5  
2149  6  1  1  4  
2150  2  10  10  1  
2151  2  8  4  1  
2152  8  9  5  4  
2153  8  7  4  3  
2154  10  3  1  8  
2155  1  6  8  3  
2156  2  7  9  6  
2157  10  6  1  6  
2158  5  10  6  5  
2159  2  9  7  3  
2160  7  6  2  8  
2161  1  7  3  3  
2162  7  8  10  10  
2163  4  2  1  5  
2164  6  10  7  3  
2165  8  10  2  6  
2166  4  5  6  7  
2167  8  8  3  7  
2168  1  1  2  6  
2169  5  2  3  1  
2170  10  1  6  2  
2171  4  9  5  9  
2172  2  10  10  5  
2173  5  1  3  2  
2174  6  10  1  6  
2175  10  9  5  1  
2176  1  7  5  5  
2177  8  7  2  7  
2178  9  1  5  9  
2179  6  4  2  4  
2180  7  2  1  2  
2181  3  1  4  6  
2182  5  10  1  1  
2183  9  4  10  3  
2184  3  3  4  6  
2185  10  9  5  1  
2186  8  8  10  4  
2187  9  4  2  1  
2188  3  9  3  10  
2189  3  9  3  10  
2190  1  8  10  4  
2191  8  8  10  4  
2192  9  6  10  9  
2193  6  10  7  3  
2194  3  1  3  3  
2195  10  9  6  9  
2196  2  2  9  8  
2197  6  6  5  9  
2198  4  2  1  5  
2199  5  1  3  2  
2200  3  8  3  8  
2201  1  6  5  9  
2202  4  5  6  7  
2203  8  10  4  5  
2204  2  8  4  7  
2205  7  4  8  4  
2206  9  6  8  2  
2207  4  9  2  7  
2208  2  7  5  8  
2209  3  8  3  9  
2210  1  6  8  2  
2211  1  7  2  5  
2212  9  6  10  3  
2213  10  6  1  6  
2214  1  7  5  5  
2215  7  10  3  7  
2216  4  6  4  2  
2217  9  3  2  10  
2218  6  9  5  4  
2219  10  5  8  2  
2220  2  10  6  5  
2221  1  1  8  5  
2222  10  8  6  8  
2223  7  10  3  1  
2224  3  10  5  6  
2225  2  1  4  2  
2226  10  10  4  5  
2227  2  3  9  3  
2228  9  6  8  2  
2229  5  2  9  1  
2230  10  7  9  6  
2231  10  8  6  8  
2232  2  3  7  2  
2233  6  4  2  4  
2234  9  2  2  1  
2235  8  3  8  1  
2236  5  2  8  2  
2237  3  3  4  8  
2238  10  5  8  2  
2239  3  8  3  9  
2240  4  8  9  3  
2241  7  10  3  7  
2242  8  3  10  7  
2243  8  10  2  6  
2244  9  6  10  10  
2245  5  4  2  4  
2246  2  3  7  3  
2247  3  9  8  5  
2248  4  5  1  3  
2249  4  5  9  4  
2250  1  9  10  9  
2251  8  10  4  5  
2252  5  2  8  5  
2253  10  5  8  2  
2254  10  7  3  1  
2255  2  3  1  7  
2256  3  3  8  2  
2257  4  9  2  4  
2258  5  10  1  2  
2259  6  6  4  9  
2260  6  6  5  9  
2261  1  6  8  7  
2262  6  10  5  4  
2263  5  2  1  1  
2264  8  8  10  4  
2265  4  5  4  3  
2266  4  5  6  7  
2267  4  8  9  3  
2268  1  6  6  2  
2269  5  7  9  4  
2270  5  10  1  1  
2271  8  2  9  8  
2272  4  3  1  2  
2273  3  1  9  7  
2274  6  8  5  10  
2275  3  9  6  5  
2276  1  3  8  1  
2277  8  4  9  10  
2278  8  10  4  5  
2279  4  2  1  2  
2280  7  4  10  2  
2281  6  10  7  3  
2282  10  1  6  4  
2283  6  4  6  7  
2284  3  8  3  9  
2285  4  6  8  3  
2286  2  6  2  8  
2287  1  5  2  2  
2288  9  4  10  10  
2289  10  5  8  2  
2290  2  4  8  6  
2291  6  1  1  4  
2292  4  2  1  2  
2293  4  5  6  7  
2294  3  5  7  9  
2295  6  6  5  9  
2296  8  6  5  7  
2297  3  8  7  9  
2298  8  3  6  6  
2299  10  9  5  1  
2300  2  7  10  9  
2301  9  3  2  10  
2302  3  4  7  7  
2303  5  2  1  1  
2304  9  4  10  10  
2305  2  9  3  10  
2306  8  7  4  3  
2307  3  4  7  9  
2308  1  1  2  6  
2309  3  7  5  10  
2310  2  2  10  8  
2311  8  9  8  4  
2312  1  5  1  1  
2313  8  9  8  8  
2314  4  10  6  3  
2315  3  1  4  6  
2316  7  4  2  4  
2317  9  4  4  1  
2318  6  2  9  7  
2319  6  1  1  4  
2320  3  8  7  9  
2321  3  5  7  9  
2322  5  10  1  1  
2323  1  8  10  4  
2324  3  9  6  5  
2325  10  8  6  8  
2326  9  1  5  9  
2327  10  1  6  2  
2328  6  5  6  4  
2329  3  8  6  8  
2330  6  4  5  4  
2331  5  4  4  4  
2332  5  9  2  1  
2333  4  5  10  10  
2334  1  3  4  10  
2335  9  7  4  5  
2336  4  2  9  1  
2337  1  8  7  8  
2338  2  3  1  7  
2339  6  4  2  4  
2340  8  8  9  9  
2341  1  8  10  4  
2342  6  9  5  4  
2343  7  1  7  1  
2344  2  3  7  3  
2345  5  6  3  2  
2346  8  10  1  6  
2347  8  5  5  5  
2348  8  8  9  9  
2349  10  1  6  2  
2350  2  3  1  2  
2351  6  8  7  9  
2352  6  3  7  3  
2353  5  2  8  5  
2354  6  10  8  4  
2355  2  2  4  7  
2356  7  10  3  7  
2357  4  2  1  2  
2358  6  4  6  7  
2359  9  4  10  1  
2360  3  6  5  9  
2361  4  5  7  1  
2362  8  8  3  7  
2363  8  10  4  5  
2364  5  3  6  5  
2365  1  3  8  1  
2366  5  3  10  8  
2367  2  1  4  2  
2368  5  10  3  7  
2369  5  10  1  1  
2370  4  9  2  4  
2371  1  10  10  4  
2372  2  3  7  2  
2373  10  7  9  6  
2374  9  9  10  10  
2375  5  2  8  2  
2376  2  3  9  3  
2377  8  2  6  8  
2378  1  3  4  10  
2379  4  2  8  2  
2380  4  1  10  10  
2381  3  3  6  5  
2382  4  5  9  4  
2383  7  7  7  4  
2384  10  7  9  6  
2385  5  3  3  8  
2386  3  5  3  9  
2387  5  4  8  3  
2388  8  5  5  5  
2389  7  6  2  8  
2390  3  8  1  9  
2391  7  4  7  6  
2392  1  9  10  9  
2393  7  2  10  5  
2394  6  8  7  9  
2395  3  9  6  5  
2396  10  6  1  6  
2397  6  4  6  7  
2398  8  3  10  7  
2399  1  7  5  5  
2400  4  4  10  1  
2401  9  1  8  8  
2402  1  6  10  5  
2403  4  9  2  4  
2404  7  10  6  5  
2405  10  4  4  1  
2406  5  2  1  1  
2407  8  6  9  7  
2408  8  5  5  5  
2409  3  3  4  6  
2410  5  4  4  4  
2411  3  3  2  2  
2412  4  2  8  2  
2413  7  2  10  8  
2414  8  9  8  8  
2415  7  10  10  1  
2416  3  7  5  10  
2417  2  4  6  10  
2418  2  1  4  2  
2419  6  5  6  9  
2420  9  3  6  6  
2421  9  4  6  9  
2422  5  2  1  1  
2423  7  1  7  1  
2424  2  2  7  8  
2425  1  5  4  1  
2426  10  8  6  7  
2427  5  2  1  1  
2428  4  8  9  10  
2429  2  3  7  2  
2430  7  2  1  1  
2431  5  6  3  2  
2432  10  1  1  2  
2433  10  9  6  9  
2434  8  1  5  7  
2435  4  5  7  1  
2436  9  4  6  9  
2437  1  9  2  7  
2438  5  2  2  9  
2439  5  2  8  2  
2440  2  2  7  2  
2441  8  6  9  7  
2442  3  6  5  9  
2443  5  9  5  1  
2444  8  4  9  10  
2445  7  2  1  2  
2446  10  3  2  10  
2447  4  5  6  7  
2448  10  8  6  8  
2449  5  10  1  1  
2450  7  4  2  4  
2451  7  1  7  1  
2452  4  2  1  5  
2453  7  10  3  5  
2454  9  3  6  10  
2455  6  10  1  6  
2456  9  3  2  10  
2457  10  10  6  5  
2458  1  6  6  2  
2459  5  7  7  9  
2460  3  5  3  9  
2461  10  1  6  5  
2462  6  6  4  9  
2463  10  7  2  4  
2464  1  5  2  2  
2465  5  8  3  1  
2466  4  5  1  3  
2467  5  6  9  5  
2468  2  9  7  9  
2469  3  8  4  6  
2470  3  1  4  6  
2471  1  8  10  10  
2472  6  2  9  7  
2473  6  8  5  10  
2474  1  5  1  1  
2475  2  6  3  8  
2476  6  10  2  7  
2477  1  5  2  2  
2478  1  3  4  10  
2479  1  3  8  1  
2480  4  3  10  10  
2481  1  1  4  2  
2482  9  4  6  9  
2483  10  9  5  1  
2484  3  7  5  10  
2485  1  6  8  3  
2486  10  10  4  5  
2487  8  10  1  6  
2488  2  7  10  9  
2489  8  3  9  10  
2490  3  8  3  9  
2491  6  1  1  4  
2492  3  6  5  9  
2493  10  5  6  4  
2494  10  1  6  4  
2495  2  7  10  9  
2496  10  5  6  4  
2497  7  6  10  5  
2498  4  3  4  6  
2499  8  6  9  7  
2500  2  7  5  8  
2501  10  9  5  1  
2502  3  1  3  3  
2503  9  5  5  8  
2504  6  8  9  5  
2505  3  1  3  3  
2506  5  2  3  2  
2507  6  4  2  4  
2508  3  1  4  6  
2509  3  3  8  2  
2510  6  6  4  9  
2511  1  9  10  9  
2512  4  2  9  1  
2513  10  6  1  6  
2514  1  7  10  5  
2515  5  7  7  6  
2516  6  6  5  9  
2517  5  10  1  1  
2518  9  3  2  10  
2519  8  2  9  5  
2520  4  7  4  3  
2521  4  5  7  5  
2522  2  8  8  2  
2523  5  2  1  1  
2524  9  9  7  8  
2525  4  8  4  6  
2526  1  3  8  1  
2527  7  9  5  4  
2528  8  9  8  8  
2529  9  3  9  3  
2530  1  1  8  5  
2531  4  9  2  4  
2532  6  9  5  4  
2533  6  9  2  4  
2534  6  4  2  4  
2535  2  1  4  2  
2536  2  7  5  8  
2537  8  8  3  8  
2538  7  8  10  10  
2539  5  4  4  4  
2540  5  1  1  2  
2541  2  3  9  3  
2542  10  9  9  6  
2543  2  6  3  8  
2544  4  5  6  1  
2545  6  6  4  9  
2546  3  3  4  6  
2547  1  7  5  5  
2548  3  9  6  5  
2549  2  8  4  7  
2550  6  8  9  7  
2551  10  9  5  1  
2552  2  2  3  5  
2553  6  4  4  9  
2554  9  10  10  3  
2555  3  3  4  6  
2556  7  9  5  1  
2557  1  3  4  9  
2558  4  7  4  5  
2559  1  9  10  9  
2560  5  7  2  1  
2561  9  4  1  10  
2562  5  8  3  1  
2563  10  7  2  4  
2564  3  6  5  7  
2565  9  9  5  8  
2566  9  1  4  4  
2567  1  1  2  6  
2568  5  8  1  1  
2569  6  1  1  4  
2570  3  8  7  10  
2571  10  5  6  4  
2572  6  4  2  4  
2573  3  5  7  9  
2574  3  8  3  9  
2575  10  5  6  4  
2576  8  8  7  9  
2577  2  10  2  7  
2578  10  7  3  10  
2579  7  4  10  2  
2580  5  8  3  1  
2581  2  2  1  1  
2582  5  7  10  9  
2583  1  4  8  2  
2584  4  9  6  3  
2585  1  9  1  9  
2586  2  2  7  2  
2587  10  9  6  9  
2588  9  4  4  1  
2589  1  9  10  9  
2590  3  10  5  1  
2591  7  2  10  8  
2592  6  6  5  9  
2593  4  5  7  3  
2594  8  5  5  5  
2595  3  1  1  1  
2596  3  5  7  6  
2597  9  8  2  3  
2598  2  4  2  1  
2599  1  8  10  4  
2600  9  6  10  3  
2601  3  7  7  9  
2602  6  5  3  5  
2603  9  3  6  6  
2604  6  9  5  4  
2605  7  5  10  10  
2606  2  3  1  7  
2607  8  7  4  3  
2608  5  2  8  2  
2609  10  5  6  4  
2610  9  3  10  3  
2611  8  8  3  7  
2612  3  9  3  2  
2613  7  10  3  7  
2614  5  9  7  9  
2615  7  5  4  3  
2616  5  3  6  5  
2617  1  5  1  1  
2618  4  5  7  1  
2619  2  9  7  3  
2620  3  6  5  9  
2621  5  2  6  3  
2622  10  6  1  6  
2623  9  4  9  10  
2624  7  8  10  10  
2625  3  3  8  2  
2626  3  8  7  9  
2627  6  10  8  4  
2628  6  2  2  4  
2629  10  5  6  4  
2630  6  10  7  3  
2631  5  3  6  5  
2632  9  9  2  8  
2633  4  5  6  7  
2634  5  7  3  10  
2635  7  4  2  4  
2636  4  7  4  3  
2637  8  7  6  5  
2638  9  10  9  3  
2639  1  10  3  5  
2640  8  8  10  4  
2641  5  7  7  9  
2642  6  5  6  4  
2643  9  2  3  5  
2644  3  9  3  10  
2645  4  2  9  1  
2646  3  8  3  9  
2647  9  10  10  9  
2648  1  7  5  5  
2649  5  6  6  3  
2650  5  2  1  10  
2651  6  2  9  7  
2652  6  4  6  7  
2653  4  10  10  1  
2654  6  4  2  1  
2655  5  1  7  1  
2656  8  8  9  9  
2657  5  3  6  5  
2658  2  2  7  2  
2659  4  10  10  1  
2660  9  1  5  9  
2661  8  8  9  9  
2662  8  9  5  5  
2663  5  2  1  1  
2664  3  6  7  9  
2665  8  3  10  7  
2666  8  5  5  5  
2667  8  10  1  6  
2668  1  3  4  10  
2669  2  4  8  6  
2670  2  6  3  8  
2671  6  3  7  6  
2672  8  8  9  9  
2673  2  3  9  3  
2674  4  5  7  1  
2675  5  10  6  5  
2676  9  4  6  7  
2677  5  10  6  5  
2678  8  10  2  6  
2679  1  1  2  7  
2680  7  4  10  2  
2681  2  10  2  7  
2682  9  1  4  4  
2683  3  9  6  2  
2684  8  10  2  5  
2685  8  10  1  6  
2686  4  9  6  5  
2687  2  5  5  7  
2688  6  8  7  9  
2689  3  10  5  6  
2690  2  2  9  10  
2691  1  8  10  9  
2692  3  5  7  9  
2693  5  3  1  1  
2694  2  7  10  3  
2695  5  6  3  2  
2696  4  5  6  7  
2697  5  2  8  5  
2698  7  1  7  3  
2699  5  1  1  2  
2700  6  10  8  4  
2701  3  10  5  6  
2702  2  7  5  8  
2703  8  7  2  2  
2704  2  2  3  5  
2705  2  10  5  6  
2706  5  2  9  1  
2707  6  6  5  9  
2708  3  9  3  10  
2709  7  8  10  10  
2710  10  7  2  4  
2711  2  10  6  7  
2712  1  8  10  4  
2713  6  6  5  9  
2714  10  7  2  4  
2715  5  5  4  8  
2716  6  4  6  7  
2717  5  8  3  4  
2718  8  2  9  8  
2719  1  1  2  6  
2720  1  1  2  6  
2721  3  6  5  9  
2722  2  1  4  2  
2723  7  7  7  6  
2724  9  4  2  1  
2725  8  10  2  6  
2726  4  3  10  10  
2727  1  6  6  2  
2728  3  3  4  6  
2729  1  3  4  10  
2730  6  4  6  7  
2731  4  2  9  1  
2732  5  2  8  5  
2733  7  1  7  1  
2734  4  7  9  8  
2735  3  9  6  5  
2736  3  6  5  9  
2737  5  4  3  4  
2738  2  9  9  6  
2739  8  8  10  1  
2740  10  7  3  7  
2741  7  2  8  2  
2742  5  4  8  3  
2743  3  8  3  9  
2744  7  10  3  5  
2745  3  7  5  10  
2746  1  9  5  7  
2747  2  1  4  2  
2748  2  4  8  6  
2749  7  1  6  4  
2750  8  10  8  3  
2751  5  2  10  1  
2752  4  10  10  1  
2753  8  3  10  7  
2754  6  2  9  7  
2755  7  2  10  10  
2756  3  6  5  9  
2757  3  3  1  8  
2758  9  6  10  3  
2759  4  5  9  10  
2760  7  6  8  2  
2761  1  1  2  6  
2762  5  4  8  3  
2763  5  2  8  2  
2764  3  7  5  10  
2765  1  3  4  10  
2766  4  2  8  2  
2767  8  9  2  4  
2768  10  1  6  2  
2769  9  6  8  7  
2770  6  4  6  7  
2771  2  3  7  2  
2772  6  9  2  1  
2773  1  7  5  5  
2774  5  7  9  8  
2775  9  4  7  1  
2776  7  10  9  7  
2777  6  8  9  7  
2778  3  3  8  4  
2779  9  3  2  10  
2780  1  6  5  2  
2781  5  3  10  8  
2782  4  6  6  3  
2783  9  9  7  8  
2784  5  2  8  2  
2785  7  8  10  10  
2786  5  4  4  4  
2787  5  9  10  1  
2788  2  9  3  10  
2789  7  7  9  6  
2790  10  1  6  2  
2791  8  1  5  7  
2792  6  10  7  3  
2793  2  10  2  7  
2794  2  2  3  5  
2795  4  10  8  4  
2796  5  1  3  2  
2797  2  3  9  8  
2798  1  8  10  10  
2799  1  9  2  7  
2800  5  10  6  3  
2801  8  6  9  7  
2802  2  4  8  6  
2803  8  7  3  7  
2804  8  2  9  8  
2805  3  6  1  10  
2806  7  9  5  8  
2807  1  10  1  1  
2808  8  2  9  5  
2809  9  6  10  3  
2810  9  4  2  1  
2811  2  8  4  9  
2812  3  10  5  6  
2813  4  2  9  1  
2814  2  2  3  5  
2815  6  3  9  1  
2816  8  2  9  5  
2817  3  9  3  10  
2818  9  6  8  2  
2819  8  10  8  4  
2820  10  7  9  6  
2821  5  2  8  5  
2822  2  9  9  6  
2823  6  8  5  10  
2824  6  9  5  4  
2825  9  4  4  1  
2826  6  4  2  4  
2827  6  2  9  7  
2828  7  9  8  8  
2829  6  7  9  4  
2830  2  7  3  10  
2831  9  6  1  6  
2832  2  1  3  5  
2833  4  7  4  3  
2834  7  1  7  1  
2835  6  10  1  6  
2836  10  1  6  4  
2837  9  6  10  3  
2838  6  3  7  6  
2839  2  9  9  6  
2840  2  8  4  3  
2841  5  6  6  3  
2842  8  10  2  6  
2843  7  4  7  10  
2844  2  7  5  8  
2845  9  8  1  10  
2846  10  9  6  9  
2847  1  3  8  1  
2848  10  7  3  7  
2849  2  7  5  8  
2850  2  7  10  9  
2851  6  8  7  9  
2852  10  1  6  2  
2853  7  5  4  1  
2854  8  10  4  5  
2855  4  5  4  3  
2856  10  1  6  2  
2857  8  3  10  7  
2858  7  1  7  4  
2859  6  4  6  7  
2860  2  9  9  9  
2861  8  10  8  5  
2862  2  1  3  3  
2863  5  4  2  4  
2864  3  1  3  3  
2865  9  3  1  10  
2866  7  4  2  4  
2867  4  2  8  2  
2868  4  10  6  3  
2869  4  2  1  2  
2870  8  8  1  9  
2871  3  4  7  10  
2872  6  10  7  5  
2873  10  1  6  2  
2874  10  2  1  2  
2875  6  6  4  9  
2876  1  9  8  7  
2877  8  5  5  5  
2878  5  9  2  1  
2879  3  2  6  5  
2880  1  4  2  2  
2881  3  6  5  9  
2882  10  1  6  4  
2883  2  2  7  1  
2884  9  4  8  1  
2885  2  3  9  3  
2886  3  6  5  9  
2887  9  10  10  3  
2888  8  8  10  8  
2889  1  3  1  7  
2890  7  1  7  1  
2891  10  8  6  8  
2892  10  7  9  8  
2893  5  7  7  9  
2894  6  8  5  10  
2895  6  10  1  6  
2896  8  5  5  5  
2897  9  6  8  2  
2898  9  7  4  5  
2899  10  5  6  4  
2900  8  8  10  4  
2901  8  2  1  5  
2902  9  3  6  6  
2903  2  3  9  3  
2904  7  2  1  1  
2905  4  5  4  6  
2906  6  4  6  7  
2907  7  8  10  10  
2908  9  3  6  2  
2909  10  1  5  4  
2910  2  6  1  7  
2911  7  4  10  2  
2912  5  1  3  2  
2913  6  7  7  3  
2914  4  6  10  5  
2915  8  5  3  5  
2916  2  3  9  3  
2917  10  5  8  2  
2918  10  5  7  2  
2919  8  10  1  6  
2920  1  5  4  8  
2921  4  3  7  6  
2922  5  3  10  8  
2923  10  7  3  7  
2924  4  5  9  4  
2925  2  9  7  3  
2926  8  3  1  7  
2927  7  8  10  10  
2928  7  4  2  4  
2929  9  4  6  9  
2930  4  5  6  7  
2931  1  6  8  7  
2932  1  2  1  1  
2933  10  5  8  2  
2934  4  5  9  4  
2935  8  6  9  7  
2936  2  8  2  7  
2937  9  3  2  10  
2938  8  1  5  7  
2939  9  4  4  1  
2940  2  10  2  7  
2941  10  7  3  10  
2942  6  8  1  10  
2943  6  9  5  9  
2944  10  3  6  6  
2945  7  4  2  4  
2946  8  9  8  8  
2947  6  8  5  10  
2948  9  3  2  10  
2949  2  1  4  2  
2950  2  1  4  2  
2951  10  7  9  6  
2952  5  4  9  10  
2953  3  9  5  5  
2954  6  10  7  3  
2955  10  6  1  6  
2956  9  7  3  10  
2957  5  10  7  5  
2958  10  9  6  9  
2959  10  1  4  2  
2960  4  2  8  2  
2961  5  3  9  5  
2962  10  9  5  1  
2963  2  6  3  8  
2964  4  7  4  3  
2965  2  6  3  8  
2966  7  7  4  3  
2967  4  9  4  3  
2968  4  2  9  1  
2969  3  10  5  1  
2970  9  4  2  1  
2971  8  1  8  6  
2972  8  7  2  2  
2973  2  2  3  5  
2974  7  6  2  8  
2975  4  10  10  1  
2976  9  4  4  1  
2977  6  8  7  9  
2978  1  8  7  8  
2979  4  2  7  1  
2980  7  7  4  1  
2981  4  2  1  5  
2982  8  1  1  6  
2983  9  10  10  3  
2984  6  5  6  3  
2985  10  7  3  10  
2986  3  10  5  6  
2987  8  1  5  7  
2988  8  10  6  3  
2989  8  1  1  7  
2990  2  7  5  8  
2991  4  7  4  3  
2992  5  6  6  8  
2993  1  1  2  6  
2994  9  9  7  5  
2995  7  6  2  8  
2996  1  5  1  1  
2997  4  3  10  10  
2998  8  7  2  2  
2999  8  6  9  7  
3000  5  10  6  5  
3001  10  8  6  9  
3002  10  9  5  1  
3003  3  9  6  5  
3004  5  4  8  6  
3005  4  2  9  1  
3006  5  8  3  1  
3007  6  9  5  4  
3008  2  4  3  3  
3009  4  2  9  1  
3010  5  3  6  5  
3011  2  9  7  3  
3012  1  7  2  3  
3013  7  1  7  1  
3014  7  4  10  2  
3015  3  1  3  1  
3016  3  7  5  9  
3017  8  8  3  7  
3018  8  6  2  2  
3019  6  10  8  4  
3020  3  6  6  4  
3021  5  6  3  2  
3022  7  2  10  10  
3023  9  3  2  10  
3024  2  7  10  9  
3025  3  9  3  2  
3026  2  9  9  6  
3027  2  3  8  1  
3028  10  10  4  5  
3029  10  7  9  6  
3030  4  5  6  7  
3031  8  4  9  10  
3032  3  3  4  6  
3033  5  7  7  9  
3034  4  3  8  10  
3035  2  9  6  6  
3036  6  10  1  8  
3037  4  2  9  1  
3038  9  3  1  10  
3039  1  7  5  5  
3040  7  10  3  3  
3041  1  3  8  1  
3042  3  3  8  2  
3043  7  4  2  4  
3044  3  3  4  6  
3045  2  10  2  7  
3046  8  3  9  7  
3047  10  9  5  1  
3048  10  9  5  1  
3049  9  9  7  8  
3050  5  10  1  1  
3051  3  5  7  9  
3052  2  2  3  5  
3053  5  2  8  5  
3054  4  6  10  5  
3055  7  10  5  6  
3056  6  3  7  6  
3057  7  1  1  1  
3058  3  10  7  9  
3059  4  2  9  1  
3060  2  8  4  7  
3061  6  4  5  3  
3062  10  8  6  8  
3063  8  7  2  1  
3064  9  1  4  4  
3065  5  3  6  5  
3066  10  1  6  4  
3067  1  6  8  3  
3068  9  1  5  9  
3069  10  10  4  5  
3070  8  9  8  8  
3071  10  5  6  7  
3072  1  6  8  3  
3073  10  8  6  8  
3074  6  6  3  8  
3075  9  4  4  1  
3076  3  1  3  3  
3077  3  4  7  10  
3078  4  5  7  1  
3079  8  6  9  10  
3080  4  5  7  1  
3081  3  5  7  3  
3082  6  5  6  4  
3083  1  8  10  3  
3084  6  10  8  4  
3085  6  10  7  3  
3086  6  5  7  9  
3087  2  1  8  8  
3088  2  3  7  2  
3089  6  3  7  6  
3090  4  5  7  1  
3091  8  10  1  2  
3092  8  8  10  4  
3093  7  2  10  10  
3094  4  7  4  9  
3095  6  6  4  9  
3096  8  9  6  7  
3097  10  6  1  6  
3098  8  10  2  6  
3099  5  7  4  3  
3100  10  5  8  2  
3101  6  9  5  4  
3102  2  6  3  8  
3103  8  4  9  10  
3104  7  2  8  2  
3105  1  1  2  6  
3106  5  10  1  1  
3107  5  8  3  1  
3108  8  7  2  2  
3109  2  9  7  3  
3110  3  4  7  5  
3111  4  10  10  1  
3112  9  4  10  10  
3113  2  1  10  2  
3114  4  5  7  1  
3115  7  7  5  7  
3116  7  2  1  2  
3117  3  3  4  6  
3118  8  6  9  7  
3119  7  8  10  10  
3120  9  7  4  5  
3121  5  8  3  1  
3122  5  6  6  3  
3123  1  5  1  1  
3124  2  3  2  2  
3125  5  1  3  2  
3126  4  5  6  7  
3127  7  2  1  1  
3128  9  10  10  3  
3129  2  3  1  7  
3130  6  9  5  4  
3131  6  8  9  7  
3132  9  10  10  9  
3133  2  5  8  3  
3134  1  1  2  6  
3135  1  9  2  7  
3136  6  4  2  4  
3137  10  7  2  4  
3138  9  1  4  4  
3139  6  8  9  3  
3140  1  6  8  7  
3141  6  3  10  8  
3142  10  5  8  2  
3143  4  3  10  10  
3144  1  8  10  4  
3145  8  9  8  8  
3146  7  1  7  1  
3147  1  8  10  4  
3148  5  9  2  2  
3149  10  5  8  2  
3150  4  2  8  2  
3151  1  8  10  4  
3152  2  6  2  8  
3153  9  4  10  10  
3154  6  9  5  4  
3155  10  9  5  1  
3156  5  8  3  1  
3157  2  3  1  7  
3158  2  3  3  10  
3159  8  9  8  8  
3160  8  8  3  7  
3161  7  2  10  10  
3162  9  6  10  3  
3163  3  8  3  9  
3164  10  3  6  9  
3165  6  4  6  7  
3166  6  6  4  9  
3167  10  10  4  5  
3168  5  6  3  2  
3169  1  9  10  9  
3170  9  4  10  10  
3171  2  8  4  7  
3172  2  9  9  6  
3173  4  5  7  1  
3174  7  2  10  8  
3175  8  7  4  3  
3176  10  5  8  2  
3177  6  3  7  10  
3178  9  6  5  9  
3179  7  2  1  1  
3180  5  10  1  1  
3181  1  1  2  6  
3182  5  7  1  9  
3183  2  9  7  8  
3184  8  7  9  2  
3185  6  3  7  6  
3186  8  2  9  5  
3187  8  10  4  5  
3188  7  2  10  10  
3189  6  9  5  4  
3190  8  10  4  5  
3191  3  9  3  10  
3192  4  7  5  5  
3193  8  5  5  5  
3194  6  8  9  6  
3195  2  7  5  8  
3196  6  6  4  9  
3197  3  10  7  3  
3198  6  8  5  10  
3199  2  4  3  10  
3200  8  6  9  7  
3201  1  6  8  3  
3202  7  9  2  1  
3203  2  10  2  7  
3204  4  10  6  6  
3205  9  3  10  3  
3206  5  2  1  1  
3207  6  8  5  7  
3208  1  5  1  1  
3209  7  10  7  3  
3210  9  10  10  3  
3211  10  7  9  8  
3212  5  10  8  1  
3213  8  8  9  9  
3214  9  4  2  1  
3215  1  6  8  7  
3216  3  4  10  8  
3217  6  4  6  7  
3218  8  7  4  3  
3219  3  3  8  2  
3220  10  5  4  1  
3221  4  10  1  1  
3222  6  10  1  6  
3223  5  10  1  10  
3224  8  5  6  5  
3225  2  10  2  7  
3226  6  8  4  10  
3227  10  8  7  2  
3228  7  8  10  10  
3229  2  7  1  2  
3230  10  6  1  6  
3231  7  2  10  8  
3232  3  5  5  10  
3233  9  3  1  10  
3234  2  8  3  8  
3235  7  2  5  4  
3236  10  1  6  10  
3237  6  4  2  4  
3238  6  6  5  9  
3239  4  2  2  7  
3240  3  5  7  9  
3241  4  5  6  7  
3242  4  10  9  1  
3243  4  9  2  4  
3244  9  4  2  1  
3245  3  3  8  2  
3246  1  1  8  5  
3247  5  9  2  1  
3248  1  6  8  3  
3249  9  3  1  10  
3250  8  5  5  5  
3251  6  8  7  9  
3252  9  3  1  10  
3253  5  2  8  3  
3254  9  4  2  1  
3255  1  7  2  3  
3256  2  2  7  2  
3257  4  3  10  10  
3258  6  8  5  10  
3259  4  9  2  4  
3260  9  6  10  3  
3261  4  10  10  1  
3262  8  10  4  5  
3263  5  3  6  9  
3264  4  10  10  1  
3265  5  6  6  3  
3266  10  5  6  2  
3267  1  7  2  3  
3268  2  3  7  2  
3269  9  4  6  9  
3270  10  10  4  5  
3271  3  7  5  10  
3272  3  5  8  9  
3273  3  8  7  9  
3274  6  9  5  4  
3275  5  9  2  2  
3276  6  8  6  10  
3277  2  6  3  8  
3278  4  5  2  4  
3279  10  8  6  4  
3280  10  1  6  2  
3281  3  3  1  8  
3282  3  1  9  6  
3283  6  1  8  5  
3284  3  5  7  9  
3285  2  8  4  4  
3286  5  3  6  5  
3287  5  3  10  8  
3288  10  7  3  8  
3289  4  5  7  1  
3290  6  2  9  7  
3291  2  1  4  2  
3292  9  6  10  3  
3293  9  9  7  8  
3294  6  4  2  4  
3295  6  10  8  4  
3296  9  1  8  8  
3297  5  3  9  3  
3298  10  8  1  6  
3299  9  9  7  8  
3300  2  1  4  2  
3301  3  4  7  10  
3302  5  9  2  1  
3303  9  9  7  9  
3304  6  2  9  7  
3305  8  3  10  7  
3306  1  8  9  7  
3307  6  10  8  4  
3308  3  5  7  9  
3309  5  5  2  2  
3310  9  3  1  10  
3311  5  8  3  1  
3312  8  8  9  9  
3313  10  1  6  4  
3314  4  5  4  3  
3315  2  2  3  5  
3316  4  8  9  3  
3317  2  7  10  9  
3318  6  10  7  3  
3319  9  3  1  10  
3320  6  8  5  10  
3321  5  4  10  2  
3322  4  10  7  3  
3323  8  1  5  7  
3324  4  5  6  6  
3325  7  10  3  5  
3326  3  3  7  8  
3327  2  3  1  7  
3328  7  6  4  5  
3329  9  3  6  6  
3330  2  5  5  5  
3331  7  9  5  8  
3332  4  2  1  5  
3333  3  9  6  5  
3334  9  3  5  5  
3335  9  3  2  10  
3336  1  1  2  6  
3337  9  9  7  8  
3338  4  7  9  8  
3339  5  8  3  1  
3340  6  7  5  9  
3341  1  8  10  4  
3342  10  8  6  8  
3343  2  7  5  8  
3344  6  9  5  4  
3345  10  5  6  4  
3346  6  9  5  4  
3347  6  4  2  4  
3348  4  5  4  3  
3349  2  9  3  10  
3350  9  2  9  7  
3351  10  4  3  7  
3352  9  2  10  8  
3353  10  6  1  6  
3354  8  2  9  5  
3355  2  8  4  7  
3356  10  2  9  7  
3357  9  9  7  8  
3358  1  7  5  8  
3359  2  4  2  4  
3360  7  8  10  8  
3361  4  2  1  2  
3362  2  2  9  7  
3363  9  6  10  3  
3364  9  3  1  10  
3365  8  5  7  9  
3366  7  4  2  4  
3367  1  5  2  2  
3368  3  9  6  5  
3369  9  10  2  8  
3370  3  1  9  3  
3371  8  5  5  5  
3372  4  7  4  3  
3373  5  4  7  3  
3374  6  10  8  4  
3375  3  10  5  6  
3376  10  7  3  10  
3377  4  6  10  5  
3378  2  10  2  7  
3379  2  2  3  5  
3380  10  7  9  8  
3381  1  7  5  5  
3382  9  1  8  8  
3383  2  4  3  10  
3384  8  8  3  7  
3385  7  2  10  8  
3386  1  9  2  7  
3387  7  5  2  8  
3388  5  4  4  4  
3389  1  7  10  9  
3390  3  9  3  5  
3391  9  4  10  10  
3392  7  7  7  6  
3393  5  8  8  3  
3394  5  7  7  5  
3395  2  9  7  3  
3396  6  1  1  6  
3397  6  4  1  4  
3398  4  5  9  10  
3399  6  1  1  9  
3400  3  6  5  9  
3401  3  3  4  6  
3402  10  10  1  5  
3403  9  4  4  1  
3404  7  10  3  5  
3405  1  5  1  1  
3406  1  1  7  6  
3407  4  3  10  5  
3408  3  7  5  10  
3409  3  3  8  2  
3410  3  6  5  9  
3411  2  9  7  8  
3412  6  8  5  10  
3413  5  4  4  4  
3414  9  4  2  1  
3415  6  3  7  6  
3416  5  2  1  1  
3417  8  8  9  4  
3418  3  5  7  9  
3419  4  10  10  8  
3420  6  7  7  6  
3421  2  6  3  8  
3422  7  1  7  1  
3423  3  4  7  10  
3424  8  7  2  2  
3425  5  8  3  1  
3426  10  9  5  1  
3427  1  8  1  9  
3428  5  2  8  2  
3429  1  7  2  2  
3430  8  7  3  7  
3431  5  3  10  8  
3432  3  8  3  7  
3433  3  3  8  2  
3434  8  9  2  4  
3435  3  3  8  2  
3436  9  1  5  9  
3437  5  1  3  2  
3438  9  4  2  1  
3439  1  3  8  7  
3440  8  8  10  4  
3441  1  6  6  2  
3442  1  1  8  5  
3443  9  6  1  1  
3444  7  6  2  8  
3445  3  9  6  2  
3446  4  5  1  3  
3447  7  8  10  10  
3448  4  5  8  3  
3449  9  4  10  10  
3450  3  5  3  9  
3451  3  8  10  9  
3452  7  10  3  5  
3453  9  4  10  10  
3454  5  9  2  1  
3455  8  8  6  10  
3456  8  10  2  6  
3457  3  8  7  9  
3458  8  2  9  5  
3459  3  8  9  8  
3460  3  8  3  9  
3461  9  10  10  3  
3462  4  5  9  4  
3463  2  10  2  7  
3464  6  10  7  6  
3465  10  5  6  4  
3466  6  9  5  10  
3467  5  10  8  5  
3468  4  10  6  3  
3469  8  2  9  8  
3470  7  9  5  8  
3471  5  7  7  9  
3472  8  10  4  5  
3473  5  4  8  3  
3474  7  10  3  7  
3475  6  5  8  7  
3476  6  4  2  4  
3477  8  5  5  5  
3478  6  10  7  3  
3479  3  6  5  9  
3480  1  6  8  9  
3481  1  7  2  3  
3482  3  6  4  9  
3483  3  10  5  6  
3484  8  9  5  8  
3485  5  2  3  2  
3486  10  7  9  6  
3487  7  1  7  1  
3488  6  9  10  9  
3489  10  7  9  8  
3490  6  8  2  4  
3491  4  2  1  5  
3492  8  8  1  6  
3493  6  2  9  7  
3494  8  1  5  7  
3495  5  10  3  5  
3496  4  2  9  1  
3497  3  10  5  6  
3498  6  10  8  4  
3499  2  10  9  7  
3500  7  9  5  8  
3501  8  7  4  3  
3502  7  6  4  8  
3503  10  6  1  6  
3504  6  9  5  4  
3505  10  7  2  4  
3506  3  1  3  3  
3507  7  8  10  10  
3508  7  1  7  1  
3509  8  8  3  7  
3510  10  1  6  4  
3511  2  1  4  2  
3512  7  1  1  1  
3513  10  5  7  4  
3514  5  10  8  5  
3515  3  4  7  10  
3516  7  1  7  1  
3517  1  1  2  6  
3518  10  9  5  1  
3519  6  4  6  7  
3520  9  6  10  3  
3521  4  9  9  3  
3522  4  5  9  3  
3523  4  2  8  2  
3524  3  5  7  9  
3525  2  9  3  3  
3526  3  8  3  9  
3527  3  1  3  3  
3528  1  1  2  6  
3529  3  9  6  5  
3530  4  10  6  3  
3531  8  9  8  8  
3532  1  5  2  2  
3533  4  2  8  2  
3534  4  3  10  10  
3535  6  8  5  10  
3536  6  4  2  4  
3537  3  7  3  10  
3538  4  3  9  10  
3539  4  10  10  1  
3540  5  3  10  8  
3541  6  6  4  9  
3542  3  10  5  6  
3543  8  3  4  6  
3544  2  9  7  3  
3545  2  4  5  8  
3546  10  1  6  8  
3547  1  1  4  6  
3548  1  3  4  10  
3549  4  10  10  1  
3550  6  3  7  6  
3551  4  2  1  5  
3552  1  8  10  4  
3553  2  6  10  9  
3554  9  1  4  9  
3555  2  6  3  8  
3556  5  8  3  1  
3557  2  9  3  10  
3558  2  3  1  7  
3559  2  9  7  3  
3560  1  6  6  2  
3561  6  1  1  4  
3562  10  5  6  4  
3563  6  3  1  7  
3564  6  4  6  7  
3565  2  3  5  7  
3566  5  10  1  1  
3567  6  10  8  4  
3568  9  1  4  2  
3569  3  10  4  3  
3570  9  7  4  8  
3571  6  6  5  8  
3572  6  3  5  4  
3573  8  7  4  3  
3574  9  9  7  8  
3575  3  10  8  2  
3576  5  2  1  1  
3577  4  5  4  3  
3578  7  2  1  3  
3579  9  6  8  2  
3580  10  7  9  4  
3581  7  6  2  8  
3582  3  8  7  4  
3583  5  10  1  1  
3584  1  1  8  5  
3585  1  8  10  10  
3586  5  4  10  10  
3587  5  1  3  2  
3588  6  9  9  7  
3589  1  8  7  8  
3590  7  10  3  5  
3591  7  2  9  1  
3592  4  2  1  7  
3593  3  3  4  6  
3594  1  6  8  7  
3595  2  8  4  7  
3596  2  7  5  8  
3597  3  7  6  5  
3598  3  4  7  10  
3599  1  8  10  4  
3600  9  4  7  10  
3601  1  9  10  9  
3602  4  2  9  8  
3603  8  10  2  6  
3604  2  7  5  8  
3605  8  8  3  7  
3606  1  7  2  3  
3607  10  7  6  6  
3608  3  9  10  8  
3609  10  9  2  1  
3610  1  1  8  1  
3611  8  8  3  7  
3612  7  3  1  1  
3613  8  7  2  2  
3614  4  10  2  1  
3615  7  1  1  1  
3616  7  9  5  8  
3617  9  6  10  3  
3618  4  5  1  3  
3619  9  4  2  1  
3620  10  1  6  2  
3621  6  4  4  9  
3622  3  5  7  9  
3623  3  3  4  6  
3624  5  2  1  1  
3625  10  7  2  4  
3626  5  8  5  10  
3627  6  4  3  10  
3628  8  6  9  7  
3629  3  5  7  9  
3630  10  5  5  7  
3631  5  8  3  1  
3632  7  4  10  2  
3633  6  10  10  1  
3634  1  8  10  4  
3635  8  5  5  5  
3636  1  5  2  10  
3637  5  4  8  3  
3638  10  10  4  5  
3639  5  4  4  4  
3640  3  7  5  10  
3641  9  7  4  5  
3642  1  5  4  1  
3643  8  8  10  4  
3644  9  3  6  6  
3645  2  6  2  7  
3646  1  3  8  1  
3647  4  8  9  3  
3648  8  10  5  7  
3649  4  10  10  1  
3650  6  8  5  10  
3651  6  3  9  1  
3652  6  10  1  6  
3653  6  2  5  10  
3654  2  3  8  2  
3655  1  5  2  8  
3656  8  7  2  2  
3657  10  5  6  4  
3658  8  7  4  3  
3659  5  6  6  3  
3660  8  8  10  4  
3661  9  10  10  3  
3662  1  6  5  7  
3663  4  7  4  3  
3664  8  10  2  6  
3665  6  10  8  4  
3666  10  7  9  6  
3667  5  3  2  4  
3668  3  9  3  10  
3669  10  9  6  6  
3670  1  9  2  7  
3671  2  5  1  1  
3672  1  7  5  5  
3673  3  6  5  9  
3674  10  9  5  1  
3675  8  6  9  7  
3676  4  2  8  1  
3677  9  3  1  10  
3678  7  7  7  6  
3679  5  7  8  9  
3680  5  2  1  6  
3681  5  10  6  1  
3682  5  3  10  8  
3683  3  3  4  6  
3684  9  6  10  3  
3685  4  2  8  2  
3686  4  2  1  5  
3687  7  4  10  2  
3688  2  8  4  7  
3689  9  10  10  3  
3690  2  2  7  7  
3691  10  7  3  10  
3692  2  4  8  6  
3693  4  2  1  5  
3694  1  6  8  7  
3695  1  9  8  5  
3696  9  2  3  5  
3697  4  5  6  7  
3698  9  7  4  5  
3699  8  3  10  7  
3700  1  9  8  8  
3701  3  5  7  9  
3702  7  10  3  5  
3703  3  1  3  3  
3704  3  7  5  10  
3705  4  9  2  4  
3706  5  3  10  8  
3707  3  3  4  6  
3708  2  5  9  3  
3709  2  10  2  6  
3710  3  5  4  9  
3711  6  6  1  8  
3712  4  5  4  3  
3713  6  2  9  7  
3714  9  9  7  8  
3715  4  5  6  7  
3716  9  6  7  2  
3717  5  6  6  3  
3718  10  6  10  3  
3719  2  10  7  3  
3720  10  1  6  2  
3721  1  2  10  4  
3722  4  4  10  10  
3723  8  8  10  4  
3724  1  6  8  3  
3725  5  2  8  4  
3726  9  6  10  10  
3727  5  4  4  4  
3728  5  4  8  3  
3729  6  5  6  4  
3730  3  10  5  4  
3731  7  1  1  1  
3732  7  8  10  10  
3733  4  7  6  3  
3734  9  6  8  2  
3735  8  10  4  5  
3736  4  9  5  8  
3737  1  7  5  5  
3738  10  5  8  2  
3739  5  2  8  5  
3740  10  7  3  7  
3741  3  3  1  8  
3742  5  4  4  4  
3743  10  7  8  10  
3744  9  7  7  6  
3745  4  10  6  3  
3746  2  3  7  9  
3747  6  6  4  9  
3748  7  5  4  8  
3749  2  3  7  2  
3750  10  7  3  10  
3751  7  4  2  4  
3752  3  9  3  10  
3753  5  10  1  1  
3754  1  9  10  4  
3755  6  9  5  4  
3756  6  2  9  7  
3757  3  1  3  3  
3758  3  3  4  6  
3759  2  7  5  8  
3760  9  2  1  2  
3761  3  9  6  5  
3762  8  6  2  7  
3763  2  2  10  9  
3764  2  2  3  5  
3765  10  9  5  7  
3766  10  5  6  4  
3767  2  4  3  10  
3768  5  9  2  1  
3769  6  2  9  7  
3770  8  8  3  7  
3771  8  7  4  3  
3772  4  2  9  1  
3773  6  9  3  10  
3774  2  4  3  10  
3775  8  1  5  7  
3776  10  1  6  4  
3777  3  8  4  6  
3778  6  10  8  4  
3779  3  10  5  6  
3780  6  4  2  4  
3781  1  3  4  9  
3782  5  8  3  1  
3783  3  8  3  9  
3784  3  7  5  7  
3785  6  8  10  7  
3786  8  7  3  3  
3787  8  10  1  6  
3788  4  8  6  8  
3789  4  5  7  1  
3790  5  2  1  1  
3791  4  8  9  3  
3792  6  2  9  7  
3793  9  4  4  1  
3794  5  3  10  8  
3795  1  7  2  3  
3796  4  3  10  10  
3797  2  3  1  7  
3798  10  5  6  4  
3799  9  7  4  5  
3800  6  6  4  9  
3801  1  3  4  10  
3802  5  3  10  8  
3803  6  5  6  4  
3804  4  7  4  9  
3805  5  2  1  1  
3806  6  6  4  9  
3807  10  6  1  6  
3808  7  4  3  2  
3809  9  4  10  10  
3810  7  1  10  2  
3811  6  10  7  3  
3812  5  5  3  2  
3813  9  3  6  8  
3814  7  1  7  6  
3815  2  2  7  2  
3816  3  3  8  2  
3817  9  10  10  3  
3818  2  4  3  10  
3819  10  6  8  7  
3820  1  7  5  5  
3821  4  10  2  7  
3822  3  4  4  1  
3823  10  3  8  2  
3824  1  9  2  7  
3825  1  1  7  8  
3826  7  8  4  7  
3827  3  1  3  3  
3828  4  7  2  5  
3829  4  5  7  1  
3830  6  10  1  6  
3831  4  5  7  1  
3832  7  8  4  1  
3833  4  9  2  4  
3834  6  2  7  1  
3835  2  4  3  10  
3836  1  9  7  9  
3837  9  10  10  3  
3838  3  5  3  9  
3839  10  8  6  2  
3840  4  6  10  5  
3841  7  9  5  8  
3842  5  4  4  3  
3843  2  4  3  10  
3844  6  1  1  4  
3845  3  5  3  9  
3846  7  1  7  1  
3847  9  1  8  8  
3848  10  7  9  6  
3849  1  6  3  8  
3850  2  2  3  5  
3851  6  2  9  7  
3852  10  2  4  5  
3853  8  10  1  6  
3854  8  2  9  9  
3855  6  10  8  4  
3856  9  4  4  10  
3857  10  8  9  7  
3858  6  3  7  6  
3859  5  2  8  5  
3860  1  7  2  3  
3861  10  10  4  5  
3862  4  10  6  3  
3863  4  5  6  7  
3864  1  3  8  1  
3865  4  7  4  3  
3866  2  1  6  2  
3867  6  5  6  4  
3868  2  3  1  7  
3869  9  3  2  1  
3870  2  9  9  6  
3871  5  10  6  3  
3872  6  5  9  4  
3873  1  9  10  9  
3874  1  7  5  5  
3875  2  9  2  7  
3876  3  3  4  6  
3877  3  3  8  2  
3878  10  6  1  6  
3879  9  1  8  8  
3880  4  10  6  3  
3881  4  5  2  2  
3882  6  10  2  3  
3883  8  7  4  3  
3884  9  2  3  2  
3885  9  4  10  10  
3886  6  4  6  7  
3887  10  5  8  3  
3888  7  1  1  4  
3889  9  9  5  1  
3890  1  7  5  10  
3891  1  5  2  2  
3892  1  6  8  7  
3893  8  8  9  9  
3894  7  10  3  7  
3895  6  5  8  2  
3896  7  5  7  1  
3897  3  8  3  9  
3898  9  6  10  3  
3899  4  5  9  4  
3900  2  9  9  6  
3901  5  7  7  9  
3902  8  5  5  5  
3903  10  7  2  4  
3904  4  5  6  7  
3905  2  2  5  7  
3906  2  7  10  9  
3907  6  10  8  4  
3908  10  6  7  8  
3909  2  3  1  7  
3910  1  3  4  10  
3911  8  3  10  8  
3912  5  10  1  1  
3913  3  10  5  3  
3914  4  2  1  2  
3915  7  2  1  8  
3916  9  5  10  3  
3917  4  2  1  5  
3918  10  5  8  2  
3919  10  9  6  9  
3920  10  7  8  6  
3921  7  5  4  1  
3922  9  10  8  3  
3923  7  1  2  1  
3924  3  5  7  7  
3925  10  8  9  3  
3926  4  5  9  4  
3927  2  3  1  7  
3928  8  6  9  7  
3929  1  7  5  5  
3930  3  7  5  10  
3931  8  3  10  7  
3932  4  10  6  3  
3933  10  10  1  6  
3934  5  10  1  1  
3935  8  5  5  5  
3936  7  1  7  1  
3937  3  7  5  6  
3938  8  10  2  6  
3939  7  7  1  1  
3940  8  6  9  7  
3941  3  8  3  5  
3942  6  3  7  6  
3943  8  8  6  8  
3944  1  6  8  7  
3945  7  2  1  1  
3946  1  3  4  1  
3947  5  3  2  10  
3948  10  9  5  1  
3949  6  4  7  9  
3950  2  10  2  7  
3951  5  9  7  9  
3952  5  2  8  2  
3953  3  10  5  6  
3954  3  5  3  4  
3955  8  6  9  7  
3956  3  5  3  9  
3957  8  5  5  5  
3958  4  9  7  7  
3959  5  3  6  5  
3960  6  2  1  5  
3961  10  10  6  8  
3962  2  6  3  8  
3963  1  6  2  2  
3964  4  5  7  1  
3965  10  8  6  8  
3966  6  10  8  4  
3967  1  8  7  8  
3968  7  10  5  6  
3969  9  10  7  8  
3970  9  3  1  10  
3971  3  9  3  10  
3972  8  7  10  7  
3973  9  9  7  8  
3974  1  1  8  5  
3975  5  5  6  1  
3976  6  6  4  8  
3977  10  5  6  4  
3978  5  10  6  5  
3979  2  3  10  7  
3980  2  7  5  8  
3981  1  8  10  4  
3982  5  10  1  1  
3983  9  1  4  4  
3984  5  10  1  1  
3985  4  6  10  5  
3986  2  9  7  3  
3987  5  9  7  9  
3988  2  4  3  8  
3989  4  2  1  2  
3990  10  7  3  7  
3991  2  9  3  10  
3992  7  3  8  2  
3993  7  8  10  10  
3994  5  2  8  5  
3995  10  6  1  6  
3996  9  1  10  3  
3997  7  7  7  6  
3998  4  2  9  1  
3999  9  1  5  9  
4000  1  9  10  9  
4001  8  6  6  2  
4002  4  6  10  5  
4003  5  1  6  4  
4004  10  7  9  6  
4005  2  3  3  3  
4006  5  4  9  10  
4007  2  6  3  8  
4008  7  4  2  4  
4009  7  1  7  1  
4010  4  1  4  3  
4011  4  5  9  4  
4012  4  9  6  9  
4013  10  7  3  7  
4014  8  5  5  9  
4015  2  3  7  2  
4016  7  10  3  5  
4017  6  1  1  4  
4018  2  9  7  3  
4019  10  7  2  4  
4020  3  6  5  9  
4021  3  9  6  5  
4022  5  9  7  9  
4023  9  7  5  10  
4024  7  2  1  1  
4025  2  3  9  3  
4026  5  3  10  8  
4027  8  4  4  6  
4028  6  1  8  8  
4029  10  7  3  10  
4030  1  8  10  4  
4031  2  7  10  9  
4032  7  4  2  4  
4033  9  9  7  8  
4034  2  4  8  4  
4035  10  8  5  8  
4036  7  5  4  1  
4037  3  9  3  10  
4038  7  7  7  6  
4039  4  2  9  1  
4040  3  5  7  9  
4041  8  5  1  1  
4042  1  7  2  3  
4043  7  2  10  7  
4044  10  8  6  8  
4045  9  9  7  8  
4046  3  3  4  7  
4047  10  1  2  4  
4048  8  1  5  7  
4049  5  8  3  2  
4050  10  8  6  8  
4051  3  5  7  9  
4052  2  6  3  8  
4053  8  10  2  5  
4054  8  8  3  7  
4055  4  5  7  1  
4056  4  3  10  8  
4057  8  3  5  7  
4058  9  6  4  9  
4059  10  3  4  6  
4060  1  8  7  2  
4061  6  8  5  10  
4062  9  4  6  9  
4063  2  3  9  3  
4064  4  9  9  8  
4065  2  5  1  3  
4066  6  8  3  9  
4067  9  4  4  2  
4068  8  5  5  5  
4069  10  5  8  2  
4070  8  9  6  8  
4071  4  5  8  1  
4072  4  2  1  5  
4073  3  10  5  6  
4074  7  5  4  1  
4075  6  1  1  4  
4076  1  9  2  7  
4077  2  2  7  2  
4078  2  4  8  6  
4079  7  7  7  6  
4080  5  8  3  1  
4081  1  5  1  1  
4082  10  5  5  10  
4083  2  3  7  2  
4084  7  8  10  10  
4085  3  3  4  6  
4086  4  6  10  5  
4087  2  6  4  5  
4088  1  8  10  4  
4089  5  7  7  9  
4090  4  2  9  1  
4091  8  3  10  7  
4092  6  10  1  4  
4093  1  7  5  5  
4094  2  3  1  7  
4095  7  2  10  10  
4096  8  1  5  7  
4097  2  1  8  5  
4098  3  7  5  10  
4099  10  6  1  6  
4100  4  2  9  8  
4101  10  9  6  9  
4102  8  8  3  7  
4103  7  9  5  8  
4104  7  7  7  4  
4105  1  1  2  6  
4106  6  1  8  4  
4107  4  5  1  3  
4108  4  7  4  3  
4109  5  9  7  9  
4110  4  2  8  2  
4111  8  10  2  6  
4112  7  4  2  4  
4113  5  8  3  1  
4114  8  3  5  5  
4115  2  4  3  10  
4116  1  3  5  10  
4117  7  1  1  1  
4118  2  4  6  9  
4119  1  8  7  8  
4120  1  9  5  4  
4121  7  1  7  1  
4122  8  10  2  2  
4123  1  1  2  6  
4124  8  2  9  5  
4125  6  2  9  7  
4126  5  3  10  8  
4127  10  8  3  8  
4128  3  3  1  8  
4129  3  3  1  8  
4130  5  6  1  6  
4131  10  9  6  9  
4132  3  4  3  1  
4133  2  6  3  8  
4134  3  6  5  9  
4135  1  8  10  4  
4136  5  7  7  9  
4137  7  4  2  8  
4138  10  4  10  2  
4139  3  8  3  9  
4140  8  10  6  9  
4141  9  4  4  1  
4142  2  4  8  6  
4143  8  4  9  10  
4144  10  10  1  6  
4145  10  5  5  5  
4146  1  1  2  6  
4147  10  5  7  2  
4148  4  5  4  3  
4149  3  4  7  10  
4150  6  8  5  10  
4151  8  10  1  6  
4152  8  8  10  4  
4153  1  7  2  3  
4154  5  10  1  1  
4155  1  8  7  8  
4156  7  4  2  4  
4157  2  1  4  2  
4158  3  7  5  10  
4159  1  8  10  4  
4160  2  6  3  8  
4161  4  2  1  2  
4162  2  3  6  5  
4163  6  5  6  4  
4164  8  10  9  5  
4165  7  10  3  6  
4166  8  2  9  9  
4167  1  10  10  4  
4168  5  2  8  5  
4169  6  6  4  9  
4170  6  6  4  9  
4171  1  1  2  6  
4172  7  2  10  8  
4173  6  6  2  8  
4174  7  8  10  10  
4175  2  5  2  2  
4176  10  7  9  8  
4177  9  1  4  4  
4178  3  6  5  9  
4179  10  8  6  2  
4180  2  3  9  3  
4181  9  4  4  1  
4182  10  7  2  4  
4183  6  8  5  6  
4184  5  1  6  2  
4185  1  6  6  2  
4186  9  3  5  9  
4187  1  7  5  5  
4188  6  4  2  2  
4189  7  5  3  1  
4190  7  2  1  1  
4191  3  1  3  3  
4192  8  10  4  5  
4193  2  1  4  7  
4194  2  4  8  6  
4195  8  8  9  9  
4196  10  1  6  4  
4197  2  7  10  9  
4198  5  3  10  8  
4199  7  8  10  10  
4200  5  10  1  1  
4201  2  10  2  7  
4202  8  1  5  7  
4203  2  9  9  6  
4204  5  1  3  1  
4205  7  7  7  6  
4206  1  1  2  6  
4207  6  9  5  4  
4208  3  4  7  10  
4209  5  5  7  10  
4210  6  2  10  7  
4211  9  7  4  5  
4212  7  3  6  5  
4213  2  2  7  2  
4214  7  1  5  5  
4215  3  10  5  6  
4216  4  5  7  1  
4217  5  8  3  1  
4218  7  8  10  4  
4219  7  7  7  6  
4220  8  8  3  7  
4221  6  4  2  4  
4222  7  10  3  5  
4223  1  9  6  5  
4224  6  10  8  4  
4225  10  4  8  2  
4226  10  5  8  2  
4227  2  6  3  8  
4228  4  3  9  3  
4229  6  10  7  3  
4230  1  2  9  1  
4231  4  7  2  2  
4232  3  1  4  5  
4233  10  10  7  3  
4234  6  9  5  4  
4235  6  8  7  9  
4236  6  8  1  9  
4237  6  4  6  7  
4238  3  1  3  3  
4239  4  2  1  2  
4240  3  5  2  9  
4241  4  10  10  1  
4242  9  9  7  8  
4243  3  1  4  6  
4244  4  2  10  10  
4245  5  1  3  1  
4246  8  7  8  5  
4247  6  8  7  9  
4248  8  3  10  7  
4249  7  8  10  10  
4250  3  7  5  1  
4251  6  3  7  6  
4252  3  5  5  6  
4253  9  2  1  5  
4254  10  7  2  1  
4255  8  5  5  5  
4256  4  2  5  5  
4257  3  3  4  6  
4258  9  4  5  10  
4259  9  4  10  10  
4260  6  8  5  10  
4261  10  5  8  2  
4262  3  2  5  9  
4263  1  8  10  4  
4264  7  3  6  6  
4265  7  1  1  1  
4266  5  7  7  9  
4267  1  9  2  7  
4268  5  2  8  2  
4269  3  3  1  8  
4270  5  10  6  5  
4271  9  1  8  8  
4272  8  1  6  7  
4273  7  2  1  1  
4274  8  5  5  5  
4275  9  3  8  10  
4276  9  9  7  8  
4277  4  9  2  4  
4278  4  5  1  3  
4279  4  5  9  1  
4280  6  1  1  4  
4281  1  3  8  1  
4282  5  6  4  4  
4283  4  8  9  3  
4284  8  8  9  9  
4285  5  7  3  6  
4286  3  6  5  9  
4287  5  3  6  5  
4288  8  7  5  8  
4289  6  10  4  4  
4290  7  8  1  10  
4291  2  1  3  3  
4292  1  6  8  7  
4293  8  2  9  8  
4294  6  8  9  7  
4295  6  8  9  7  
4296  2  1  4  2  
4297  1  6  8  3  
4298  4  2  6  2  
4299  1  5  1  1  
4300  2  4  3  10  
4301  7  8  1  1  
4302  3  5  7  9  
4303  5  6  3  2  
4304  4  9  2  4  
4305  6  10  1  6  
4306  10  9  6  9  
4307  8  8  10  4  
4308  2  8  3  8  
4309  1  3  8  1  
4310  4  5  7  1  
4311  5  3  6  5  
4312  2  1  10  9  
4313  1  3  8  1  
4314  9  4  6  9  
4315  2  2  4  2  
4316  10  1  8  2  
4317  5  3  6  5  
4318  7  10  4  6  
4319  1  6  6  2  
4320  10  7  9  6  
4321  8  3  10  7  
4322  2  4  3  10  
4323  1  8  10  4  
4324  9  3  1  10  
4325  2  6  3  8  
4326  5  3  6  5  
4327  7  9  5  8  
4328  4  1  8  2  
4329  8  4  8  4  
4330  7  1  7  1  
4331  1  1  2  6  
4332  9  5  10  3  
4333  4  2  1  2  
4334  1  3  8  5  
4335  2  8  4  7  
4336  9  8  4  7  
4337  9  4  10  10  
4338  6  6  5  9  
4339  10  4  2  4  
4340  1  5  5  1  
4341  5  3  6  5  
4342  4  7  4  5  
4343  4  5  9  4  
4344  3  10  5  6  
4345  2  6  7  8  
4346  1  6  6  2  
4347  1  6  3  7  
4348  4  1  10  1  
4349  9  3  1  10  
4350  5  5  2  1  
4351  1  6  2  7  
4352  7  3  4  10  
4353  3  3  4  6  
4354  9  10  10  3  
4355  1  1  5  5  
4356  8  3  10  7  
4357  7  5  4  1  
4358  10  7  2  4  
4359  8  2  7  2  
4360  5  4  7  5  
4361  4  5  1  6  
4362  4  10  6  3  
4363  9  4  2  1  
4364  7  7  2  10  
4365  8  1  5  4  
4366  5  2  8  5  
4367  3  9  10  4  
4368  1  7  5  5  
4369  6  8  5  10  
4370  1  9  7  1  
4371  3  3  1  8  
4372  6  8  7  9  
4373  5  6  3  2  
4374  6  5  6  4  
4375  2  2  3  5  
4376  2  1  4  2  
4377  8  8  9  9  
4378  3  9  6  5  
4379  5  2  1  1  
4380  5  3  6  5  
4381  6  10  8  4  
4382  10  1  6  2  
4383  1  10  6  2  
4384  5  3  6  3  
4385  3  6  6  9  
4386  5  4  8  5  
4387  8  3  10  7  
4388  10  8  6  8  
4389  2  4  3  6  
4390  3  5  7  9  
4391  4  6  10  5  
4392  10  10  4  5  
4393  8  9  8  8  
4394  6  10  1  6  
4395  4  5  4  3  
4396  10  5  5  7  
4397  5  3  6  5  
4398  10  8  6  8  
4399  7  4  10  2  
4400  9  1  4  4  
4401  10  10  4  5  
4402  7  9  7  8  
4403  5  4  8  3  
4404  7  9  2  4  
4405  1  3  10  9  
4406  8  1  5  7  
4407  10  5  6  4  
4408  2  4  8  6  
4409  8  10  4  5  
4410  5  7  7  9  
4411  9  1  4  4  
4412  6  6  6  9  
4413  5  1  3  2  
4414  7  10  3  7  
4415  1  3  2  3  
4416  3  9  3  9  
4417  5  6  6  3  
4418  9  4  10  10  
4419  6  6  4  9  
4420  6  3  7  6  
4421  1  8  10  4  
4422  10  5  8  2  
4423  3  9  3  10  
4424  9  1  8  8  
4425  6  4  10  7  
4426  10  8  6  8  
4427  5  2  1  1  
4428  10  9  5  9  
4429  1  5  2  2  
4430  8  10  10  3  
4431  7  7  7  6  
4432  1  8  10  4  
4433  9  5  7  1  
4434  9  4  2  8  
4435  10  9  7  7  
4436  9  1  6  2  
4437  1  1  2  6  
4438  4  10  6  3  
4439  3  9  6  5  
4440  9  3  6  9  
4441  3  8  3  9  
4442  5  3  6  5  
4443  5  3  6  5  
4444  1  8  2  7  
4445  10  9  5  1  
4446  10  5  6  4  
4447  4  5  4  3  
4448  9  4  6  9  
4449  10  6  6  4  
4450  5  2  8  5  
4451  1  3  8  1  
4452  2  9  7  7  
4453  4  5  6  3  
4454  8  2  9  5  
4455  5  7  7  9  
4456  5  4  2  1  
4457  2  10  2  7  
4458  1  8  10  4  
4459  1  6  6  2  
4460  8  4  9  10  
4461  4  5  6  7  
4462  10  6  1  6  
4463  3  3  4  6  
4464  8  3  10  7  
4465  10  10  4  2  
4466  7  2  8  5  
4467  8  1  4  4  
4468  10  5  8  2  
4469  4  5  5  5  
4470  2  3  1  7  
4471  4  2  1  2  
4472  10  7  3  10  
4473  2  9  7  3  
4474  5  8  3  1  
4475  10  4  8  6  
4476  7  4  10  2  
4477  9  4  10  10  
4478  2  7  5  1  
4479  5  10  1  1  
4480  10  7  9  8  
4481  9  6  5  3  
4482  6  4  4  4  
4483  10  9  6  8  
4484  5  3  6  5  
4485  4  10  6  3  
4486  5  3  10  8  
4487  8  5  5  5  
4488  1  9  10  9  
4489  7  3  10  3  
4490  2  2  7  2  
4491  3  1  2  3  
4492  3  7  1  8  
4493  1  9  2  7  
4494  7  2  10  9  
4495  1  6  8  7  
4496  5  3  5  8  
4497  10  7  3  10  
4498  7  6  1  8  
4499  6  10  10  3  
4500  3  5  3  10  
4501  2  9  9  6  
4502  10  8  6  8  
4503  5  5  3  2  
4504  9  3  9  6  
4505  9  2  2  1  
4506  3  1  3  1  
4507  7  10  3  5  
4508  9  6  8  2  
4509  6  3  9  7  
4510  10  7  3  10  
4511  9  3  1  10  
4512  10  7  9  6  
4513  2  2  2  10  
4514  7  7  5  6  
4515  3  3  4  3  
4516  9  8  3  7  
4517  4  10  6  3  
4518  1  9  1  7  
4519  9  6  8  2  
4520  9  10  10  3  
4521  1  9  2  7  
4522  10  8  2  8  
4523  4  2  9  1  
4524  8  6  9  1  
4525  5  7  7  9  
4526  3  1  3  3  
4527  9  10  10  3  
4528  7  4  2  4  
4529  3  8  3  9  
4530  2  3  9  3  
4531  8  9  2  6  
4532  6  8  7  9  
4533  4  5  4  7  
4534  8  8  10  4  
4535  6  5  7  6  
4536  8  10  2  6  
4537  3  7  7  9  
4538  5  7  7  9  
4539  10  7  9  6  
4540  4  2  1  5  
4541  7  4  10  2  
4542  9  1  5  9  
4543  4  2  1  5  
4544  3  10  5  6  
4545  3  10  5  6  
4546  4  2  1  2  
4547  4  2  3  2  
4548  8  2  9  8  
4549  4  5  7  1  
4550  10  9  4  1  
4551  6  10  7  3  
4552  7  7  7  6  
4553  4  2  1  5  
4554  2  1  4  2  
4555  3  8  7  9  
4556  7  3  7  6  
4557  2  6  3  8  
4558  9  3  2  10  
4559  9  4  6  10  
4560  5  9  7  9  
4561  1  6  8  7  
4562  6  9  5  4  
4563  5  2  1  1  
4564  1  2  2  2  
4565  10  1  9  8  
4566  5  10  6  5  
4567  8  4  9  10  
4568  1  6  8  3  
4569  8  2  9  3  
4570  1  6  8  7  
4571  7  1  7  1  
4572  10  9  6  4  
4573  10  5  3  4  
4574  2  6  3  8  
4575  8  7  4  3  
4576  2  4  8  6  
4577  4  5  6  7  
4578  1  1  2  3  
4579  8  7  2  2  
4580  10  10  4  5  
4581  2  3  7  2  
4582  3  9  3  10  
4583  9  4  6  9  
4584  6  10  5  4  
4585  5  3  10  8  
4586  7  2  10  8  
4587  2  2  3  5  
4588  7  4  2  4  
4589  5  8  3  1  
4590  8  5  5  5  
4591  7  1  1  1  
4592  8  8  9  9  
4593  9  6  10  3  
4594  8  7  2  2  
4595  8  9  8  8  
4596  6  8  9  7  
4597  7  6  2  8  
4598  10  8  3  10  
4599  8  2  9  8  
4600  10  5  6  4  
4601  2  9  9  6  
4602  2  9  3  4  
4603  7  6  2  8  
4604  6  9  5  4  
4605  5  4  8  3  
4606  3  3  8  2  
4607  2  5  9  2  
4608  8  8  3  7  
4609  3  8  3  9  
4610  8  7  10  7  
4611  2  8  4  7  
4612  3  7  6  10  
4613  10  7  9  6  
4614  5  3  6  5  
4615  9  3  8  10  
4616  5  9  7  3  
4617  8  8  3  7  
4618  8  3  5  7  
4619  6  1  3  4  
4620  5  3  10  8  
4621  7  2  10  10  
4622  5  2  4  5  
4623  9  4  6  5  
4624  8  9  8  10  
4625  1  6  8  7  
4626  9  1  5  9  
4627  3  5  7  9  
4628  10  5  8  2  
4629  3  3  1  8  
4630  4  6  10  1  
4631  6  10  7  3  
4632  1  6  8  3  
4633  9  6  8  2  
4634  10  1  6  2  
4635  10  3  5  1  
4636  1  9  2  7  
4637  4  7  1  3  
4638  10  7  3  7  
4639  5  6  7  2  
4640  7  7  7  6  
4641  4  9  2  4  
4642  3  10  5  6  
4643  8  10  1  6  
4644  2  6  3  8  
4645  7  4  2  4  
4646  3  7  5  10  
4647  8  2  9  5  
4648  4  10  6  3  
4649  4  2  1  5  
4650  6  6  4  9  
4651  5  6  6  3  
4652  5  6  6  3  
4653  3  4  7  10  
4654  8  3  10  7  
4655  8  2  9  8  
4656  10  7  3  10  
4657  9  6  10  3  
4658  7  5  4  1  
4659  4  2  7  1  
4660  3  3  4  6  
4661  3  3  4  6  
4662  5  3  6  5  
4663  1  6  8  3  
4664  1  1  8  5  
4665  10  9  6  9  
4666  8  5  6  5  
4667  3  1  3  3  
4668  1  10  2  7  
4669  8  7  4  3  
4670  6  10  1  6  
4671  7  1  1  4  
4672  10  6  1  6  
4673  10  10  4  5  
4674  2  5  7  1  
4675  8  2  9  8  
4676  8  10  1  6  
4677  4  2  1  2  
4678  5  3  6  5  
4679  2  6  8  6  
4680  3  8  3  9  
4681  2  10  2  7  
4682  2  10  2  8  
4683  5  1  3  2  
4684  5  1  3  2  
4685  3  1  3  3  
4686  6  10  1  1  
4687  9  4  2  1  
4688  2  7  5  8  
4689  5  2  8  5  
4690  5  3  6  5  
4691  8  7  8  2  
4692  10  7  9  8  
4693  8  2  9  5  
4694  2  9  3  10  
4695  3  1  3  3  
4696  9  6  8  2  
4697  2  1  4  2  
4698  10  7  9  6  
4699  8  6  9  6  
4700  1  10  10  4  
4701  3  10  5  6  
4702  7  2  7  8  
4703  9  1  8  8  
4704  7  2  10  9  
4705  2  3  7  2  
4706  5  8  3  1  
4707  10  6  1  5  
4708  9  9  10  3  
4709  2  6  3  8  
4710  4  3  10  10  
4711  3  7  5  10  
4712  3  6  5  9  
4713  10  6  1  6  
4714  9  7  4  5  
4715  3  8  3  9  
4716  4  10  6  3  
4717  10  9  6  1  
4718  10  7  9  6  
4719  7  5  4  3  
4720  10  7  2  4  
4721  3  7  5  10  
4722  7  2  7  2  
4723  2  4  3  10  
4724  1  9  2  7  
4725  8  2  2  6  
4726  8  6  3  7  
4727  8  7  4  2  
4728  9  4  10  10  
4729  3  8  7  9  
4730  5  7  7  9  
4731  7  10  3  7  
4732  1  6  8  3  
4733  7  4  2  3  
4734  7  8  10  3  
4735  1  9  2  7  
4736  6  5  4  3  
4737  9  3  6  6  
4738  9  3  1  10  
4739  4  10  6  3  
4740  1  3  8  1  
4741  4  2  8  2  
4742  7  2  10  8  
4743  7  4  1  2  
4744  10  7  9  6  
4745  8  5  5  5  
4746  2  3  9  3  
4747  5  6  3  2  
4748  1  6  8  7  
4749  7  1  7  1  
4750  9  4  6  9  
4751  1  6  8  7  
4752  1  3  7  2  
4753  7  4  1  2  
4754  4  5  1  3  
4755  3  8  7  9  
4756  10  5  6  8  
4757  6  10  7  3  
4758  6  4  5  9  
4759  8  2  9  5  
4760  6  3  7  6  
4761  9  10  10  3  
4762  8  2  9  8  
4763  2  3  3  10  
4764  3  5  3  9  
4765  8  3  10  7  
4766  6  6  5  9  
4767  10  5  6  4  
4768  3  9  6  5  
4769  7  1  1  1  
4770  6  8  5  10  
4771  1  8  7  9  
4772  8  10  1  6  
4773  7  7  7  8  
4774  10  7  5  2  
4775  10  5  6  4  
4776  7  8  7  8  
4777  1  5  1  1  
4778  5  2  1  1  
4779  6  9  5  4  
4780  8  10  5  6  
4781  9  4  4  9  
4782  2  10  1  6  
4783  6  8  9  7  
4784  4  10  10  3  
4785  5  2  1  1  
4786  1  9  10  9  
4787  6  8  10  10  
4788  9  3  1  10  
4789  10  10  4  5  
4790  3  9  5  1  
4791  2  9  3  10  
4792  1  6  8  5  
4793  4  7  4  3  
4794  9  1  4  4  
4795  1  10  8  4  
4796  1  9  2  3  
4797  10  5  2  3  
4798  3  4  7  10  
4799  10  7  2  4  
4800  3  5  3  9  
4801  4  2  8  2  
4802  9  3  2  10  
4803  7  1  7  1  
4804  9  3  2  1  
4805  3  8  4  9  
4806  5  10  1  4  
4807  1  1  2  6  
4808  1  5  2  2  
4809  6  3  1  6  
4810  2  2  7  2  
4811  5  3  8  5  
4812  4  5  6  7  
4813  9  5  8  2  
4814  3  9  6  1  
4815  3  3  10  6  
4816  2  1  4  2  
4817  4  2  1  5  
4818  3  5  3  9  
4819  6  3  6  5  
4820  7  2  10  10  
4821  1  6  6  2  
4822  7  2  1  1  
4823  2  2  10  2  
4824  7  10  3  5  
4825  10  9  6  9  
4826  9  3  2  10  
4827  9  10  10  3  
4828  4  2  1  9  
4829  6  3  1  10  
4830  2  1  4  2  
4831  8  5  5  5  
4832  6  4  2  5  
4833  3  6  1  3  
4834  6  9  5  4  
4835  8  6  10  4  
4836  7  10  10  5  
4837  5  7  7  9  
4838  6  3  2  10  
4839  3  9  6  5  
4840  4  5  6  3  
4841  3  8  7  9  
4842  7  3  6  5  
4843  3  10  5  6  
4844  8  2  7  5  
4845  10  1  5  7  
4846  2  4  10  7  
4847  2  1  4  8  
4848  3  9  3  10  
4849  3  1  4  6  
4850  3  5  3  9  
4851  5  6  3  2  
4852  8  6  9  7  
4853  10  1  6  2  
4854  6  2  9  7  
4855  7  2  10  8  
4856  2  1  4  2  
4857  7  10  3  5  
4858  10  6  1  6  
4859  6  9  5  4  
4860  3  3  1  8  
4861  9  1  5  9  
4862  5  1  3  2  
4863  7  7  7  2  
4864  3  1  9  4  
4865  10  1  5  7  
4866  8  6  3  8  
4867  3  8  7  9  
4868  5  2  8  2  
4869  6  10  8  10  
4870  5  2  1  1  
4871  5  8  3  1  
4872  7  4  7  1  
4873  9  4  10  10  
4874  5  6  6  3  
4875  3  5  7  9  
4876  5  9  2  3  
4877  9  9  7  8  
4878  8  6  9  7  
4879  8  3  10  7  
4880  1  7  5  5  
4881  8  8  10  4  
4882  8  5  5  5  
4883  2  9  7  6  
4884  3  3  1  8  
4885  7  7  7  6  
4886  7  2  3  5  
4887  4  3  1  5  
4888  9  4  4  1  
4889  5  10  1  1  
4890  6  10  8  4  
4891  5  7  7  9  
4892  10  5  5  7  
4893  2  9  9  6  
4894  1  1  8  5  
4895  6  6  4  9  
4896  8  8  9  5  
4897  3  7  5  10  
4898  3  7  5  10  
4899  6  4  2  4  
4900  9  3  10  10  
4901  4  5  4  3  
4902  10  10  4  5  
4903  5  4  8  3  
4904  10  1  6  2  
4905  5  9  2  1  
4906  4  10  5  1  
4907  5  8  10  1  
4908  3  1  3  3  
4909  6  8  5  8  
4910  10  7  9  6  
4911  4  5  4  3  
4912  2  7  10  9  
4913  10  1  9  6  
4914  3  1  4  6  
4915  10  10  4  5  
4916  7  1  1  1  
4917  6  3  7  6  
4918  3  3  2  2  
4919  3  3  4  6  
4920  10  9  5  1  
4921  7  1  10  1  
4922  7  6  10  8  
4923  6  10  10  3  
4924  5  3  10  8  
4925  8  3  10  7  
4926  3  1  3  3  
4927  4  10  6  3  
4928  9  6  8  2  
4929  6  3  7  6  
4930  3  8  1  3  
4931  4  2  1  2  
4932  1  6  6  9  
4933  1  7  5  5  
4934  4  2  1  5  
4935  1  6  8  1  
4936  9  6  4  1  
4937  7  7  7  6  
4938  2  9  1  3  
4939  3  7  5  10  
4940  6  6  4  9  
4941  3  3  1  6  
4942  3  8  7  9  
4943  10  5  8  2  
4944  2  4  9  10  
4945  2  2  7  2  
4946  1  8  2  6  
4947  8  2  9  5  
4948  4  5  6  7  
4949  3  10  8  6  
4950  5  1  3  2  
4951  8  1  5  7  
4952  6  7  9  6  
4953  4  2  1  5  
4954  10  1  6  4  
4955  9  4  10  10  
4956  3  9  6  5  
4957  2  7  10  9  
4958  6  6  6  7  
4959  9  4  10  10  
4960  9  4  4  1  
4961  3  7  5  10  
4962  6  10  5  4  
4963  3  5  7  9  
4964  5  4  4  4  
4965  10  7  4  5  
4966  5  6  6  3  
4967  8  8  9  9  
4968  9  4  2  1  
4969  10  5  8  7  
4970  3  1  3  3  
4971  6  6  4  9  
4972  5  8  10  1  
4973  3  9  6  5  
4974  5  8  3  1  
4975  5  5  6  7  
4976  8  8  3  7  
4977  4  5  9  4  
4978  7  4  2  4  
4979  6  1  1  5  
4980  1  8  3  4  
4981  4  5  6  7  
4982  10  8  6  8  
4983  9  10  10  3  
4984  1  9  10  9  
4985  7  5  4  1  
4986  5  2  1  1  
4987  6  4  2  4  
4988  10  9  5  1  
4989  5  2  8  2  
4990  6  4  6  7  
4991  4  2  1  2  
4992  3  10  5  6  
4993  4  2  1  5  
4994  4  5  6  7  
4995  6  10  7  3  
4996  3  5  7  9  
4997  9  1  4  4  
4998  5  4  4  4  
4999  8  4  9  10  
5000  1  8  1  4  
