0
[ 15 103 131 158 161 165 189 194 200 246 253 259 288 297 304 313 333 338
 393 400 436 508 525 552 579 584 588 602 623 625 647 705 712 732 768 789
 796 835 839 845 935 955]

1
[ 17  36  77 115 126 167 187 203 229 245 283 326 328 334 356 369 375 392
 403 414 434 450 471 493 505 509 558 569 630 660 688 691 714 739 741 769
 805 814 815 833 878 895 908 918 929 939 945 984 994]

2
[ 76  86  88  90  92 102 108 113 133 139 143 152 153 184 191 215 256 271
 274 284 294 302 332 335 385 390 419 420 480 488 495 503 529 532 540 553
 578 580 586 608 615 631 654 657 665 678 728 742 779 800 807 824 831 847
 889 917 924 925 942 949 952 959 962 988 989]

3
[  4  23  26  32  38  41  78  99 130 141 151 230 238 244 273 282 289 323
 381 430 433 466 479 481 496 499 543 556 562 720 724 743 752 759 767 803
 809 810 820 844 862 865 885 887 958 980 996]

4
[ 66  70  93 112 117 182 216 221 237 311 324 325 327 352 380 424 507 531
 533 549 573 650 653 710 734 793 825 854 879 894 938]

5
[  0  63  79 144 145 169 176 178 199 209 218 235 249 263 279 281 286 307
 366 418 447 454 470 491 512 517 522 528 583 610 646 703 716 730 747 748
 756 790 795 799 827 840 863 875 899 926 934 960 966 971]

6
[  1  16  40  62  73  82  89 171 175 195 251 255 278 295 299 308 309 358
 362 388 407 490 526 547 554 568 570 576 616 624 634 652 659 749 753 762
 764 772 829 834 857 859 869 888 893 897 931 956 985]

7
[ 25  83 106 172 202 205 250 293 301 314 315 321 347 351 387 398 406 408
 416 442 444 446 504 519 571 594 599 612 627 629 642 698 701 715 735 797
 798 826 849 858 882 916 932 941 953 965]

8
[ 21  27  56  61  68 105 122 137 138 201 211 227 233 276 399 412 421 435
 439 448 459 460 462 482 483 487 515 542 565 595 601 620 643 658 680 694
 722 727 792 794 828 838 855 892 986]

9
[ 13  34  54  65  81  91  95  97  98 101 135 197 204 264 287 317 331 345
 355 357 359 361 377 404 453 524 564 605 613 649 685 699 706 726 802 819
 837 870 872 915 982 987]

10
[ 37  48 107 111 129 154 177 212 223 248 254 258 260 336 341 368 396 425
 465 468 523 544 590 603 618 679 719 763 791 801 822 823 842 848 868 898
 900 919 928 937 999]

11
[  2   7  10  12  35  57  60 118 147 262 266 290 342 383 391 409 410 451
 456 467 494 530 557 561 566 617 636 693 709 754 808 836 896 904 906 907
 927 961 972]

12
[  8  18  33  43  64 164 173 185 220 239 339 376 464 469 541 582 604 607
 614 640 664 682 684 686 697 717 725 737 746 773 774 778 832 861 881 910
 954 975 992]

13
[ 11  28  50 121 125 136 181 207 240 257 269 291 305 349 367 374 394 473
 478 484 497 500 506 591 597 609 621 672 695 702 718 729 846 883 902 969
 973 974]

14
[  5  30  69 104 109 142 146 155 179 183 224 231 234 300 318 329 354 360
 382 422 437 545 551 598 671 770 788 813 851 852 860 903 913 914 923 950]

15
[  3  47  71  75 180 210 214 225 261 346 348 379 415 426 458 461 489 502
 516 518 577 639 645 731 738 740 765 766 775 784 811 830 922 979 998]

16
[ 20  31  49 110 148 163 170 196 277 312 316 322 343 371 405 423 476 477
 521 534 535 560 585 606 670 674 751 758 785 841 850 866 943 963 968]

17
[ 24  39  46  58  85 132 219 232 310 364 384 413 429 443 452 457 485 498
 511 633 675 692 696 736 761 780 786 812 864 886 947 957 964 991]

18
[ 55  59  72  84 119 159 193 275 344 350 378 386 417 438 514 546 555 592
 600 666 667 683 689 707 708 723 760 776 853 871 880 940 948]

19
[ 19  22 128 134 140 174 208 213 226 267 298 303 402 538 572 575 587 589
 656 668 681 687 690 711 713 745 873 901 912 976 993]

20
[  6  29  42  51  80 114 124 150 156 162 198 241 285 340 353 445 527 548
 663 704 721 733 777 816 821 921 936 978 981 990 995]

21
[  9  14  94  96 120 168 228 265 306 365 373 397 401 427 428 432 455 475
 510 520 539 593 628 635 648 673 676 700 771 804 890 905 930 933 946 951
 970 983 997]

22
[ 44  53  67 100 166 190 247 268 270 272 280 292 389 411 463 513 559 563
 567 574 638 641 651 677 757 782 856 876 891 909 911]

23
[ 45  74 116 127 149 157 160 186 206 217 243 296 319 330 337 363 372 395
 440 441 472 474 486 492 501 536 550 581 596 619 644 655 662 750 755 781
 783 787 818 977]

24
[ 52  87 123 188 192 222 236 242 252 320 370 431 449 537 611 622 626 632
 637 661 669 744 806 817 843 867 874 877 884 920 944 967]

