955.0
[259. 400. 705. 845. 436. 588. 165. 839. 333. 297. 393. 712. 584. 955.
 552. 158. 935. 508. 732. 189. 304. 647. 103. 835. 789. 131.  15. 625.
 338. 200. 579. 796. 253. 768. 602. 313. 161. 525. 246. 623. 194. 288.]

894.0
[352. 311. 533. 117. 221. 938. 793.  93. 112. 325. 710. 380. 653. 650.
 507. 327. 879. 734. 573. 854. 182.  70. 216. 549. 237. 531.  66. 424.
 825. 324. 894.]

996.0
[759. 496. 433.  26. 996. 767.   4.  38. 862. 466. 752. 724. 885. 479.
 230.  99. 887. 499. 381. 289. 130.  41. 809. 980. 151. 141.  23. 481.
 958. 820. 238. 562. 844.  78.  32. 543. 430. 244. 323. 810. 556. 803.
 743. 273. 720. 865. 282.]

848.0
[719.  48. 111. 154. 223. 254. 679. 468. 848. 603. 465. 900. 919. 396.
 868. 177. 341. 258. 523.  37. 590. 248. 260. 129. 425. 937. 336. 928.
 999. 107. 368. 544. 212. 763. 823. 801. 791. 842. 898. 618. 822.]

885.0
[581. 160. 395. 319. 550. 474. 157. 217. 619. 363. 596. 296. 127. 186.
 755.  74. 818. 536. 492. 486. 440. 662. 472. 781. 337. 787. 783. 149.
 501. 750. 116. 644. 243. 441. 655. 977. 372.  45. 206. 330.]

982.0
[377. 135. 649.  95. 915.  91. 982.  81. 706. 345. 524. 605. 564. 699.
 453. 101. 837. 204. 264. 870.  34. 357. 802.  98. 613. 355.  54. 287.
 317. 404. 197. 819.  13. 359. 987. 685.  65. 331. 361. 726.  97. 872.]

990.0
[  6. 162. 241. 704.  42. 733. 527. 445. 114. 353. 663. 198.  51. 124.
 150. 285. 156. 340. 978. 990. 981. 821. 921.  29.  80. 936. 816. 995.
 721. 548. 777.]

945.0
[283.  36. 334. 509. 558. 229. 714. 434. 167. 326. 414. 471. 929. 984.
  77. 833. 493. 450. 815. 245. 691. 769. 115. 630. 375. 918. 908. 994.
 878. 187. 895. 403. 805.  17. 939. 739. 814. 126. 369. 741. 356. 945.
 505. 569. 203. 660. 392. 688. 328.]

985.0
[ 73. 570. 358. 749. 309. 834.  62.  82. 526. 175.  40. 857. 888. 568.
 652. 547. 829. 624.  16. 985.   1. 295. 659. 576. 554. 362. 869. 388.
 753. 299. 762. 407. 490. 616. 764. 859. 251. 195. 171. 897. 255. 278.
 772. 308. 893.  89. 956. 931. 634.]

959.0
[779. 807. 578. 215. 102. 657. 335. 108. 284. 962. 949. 113. 824. 608.
 924. 390.  86. 503. 332. 800. 917. 488.  88. 271. 420. 952. 480. 540.
 133. 139. 580.  90. 302. 419. 925. 586. 495. 184. 143. 889. 615.  92.
 728. 191. 256. 532. 631. 294. 529. 959.  76. 274. 385. 831. 665. 989.
 988. 152. 847. 678. 942. 153. 553. 742. 654.]

896.0
[ 57. 266. 617.  35. 391. 118. 467. 494. 561.   2. 409. 709. 566. 904.
  10. 754. 456. 557. 383. 907. 836. 972. 451.   7.  60. 147. 927. 410.
 636. 262. 808.  12. 290. 530. 693. 896. 342. 961. 906.]

920.0
[449. 626. 920. 632. 874. 611. 622. 806. 320. 252. 843. 867. 944. 877.
 967. 242. 884. 236. 123. 370.  87. 637. 222. 669. 192. 661. 188.  52.
 431. 537. 744. 817.]

909.0
[891.  67. 100. 411. 638. 190. 272. 651. 270. 567.  53. 268. 574. 757.
 513. 563. 389. 292. 677. 247. 911.  44. 280. 559. 782. 876. 641. 166.
 856. 463. 909.]

975.0
[ 33. 697. 910. 640. 725. 737. 778. 582. 773. 975. 832. 185. 682. 664.
   8. 469. 376. 686. 717.  64. 164. 541. 992. 614. 464. 339.  43.  18.
 173. 239. 881. 604. 746. 220. 684. 774. 607. 954. 861.]

923.0
[851. 231. 813. 179. 142. 852. 914. 360. 109. 860.  30. 300. 354. 329.
 224. 104. 788. 183. 382. 598. 551. 770. 146. 545. 950.  69. 671. 422.
 913. 155. 437. 903. 923.   5. 318. 234.]

858.0
[408. 301. 701. 599. 642. 202. 594. 932. 504. 293. 916. 519. 627. 965.
 172. 849. 571. 698. 612. 715. 446. 444. 941. 315. 953. 250. 797.  25.
 735. 416.  83. 442. 826. 347. 314. 629. 351. 387. 106. 882. 321. 398.
 858. 205. 798. 406.]

963.0
[163. 322. 535. 148.  49. 674. 606. 423. 785. 963. 477. 316. 476. 968.
 371. 110. 312.  20. 521. 841.]

998.0
[639. 765. 348. 502. 784. 261. 461. 645. 766. 577.  47.   3. 346. 225.
 458. 180.  71. 998. 379. 740. 738. 210. 979. 489. 214. 922. 775. 516.
 426. 830. 731.  75. 415. 518. 811.]

875.0
[  0. 926. 875. 528. 366. 934. 169. 747. 799. 610.  63. 960. 795. 971.
 281. 263. 447. 249. 144. 418.  79. 646. 178. 840. 583. 703. 307. 512.
 730. 279. 209. 863. 199. 454. 827. 218. 517. 748. 176. 491. 522. 899.
 756. 286. 145. 235. 790. 966. 470. 716.]

947.0
[ 46.  39. 957. 812. 786. 761. 511. 429. 485. 692. 991.  58. 132. 675.
 452. 457. 232. 633. 413. 864. 886.  85. 384. 780. 696. 219. 310. 364.
 498. 947.  24. 443. 964. 736.]

850.0
[560. 670. 196. 866. 534. 850. 585. 751. 170. 277. 758. 943. 343.  31.
 405.]

902.0
[497. 181. 478. 729. 269. 591. 349. 500.  11. 846. 257. 484. 367. 974.
 473. 695. 969. 394.  50. 136. 597. 305. 702. 374. 718. 240. 121. 506.
 883. 125. 973. 621. 902.  28. 207. 672. 291. 609.]

997.0
[648. 428. 475. 804. 983. 455. 539.   9. 970. 520. 997. 933. 905. 628.
 635. 401. 676. 120. 510. 946. 397. 168. 593.  96. 373.  94. 265. 930.
 673. 228. 890. 951.  14. 365. 427. 771. 432. 700. 306.]

976.0
[589. 745. 587. 993. 668. 687. 575. 912. 538. 572. 128. 213. 681. 690.
  19. 713. 134. 298. 901.  22. 303. 226. 140. 873. 656. 208. 711. 402.
 267. 976. 174.]

760.0
[ 72. 776. 760. 592. 546. 683. 666. 689. 159. 193. 344. 667.  84. 555.
 940. 707. 723. 350. 378. 880. 853. 386. 119. 275.  59. 708. 514. 948.
 871. 417. 438. 600.  55.]

986.0
[ 56.  61. 515. 892. 643. 211. 601.  68. 727. 694. 138. 421. 459.  27.
 462. 105. 460. 435. 838. 658. 227. 233. 680. 542. 595. 201. 399. 276.
 448. 412.  21. 565. 482. 137. 986. 722. 855. 792. 794. 828. 439. 620.
 483. 487. 122.]

