1	42 
2	239 
3	20 
4	34 
5	53 
6	172 
7	280 
8	31 
9	84 
10	91 
11	203 
12	282 
13	43 
14	253 
15	171 
16	211 
17	142 
18	296 
19	19 
20	263 
21	271 
22	26 
23	189 
24	249 
25	193 
26	304 
27	79 
28	268 
29	93 
30	7 
31	209 
32	228 
33	182 
34	203 
35	81 
36	44 
37	15 
38	304 
39	86 
40	98 
41	302 
42	264 
43	230 
44	214 
45	218 
46	130 
47	172 
48	86 
49	121 
50	176 
51	277 
52	51 
53	149 
54	297 
55	175 
56	128 
57	65 
58	185 
59	5 
60	234 
61	281 
62	267 
63	85 
64	67 
65	193 
66	56 
67	42 
68	238 
69	203 
70	129 
71	63 
72	28 
73	44 
74	107 
75	208 
76	159 
77	4 
78	175 
79	69 
80	127 
81	75 
82	114 
83	228 
84	55 
85	291 
86	171 
87	48 
88	217 
89	90 
90	58 
91	265 
92	152 
93	286 
94	131 
95	113 
96	249 
97	25 
98	287 
99	234 
100	113 
101	87 
102	290 
103	56 
104	68 
105	17 
106	211 
107	186 
108	153 
109	32 
110	222 
111	216 
112	130 
113	303 
114	205 
115	265 
116	21 
117	304 
118	78 
119	254 
120	106 
121	32 
122	278 
123	211 
124	283 
125	218 
126	152 
127	56 
128	210 
129	253 
130	154 
131	273 
132	180 
133	53 
134	51 
135	290 
136	57 
137	67 
138	298 
139	102 
140	35 
141	111 
142	242 
143	235 
144	105 
145	102 
146	279 
147	255 
148	130 
149	265 
150	295 
151	302 
152	230 
153	49 
154	139 
155	190 
156	62 
157	306 
158	149 
159	73 
160	243 
161	26 
162	35 
163	102 
164	238 
165	206 
166	176 
167	24 
168	163 
169	39 
170	88 
171	53 
172	75 
173	279 
174	21 
175	197 
176	185 
177	240 
178	188 
179	291 
180	28 
181	218 
182	82 
183	148 
184	139 
185	221 
186	256 
187	257 
188	116 
189	251 
190	192 
191	206 
192	129 
193	164 
194	112 
195	237 
196	14 
197	85 
198	28 
199	120 
200	280 
201	116 
202	9 
203	36 
204	257 
205	221 
206	142 
207	113 
208	41 
209	187 
210	119 
211	89 
212	113 
213	75 
214	255 
215	225 
216	23 
217	233 
218	194 
219	4 
220	146 
221	59 
222	185 
223	285 
224	8 
225	120 
226	86 
227	232 
228	155 
229	191 
230	288 
231	73 
232	59 
233	258 
234	10 
235	231 
236	300 
237	37 
238	278 
239	25 
240	148 
241	75 
242	157 
243	119 
244	110 
245	188 
246	25 
247	40 
248	133 
249	104 
250	208 
251	140 
252	254 
253	276 
254	64 
255	210 
256	141 
257	179 
258	288 
259	196 
260	61 
261	130 
262	65 
263	122 
264	193 
265	159 
266	56 
267	210 
268	86 
269	193 
270	243 
271	185 
272	185 
273	118 
274	12 
275	58 
276	99 
277	26 
278	272 
279	25 
280	10 
281	135 
282	292 
283	52 
284	20 
285	90 
286	26 
287	175 
288	239 
289	280 
290	21 
291	127 
292	80 
293	184 
294	165 
295	48 
296	136 
297	28 
298	28 
299	119 
300	212 
301	280 
302	248 
303	125 
304	203 
305	160 
306	216 
307	161 
308	280 
309	170 
310	5 
311	61 
312	278 
313	150 
314	160 
315	12 
316	280 
317	171 
318	36 
319	7 
320	69 
321	210 
322	161 
323	260 
324	143 
325	49 
326	90 
327	165 
328	272 
329	99 
330	100 
331	184 
332	29 
333	255 
334	143 
335	280 
336	52 
337	73 
338	243 
339	71 
340	78 
341	190 
342	249 
343	156 
344	91 
345	217 
346	187 
347	32 
348	301 
349	76 
350	14 
351	179 
352	52 
353	88 
354	121 
355	292 
356	165 
357	262 
358	302 
359	111 
360	200 
361	42 
362	8 
363	250 
364	224 
365	23 
366	6 
367	307 
368	174 
369	4 
370	136 
371	138 
372	298 
373	153 
374	117 
375	272 
376	263 
377	113 
378	22 
379	139 
380	12 
381	8 
382	260 
383	112 
384	236 
385	38 
386	135 
387	287 
388	45 
389	128 
390	160 
391	242 
392	286 
393	282 
394	45 
395	104 
396	104 
397	267 
398	29 
399	56 
400	160 
401	211 
402	288 
403	55 
404	150 
405	77 
406	248 
407	198 
408	306 
409	296 
410	3 
411	267 
412	48 
413	213 
414	262 
415	95 
416	211 
417	8 
418	78 
419	29 
420	214 
421	84 
422	76 
423	254 
424	91 
425	283 
426	78 
427	58 
428	269 
429	107 
430	129 
431	118 
432	127 
433	114 
434	285 
435	128 
436	43 
437	156 
438	142 
439	180 
440	297 
441	138 
442	243 
443	203 
444	13 
445	231 
446	59 
447	188 
448	45 
449	139 
450	151 
451	193 
452	100 
453	234 
454	78 
455	228 
456	295 
457	112 
458	271 
459	117 
460	173 
461	109 
462	221 
463	172 
464	16 
465	264 
466	119 
467	244 
468	208 
469	218 
470	303 
471	225 
472	82 
473	106 
474	73 
475	243 
476	242 
477	230 
478	90 
479	185 
480	193 
481	5 
482	185 
483	249 
484	74 
485	3 
486	280 
487	33 
488	13 
489	210 
490	246 
491	198 
492	271 
493	266 
494	211 
495	220 
496	272 
497	29 
498	5 
499	156 
500	298 
501	165 
502	266 
503	188 
504	81 
505	279 
506	92 
507	126 
508	243 
509	194 
510	120 
511	237 
512	100 
513	188 
514	206 
515	199 
516	118 
517	297 
518	293 
519	305 
520	137 
521	130 
522	97 
523	20 
524	145 
525	259 
526	51 
527	117 
528	185 
529	281 
530	228 
531	136 
532	196 
533	203 
534	64 
535	3 
536	211 
537	274 
538	108 
539	57 
540	304 
541	10 
542	239 
543	268 
544	188 
545	264 
546	69 
547	241 
548	242 
549	173 
550	100 
551	67 
552	109 
553	62 
554	46 
555	272 
556	46 
557	259 
558	35 
559	143 
560	39 
561	16 
562	74 
563	87 
564	15 
565	42 
566	126 
567	102 
568	226 
569	303 
570	238 
571	139 
572	272 
573	31 
574	176 
575	154 
576	95 
577	245 
578	182 
579	266 
580	184 
581	154 
582	225 
583	159 
584	167 
585	56 
586	242 
587	189 
588	174 
589	84 
590	247 
591	194 
592	301 
593	229 
594	187 
595	274 
596	302 
597	48 
598	124 
599	13 
600	238 
601	121 
602	239 
603	211 
604	189 
605	70 
606	7 
607	90 
608	197 
609	229 
610	107 
611	301 
612	190 
613	125 
614	274 
615	168 
616	228 
617	14 
618	189 
619	164 
620	214 
621	260 
622	218 
623	40 
624	60 
625	257 
626	58 
627	27 
628	203 
629	292 
630	286 
631	202 
632	122 
633	42 
634	291 
635	306 
636	108 
637	133 
638	218 
639	280 
640	165 
641	302 
642	96 
643	244 
644	89 
645	241 
646	114 
647	245 
648	184 
649	53 
650	121 
651	258 
652	89 
653	113 
654	286 
655	79 
656	144 
657	53 
658	65 
659	38 
660	252 
661	120 
662	37 
663	254 
664	94 
665	229 
666	89 
667	12 
668	119 
669	100 
670	70 
671	173 
672	252 
673	251 
674	116 
675	251 
676	184 
677	89 
678	278 
679	90 
680	102 
681	72 
682	32 
683	227 
684	31 
685	6 
686	182 
687	218 
688	135 
689	251 
690	57 
691	175 
692	184 
693	247 
694	121 
695	66 
696	59 
697	203 
698	220 
699	164 
700	181 
701	237 
702	253 
703	185 
704	133 
705	218 
706	153 
707	232 
708	28 
709	269 
710	69 
711	298 
712	210 
713	212 
714	291 
715	199 
716	77 
717	162 
718	169 
719	209 
720	279 
721	286 
722	229 
723	203 
724	199 
725	119 
726	113 
727	161 
728	148 
729	305 
730	6 
731	242 
732	33 
733	49 
734	171 
735	301 
736	297 
737	148 
738	197 
739	73 
740	247 
741	15 
742	147 
743	126 
744	115 
745	280 
746	117 
747	274 
748	206 
749	75 
750	30 
751	39 
752	33 
753	25 
754	52 
755	148 
756	233 
757	179 
758	45 
759	300 
760	21 
761	86 
762	273 
763	227 
764	79 
765	117 
766	112 
767	300 
768	111 
769	213 
770	9 
771	262 
772	292 
773	36 
774	24 
775	128 
776	53 
777	211 
778	290 
779	82 
780	41 
781	65 
782	34 
783	156 
784	118 
785	140 
786	37 
787	174 
788	305 
789	12 
790	231 
791	231 
792	269 
793	217 
794	223 
795	87 
796	181 
797	135 
798	34 
799	110 
800	282 
801	196 
802	157 
803	175 
804	135 
805	7 
806	119 
807	280 
808	150 
809	167 
810	89 
811	74 
812	196 
813	95 
814	76 
815	199 
816	178 
817	46 
818	222 
819	231 
820	115 
821	89 
822	91 
823	198 
824	143 
825	171 
826	34 
827	123 
828	284 
829	149 
830	228 
831	197 
832	303 
833	245 
834	284 
835	22 
836	22 
837	259 
838	242 
839	160 
840	206 
841	32 
842	268 
843	187 
844	247 
845	14 
846	19 
847	107 
848	37 
849	33 
850	227 
851	103 
852	11 
853	68 
854	39 
855	254 
856	248 
857	121 
858	98 
859	119 
860	294 
861	167 
862	291 
863	55 
864	276 
865	8 
866	237 
867	64 
868	272 
869	184 
870	27 
871	28 
872	211 
873	187 
874	199 
875	148 
876	73 
877	139 
878	179 
879	28 
880	284 
881	210 
882	242 
883	74 
884	87 
885	40 
886	50 
887	33 
888	117 
889	237 
890	101 
891	77 
892	190 
893	279 
894	146 
895	48 
896	12 
897	280 
898	50 
899	275 
900	34 
901	171 
902	263 
903	18 
904	92 
905	175 
906	57 
907	79 
908	143 
909	30 
910	252 
911	104 
912	254 
913	154 
914	121 
915	266 
916	300 
917	123 
918	237 
919	73 
920	79 
921	178 
922	273 
923	59 
924	18 
925	70 
926	125 
927	116 
928	307 
929	81 
930	22 
931	238 
932	28 
933	72 
934	257 
935	15 
936	1 
937	99 
938	270 
939	63 
940	144 
941	204 
942	133 
943	192 
944	64 
945	240 
946	119 
947	297 
948	47 
949	104 
950	215 
951	84 
952	124 
953	263 
954	92 
955	39 
956	215 
957	128 
958	190 
959	47 
960	272 
961	73 
962	198 
963	272 
964	233 
965	29 
966	33 
967	79 
968	173 
969	124 
970	175 
971	100 
972	198 
973	204 
974	128 
975	307 
976	25 
977	28 
978	104 
979	197 
980	67 
981	107 
982	132 
983	219 
984	303 
985	135 
986	67 
987	276 
988	92 
989	35 
990	61 
991	41 
992	76 
993	3 
994	156 
995	64 
996	217 
997	165 
998	252 
999	110 
1000	28 
1001	52 
1002	148 
1003	276 
1004	148 
1005	288 
1006	89 
1007	175 
1008	217 
1009	132 
1010	58 
1011	66 
1012	214 
1013	242 
1014	232 
1015	117 
1016	8 
1017	170 
1018	147 
1019	271 
1020	273 
1021	73 
1022	37 
1023	303 
1024	270 
1025	83 
1026	104 
1027	272 
1028	217 
1029	4 
1030	128 
1031	210 
1032	128 
1033	150 
1034	6 
1035	271 
1036	14 
1037	216 
1038	131 
1039	158 
1040	161 
1041	227 
1042	151 
1043	292 
1044	257 
1045	141 
1046	208 
1047	282 
1048	222 
1049	89 
1050	232 
1051	259 
1052	298 
1053	112 
1054	205 
1055	122 
1056	92 
1057	65 
1058	92 
1059	276 
1060	164 
1061	291 
1062	189 
1063	229 
1064	95 
1065	107 
1066	238 
1067	220 
1068	87 
1069	88 
1070	277 
1071	177 
1072	150 
1073	69 
1074	237 
1075	2 
1076	230 
1077	203 
1078	249 
1079	7 
1080	301 
1081	262 
1082	77 
1083	264 
1084	159 
1085	12 
1086	284 
1087	58 
1088	145 
1089	286 
1090	231 
1091	253 
1092	165 
1093	133 
1094	235 
1095	22 
1096	243 
1097	96 
1098	133 
1099	118 
1100	206 
1101	28 
1102	124 
1103	34 
1104	115 
1105	264 
1106	110 
1107	96 
1108	215 
1109	222 
1110	277 
1111	32 
1112	19 
1113	127 
1114	118 
1115	207 
1116	141 
1117	1 
1118	260 
1119	212 
1120	216 
1121	128 
1122	210 
1123	204 
1124	274 
1125	43 
1126	17 
1127	137 
1128	143 
1129	223 
1130	16 
1131	255 
1132	9 
1133	205 
1134	203 
1135	59 
1136	211 
1137	175 
1138	12 
1139	119 
1140	39 
1141	223 
1142	304 
1143	300 
1144	111 
1145	269 
1146	11 
1147	160 
1148	73 
1149	156 
1150	42 
1151	225 
1152	255 
1153	74 
1154	229 
1155	227 
1156	302 
1157	90 
1158	222 
1159	86 
1160	10 
1161	175 
1162	130 
1163	177 
1164	10 
1165	157 
1166	172 
1167	230 
1168	255 
1169	171 
1170	42 
1171	204 
1172	230 
1173	31 
1174	276 
1175	158 
1176	60 
1177	96 
1178	210 
1179	186 
1180	237 
1181	198 
1182	230 
1183	240 
1184	160 
1185	121 
1186	251 
1187	91 
1188	1 
1189	177 
1190	230 
1191	100 
1192	34 
1193	184 
1194	23 
1195	218 
1196	220 
1197	69 
1198	79 
1199	79 
1200	9 
1201	248 
1202	2 
1203	209 
1204	144 
1205	248 
1206	13 
1207	63 
1208	88 
1209	252 
1210	75 
1211	10 
1212	51 
1213	151 
1214	12 
1215	231 
1216	220 
1217	99 
1218	89 
1219	88 
1220	165 
1221	39 
1222	73 
1223	239 
1224	222 
1225	137 
1226	171 
1227	115 
1228	151 
1229	42 
1230	26 
1231	81 
1232	175 
1233	89 
1234	133 
1235	163 
1236	116 
1237	156 
1238	18 
1239	2 
1240	268 
1241	19 
1242	133 
1243	243 
1244	77 
1245	80 
1246	174 
1247	232 
1248	220 
1249	70 
1250	65 
1251	18 
1252	68 
1253	256 
1254	303 
1255	33 
1256	66 
1257	149 
1258	132 
1259	273 
1260	270 
1261	155 
1262	8 
1263	293 
1264	196 
1265	16 
1266	83 
1267	215 
1268	262 
1269	237 
1270	126 
1271	96 
1272	156 
1273	105 
1274	237 
1275	163 
1276	100 
1277	122 
1278	104 
1279	193 
1280	247 
1281	283 
1282	170 
1283	203 
1284	282 
1285	13 
1286	280 
1287	71 
1288	263 
1289	245 
1290	260 
1291	133 
1292	225 
1293	86 
1294	281 
1295	8 
1296	163 
1297	31 
1298	104 
1299	187 
1300	44 
1301	186 
1302	295 
1303	57 
1304	173 
1305	219 
1306	298 
1307	286 
1308	129 
1309	261 
1310	188 
1311	279 
1312	260 
1313	216 
1314	83 
1315	126 
1316	281 
1317	299 
1318	39 
1319	117 
1320	16 
1321	197 
1322	25 
1323	242 
1324	199 
1325	102 
1326	191 
1327	57 
1328	165 
1329	211 
1330	151 
1331	260 
1332	278 
1333	122 
1334	131 
1335	154 
1336	69 
1337	294 
1338	50 
1339	135 
1340	54 
1341	60 
1342	86 
1343	23 
1344	232 
1345	171 
1346	234 
1347	162 
1348	206 
1349	57 
1350	136 
1351	72 
1352	7 
1353	31 
1354	86 
1355	215 
1356	243 
1357	227 
1358	300 
1359	83 
1360	272 
1361	215 
1362	56 
1363	75 
1364	209 
1365	170 
1366	231 
1367	186 
1368	170 
1369	294 
1370	163 
1371	259 
1372	195 
1373	197 
1374	300 
1375	218 
1376	179 
1377	225 
1378	88 
1379	227 
1380	142 
1381	168 
1382	147 
1383	119 
1384	158 
1385	224 
1386	195 
1387	48 
1388	115 
1389	205 
1390	265 
1391	286 
1392	135 
1393	279 
1394	83 
1395	145 
1396	132 
1397	251 
1398	77 
1399	234 
1400	253 
1401	252 
1402	205 
1403	301 
1404	217 
1405	203 
1406	90 
1407	87 
1408	109 
1409	206 
1410	55 
1411	35 
1412	40 
1413	162 
1414	64 
1415	255 
1416	223 
1417	293 
1418	256 
1419	60 
1420	286 
1421	171 
1422	33 
1423	116 
1424	16 
1425	229 
1426	136 
1427	65 
1428	1 
1429	165 
1430	237 
1431	166 
1432	282 
1433	304 
1434	160 
1435	58 
1436	178 
1437	152 
1438	41 
1439	277 
1440	90 
1441	74 
1442	134 
1443	276 
1444	104 
1445	267 
1446	301 
1447	115 
1448	29 
1449	35 
1450	193 
1451	5 
1452	199 
1453	28 
1454	223 
1455	236 
1456	293 
1457	9 
1458	182 
1459	111 
1460	16 
1461	241 
1462	254 
1463	257 
1464	183 
1465	280 
1466	122 
1467	51 
1468	173 
1469	182 
1470	294 
1471	81 
1472	272 
1473	249 
1474	79 
1475	269 
1476	5 
1477	272 
1478	170 
1479	112 
1480	97 
1481	249 
1482	7 
1483	263 
1484	166 
1485	39 
1486	274 
1487	80 
1488	81 
1489	139 
1490	126 
1491	136 
1492	29 
1493	242 
1494	101 
1495	24 
1496	225 
1497	247 
1498	72 
1499	230 
1500	214 
1501	127 
1502	94 
1503	226 
1504	132 
1505	190 
1506	47 
1507	105 
1508	120 
1509	15 
1510	165 
1511	96 
1512	131 
1513	277 
1514	168 
1515	256 
1516	238 
1517	29 
1518	249 
1519	64 
1520	254 
1521	221 
1522	80 
1523	7 
1524	57 
1525	199 
1526	226 
1527	217 
1528	154 
1529	227 
1530	2 
1531	105 
1532	175 
1533	307 
1534	31 
1535	190 
1536	196 
1537	6 
1538	63 
1539	108 
1540	244 
1541	276 
1542	53 
1543	237 
1544	125 
1545	171 
1546	262 
1547	227 
1548	279 
1549	257 
1550	286 
1551	105 
1552	257 
1553	159 
1554	88 
1555	198 
1556	117 
1557	67 
1558	251 
1559	59 
1560	2 
1561	79 
1562	170 
1563	227 
1564	282 
1565	297 
1566	235 
1567	32 
1568	28 
1569	85 
1570	96 
1571	84 
1572	42 
1573	68 
1574	280 
1575	199 
1576	243 
1577	203 
1578	135 
1579	247 
1580	111 
1581	190 
1582	4 
1583	34 
1584	272 
1585	224 
1586	188 
1587	39 
1588	96 
1589	44 
1590	160 
1591	32 
1592	130 
1593	222 
1594	232 
1595	286 
1596	104 
1597	55 
1598	256 
1599	136 
1600	306 
1601	216 
1602	30 
1603	49 
1604	279 
1605	269 
1606	111 
1607	258 
1608	113 
1609	67 
1610	297 
1611	237 
1612	270 
1613	271 
1614	71 
1615	269 
1616	285 
1617	26 
1618	209 
1619	199 
1620	221 
1621	239 
1622	299 
1623	53 
1624	266 
1625	9 
1626	72 
1627	5 
1628	276 
1629	175 
1630	268 
1631	123 
1632	146 
1633	148 
1634	136 
1635	115 
1636	212 
1637	181 
1638	75 
1639	225 
1640	216 
1641	10 
1642	45 
1643	61 
1644	64 
1645	18 
1646	57 
1647	113 
1648	22 
1649	237 
1650	285 
1651	222 
1652	258 
1653	14 
1654	167 
1655	159 
1656	235 
1657	104 
1658	147 
1659	93 
1660	166 
1661	131 
1662	26 
1663	54 
1664	213 
1665	38 
1666	300 
1667	44 
1668	168 
1669	79 
1670	205 
1671	121 
1672	302 
1673	279 
1674	222 
1675	272 
1676	2 
1677	64 
1678	73 
1679	237 
1680	218 
1681	286 
1682	283 
1683	164 
1684	54 
1685	75 
1686	254 
1687	9 
1688	63 
1689	289 
1690	275 
1691	228 
1692	120 
1693	204 
1694	26 
1695	33 
1696	115 
1697	164 
1698	44 
1699	243 
1700	177 
1701	170 
1702	167 
1703	185 
1704	204 
1705	121 
1706	237 
1707	45 
1708	145 
1709	303 
1710	85 
1711	87 
1712	306 
1713	90 
1714	202 
1715	264 
1716	5 
1717	294 
1718	130 
1719	112 
1720	278 
1721	175 
1722	257 
1723	79 
1724	23 
1725	275 
1726	122 
1727	88 
1728	136 
1729	293 
1730	37 
1731	100 
1732	128 
1733	304 
1734	58 
1735	243 
1736	34 
1737	89 
1738	101 
1739	207 
1740	50 
1741	125 
1742	252 
1743	229 
1744	221 
1745	225 
1746	276 
1747	262 
1748	67 
1749	153 
1750	269 
1751	307 
1752	87 
1753	176 
1754	192 
1755	279 
1756	29 
1757	48 
1758	180 
1759	242 
1760	147 
1761	261 
1762	164 
1763	10 
1764	166 
1765	32 
1766	249 
1767	115 
1768	167 
1769	255 
1770	144 
1771	109 
1772	164 
1773	163 
1774	49 
1775	66 
1776	227 
1777	169 
1778	34 
1779	170 
1780	43 
1781	305 
1782	62 
1783	274 
1784	253 
1785	39 
1786	171 
1787	132 
1788	137 
1789	168 
1790	75 
1791	165 
1792	21 
1793	90 
1794	79 
1795	194 
1796	182 
1797	258 
1798	243 
1799	71 
1800	291 
1801	132 
1802	27 
1803	188 
1804	173 
1805	232 
1806	36 
1807	255 
1808	45 
1809	9 
1810	251 
1811	207 
1812	98 
1813	105 
1814	94 
1815	249 
1816	53 
1817	91 
1818	174 
1819	228 
1820	39 
1821	217 
1822	108 
1823	119 
1824	137 
1825	273 
1826	165 
1827	199 
1828	250 
1829	304 
1830	45 
1831	184 
1832	290 
1833	181 
1834	195 
1835	168 
1836	153 
1837	120 
1838	250 
1839	72 
1840	2 
1841	167 
1842	68 
1843	256 
1844	25 
1845	270 
1846	145 
1847	32 
1848	297 
1849	143 
1850	180 
1851	200 
1852	8 
1853	33 
1854	21 
1855	19 
1856	239 
1857	188 
1858	146 
1859	128 
1860	185 
1861	37 
1862	284 
1863	195 
1864	88 
1865	85 
1866	86 
1867	121 
1868	165 
1869	16 
1870	206 
1871	127 
1872	43 
1873	131 
1874	23 
1875	17 
1876	151 
1877	251 
1878	297 
1879	32 
1880	34 
1881	38 
1882	208 
1883	50 
1884	19 
1885	120 
1886	133 
1887	81 
1888	148 
1889	305 
1890	200 
1891	288 
1892	290 
1893	200 
1894	236 
1895	224 
1896	262 
1897	22 
1898	276 
1899	211 
1900	232 
1901	99 
1902	63 
1903	269 
1904	277 
1905	33 
1906	28 
1907	119 
1908	110 
1909	181 
1910	273 
1911	266 
1912	297 
1913	87 
1914	224 
1915	124 
1916	81 
1917	72 
1918	155 
1919	183 
1920	25 
1921	294 
1922	282 
1923	208 
1924	240 
1925	134 
1926	14 
1927	179 
1928	149 
1929	267 
1930	26 
1931	79 
1932	181 
1933	91 
1934	213 
1935	37 
1936	113 
1937	164 
1938	283 
1939	35 
1940	201 
1941	53 
1942	199 
1943	13 
1944	151 
1945	81 
1946	64 
1947	246 
1948	40 
1949	101 
1950	10 
1951	39 
1952	85 
1953	75 
1954	222 
1955	15 
1956	31 
1957	1 
1958	171 
1959	19 
1960	289 
1961	21 
1962	133 
1963	10 
1964	93 
1965	241 
1966	210 
1967	101 
1968	300 
1969	123 
1970	9 
1971	99 
1972	223 
1973	173 
1974	51 
1975	182 
1976	42 
1977	68 
1978	16 
1979	287 
1980	176 
1981	102 
1982	16 
1983	53 
1984	230 
1985	102 
1986	41 
1987	109 
1988	64 
1989	7 
1990	7 
1991	147 
1992	239 
1993	300 
1994	269 
1995	224 
1996	137 
1997	262 
1998	251 
1999	161 
2000	232 
2001	264 
2002	230 
2003	277 
2004	128 
2005	49 
2006	164 
2007	71 
2008	121 
2009	193 
2010	118 
2011	217 
2012	69 
2013	9 
2014	235 
2015	290 
2016	131 
2017	128 
2018	27 
2019	275 
2020	51 
2021	42 
2022	67 
2023	122 
2024	256 
2025	301 
2026	241 
2027	135 
2028	138 
2029	144 
2030	231 
2031	78 
2032	269 
2033	174 
2034	239 
2035	99 
2036	35 
2037	10 
2038	299 
2039	120 
2040	99 
2041	267 
2042	12 
2043	305 
2044	214 
2045	104 
2046	62 
2047	264 
2048	37 
2049	115 
2050	208 
2051	57 
2052	173 
2053	142 
2054	244 
2055	288 
2056	257 
2057	25 
2058	26 
2059	148 
2060	146 
2061	285 
2062	245 
2063	70 
2064	59 
2065	158 
2066	13 
2067	53 
2068	57 
2069	155 
2070	67 
2071	13 
2072	225 
2073	234 
2074	240 
2075	274 
2076	131 
2077	80 
2078	204 
2079	297 
2080	72 
2081	255 
2082	140 
2083	266 
2084	154 
2085	180 
2086	117 
2087	118 
2088	19 
2089	94 
2090	237 
2091	263 
2092	126 
2093	4 
2094	75 
2095	169 
2096	286 
2097	127 
2098	276 
2099	130 
2100	53 
2101	147 
2102	122 
2103	141 
2104	124 
2105	71 
2106	233 
2107	121 
2108	262 
2109	1 
2110	291 
2111	187 
2112	75 
2113	116 
2114	50 
2115	289 
2116	87 
2117	138 
2118	28 
2119	170 
2120	281 
2121	27 
2122	138 
2123	198 
2124	109 
2125	100 
2126	44 
2127	203 
2128	25 
2129	55 
2130	96 
2131	271 
2132	293 
2133	166 
2134	13 
2135	22 
2136	170 
2137	147 
2138	162 
2139	277 
2140	95 
2141	32 
2142	105 
2143	34 
2144	38 
2145	38 
2146	58 
2147	177 
2148	84 
2149	223 
2150	227 
2151	35 
2152	237 
2153	213 
2154	69 
2155	127 
2156	6 
2157	180 
2158	116 
2159	93 
2160	254 
2161	87 
2162	160 
2163	169 
2164	205 
2165	178 
2166	138 
2167	139 
2168	108 
2169	131 
2170	59 
2171	184 
2172	10 
2173	45 
2174	261 
2175	68 
2176	50 
2177	205 
2178	71 
2179	290 
2180	283 
2181	132 
2182	207 
2183	46 
2184	115 
2185	113 
2186	286 
2187	26 
2188	126 
2189	3 
2190	302 
2191	141 
2192	6 
2193	182 
2194	177 
2195	208 
2196	180 
2197	210 
2198	227 
2199	187 
2200	215 
2201	204 
2202	265 
2203	236 
2204	25 
2205	217 
2206	116 
2207	90 
2208	230 
2209	88 
2210	111 
2211	103 
2212	186 
2213	195 
2214	27 
2215	278 
2216	3 
2217	295 
2218	276 
2219	131 
2220	291 
2221	227 
2222	301 
2223	86 
2224	222 
2225	203 
2226	198 
2227	46 
2228	82 
2229	99 
2230	170 
2231	274 
2232	221 
2233	211 
2234	59 
2235	7 
2236	265 
2237	258 
2238	112 
2239	124 
2240	117 
2241	154 
2242	233 
2243	146 
2244	198 
2245	170 
2246	179 
2247	168 
2248	109 
2249	242 
2250	32 
2251	34 
2252	140 
2253	180 
2254	259 
2255	296 
2256	57 
2257	193 
2258	53 
2259	135 
2260	217 
2261	204 
2262	190 
2263	132 
2264	10 
2265	255 
2266	45 
2267	241 
2268	231 
2269	230 
2270	11 
2271	18 
2272	179 
2273	237 
2274	18 
2275	298 
2276	79 
2277	176 
2278	38 
2279	207 
2280	39 
2281	183 
2282	283 
2283	141 
2284	76 
2285	275 
2286	179 
2287	281 
2288	262 
2289	68 
2290	236 
2291	230 
2292	236 
2293	161 
2294	86 
2295	94 
2296	23 
2297	167 
2298	196 
2299	48 
2300	37 
2301	40 
2302	64 
2303	134 
2304	116 
2305	57 
2306	75 
2307	249 
2308	285 
2309	307 
2310	67 
2311	215 
2312	52 
2313	90 
2314	166 
2315	85 
2316	304 
2317	278 
2318	5 
2319	209 
2320	140 
2321	12 
2322	273 
2323	250 
2324	57 
2325	39 
2326	132 
2327	284 
2328	51 
2329	62 
2330	188 
2331	188 
2332	161 
2333	237 
2334	25 
2335	87 
2336	198 
2337	167 
2338	8 
2339	85 
2340	129 
2341	27 
2342	269 
2343	120 
2344	34 
2345	136 
2346	206 
2347	207 
2348	40 
2349	268 
2350	142 
2351	41 
2352	306 
2353	248 
2354	251 
2355	211 
2356	177 
2357	300 
2358	96 
2359	11 
2360	3 
2361	252 
2362	129 
2363	239 
2364	46 
2365	45 
2366	68 
2367	9 
2368	159 
2369	97 
2370	90 
2371	60 
2372	111 
2373	272 
2374	223 
2375	259 
2376	80 
2377	105 
2378	108 
2379	257 
2380	198 
2381	100 
2382	53 
2383	45 
2384	10 
2385	300 
2386	193 
2387	128 
2388	258 
2389	88 
2390	29 
2391	8 
2392	273 
2393	86 
2394	174 
2395	99 
2396	288 
2397	95 
2398	296 
2399	99 
2400	202 
2401	21 
2402	84 
2403	254 
2404	55 
2405	53 
2406	217 
2407	191 
2408	149 
2409	19 
2410	132 
2411	231 
2412	235 
2413	286 
2414	28 
2415	156 
2416	110 
2417	307 
2418	257 
2419	30 
2420	38 
2421	60 
2422	222 
2423	117 
2424	107 
2425	33 
2426	103 
2427	295 
2428	300 
2429	265 
2430	296 
2431	236 
2432	226 
2433	74 
2434	235 
2435	216 
2436	267 
2437	298 
2438	242 
2439	55 
2440	83 
2441	81 
2442	128 
2443	68 
2444	24 
2445	133 
2446	203 
2447	36 
2448	100 
2449	41 
2450	204 
2451	262 
2452	219 
2453	16 
2454	295 
2455	89 
2456	189 
2457	34 
2458	185 
2459	100 
2460	1 
2461	282 
2462	191 
2463	60 
2464	78 
2465	149 
2466	197 
2467	298 
2468	48 
2469	72 
2470	246 
2471	120 
2472	227 
2473	193 
2474	279 
2475	2 
2476	121 
2477	191 
2478	181 
2479	78 
2480	239 
2481	242 
2482	234 
2483	20 
2484	20 
2485	285 
2486	263 
2487	7 
2488	172 
2489	155 
2490	129 
2491	115 
2492	115 
2493	302 
2494	303 
2495	175 
2496	98 
2497	64 
2498	273 
2499	167 
2500	50 
2501	224 
2502	68 
2503	280 
2504	164 
2505	72 
2506	104 
2507	115 
2508	23 
2509	209 
2510	208 
2511	153 
2512	187 
2513	256 
2514	69 
2515	122 
2516	63 
2517	300 
2518	52 
2519	69 
2520	75 
2521	301 
2522	185 
2523	54 
2524	119 
2525	262 
2526	166 
2527	296 
2528	112 
2529	122 
2530	87 
2531	89 
2532	47 
2533	140 
2534	28 
2535	11 
2536	265 
2537	274 
2538	33 
2539	201 
2540	280 
2541	9 
2542	68 
2543	136 
2544	49 
2545	235 
2546	132 
2547	125 
2548	242 
2549	43 
2550	43 
2551	286 
2552	118 
2553	214 
2554	190 
2555	47 
2556	224 
2557	203 
2558	49 
2559	76 
2560	138 
2561	244 
2562	194 
2563	194 
2564	163 
2565	197 
2566	243 
2567	17 
2568	80 
2569	1 
2570	292 
2571	113 
2572	260 
2573	207 
2574	119 
2575	230 
2576	148 
2577	204 
2578	161 
2579	239 
2580	302 
2581	27 
2582	71 
2583	284 
2584	133 
2585	90 
2586	158 
2587	304 
2588	151 
2589	127 
2590	3 
2591	241 
2592	272 
2593	50 
2594	291 
2595	4 
2596	15 
2597	109 
2598	214 
2599	266 
2600	5 
2601	80 
2602	119 
2603	223 
2604	165 
2605	4 
2606	138 
2607	8 
2608	181 
2609	53 
2610	258 
2611	45 
2612	194 
2613	198 
2614	97 
2615	205 
2616	41 
2617	29 
2618	173 
2619	279 
2620	43 
2621	190 
2622	133 
2623	261 
2624	249 
2625	39 
2626	78 
2627	147 
2628	110 
2629	34 
2630	38 
2631	108 
2632	270 
2633	290 
2634	141 
2635	48 
2636	73 
2637	93 
2638	164 
2639	242 
2640	48 
2641	164 
2642	80 
2643	194 
2644	23 
2645	197 
2646	132 
2647	104 
2648	78 
2649	190 
2650	198 
2651	52 
2652	247 
2653	80 
2654	243 
2655	160 
2656	170 
2657	289 
2658	69 
2659	130 
2660	6 
2661	273 
2662	6 
2663	112 
2664	72 
2665	13 
2666	28 
2667	163 
2668	193 
2669	298 
2670	131 
2671	249 
2672	214 
2673	213 
2674	290 
2675	165 
2676	28 
2677	299 
2678	193 
2679	139 
2680	57 
2681	182 
2682	53 
2683	302 
2684	290 
2685	227 
2686	171 
2687	210 
2688	204 
2689	145 
2690	208 
2691	291 
2692	75 
2693	104 
2694	257 
2695	172 
2696	164 
2697	123 
2698	304 
2699	82 
2700	65 
2701	136 
2702	52 
2703	288 
2704	244 
2705	202 
2706	105 
2707	125 
2708	167 
2709	155 
2710	131 
2711	88 
2712	297 
2713	55 
2714	75 
2715	189 
2716	147 
2717	60 
2718	305 
2719	148 
2720	256 
2721	223 
2722	225 
2723	41 
2724	143 
2725	303 
2726	87 
2727	95 
2728	265 
2729	137 
2730	266 
2731	57 
2732	185 
2733	178 
2734	65 
2735	119 
2736	247 
2737	242 
2738	258 
2739	256 
2740	272 
2741	231 
2742	258 
2743	74 
2744	205 
2745	226 
2746	103 
2747	135 
2748	134 
2749	291 
2750	305 
2751	26 
2752	188 
2753	61 
2754	169 
2755	104 
2756	177 
2757	4 
2758	86 
2759	94 
2760	73 
2761	206 
2762	48 
2763	38 
2764	180 
2765	81 
2766	47 
2767	267 
2768	47 
2769	6 
2770	246 
2771	251 
2772	280 
2773	216 
2774	234 
2775	168 
2776	119 
2777	95 
2778	130 
2779	115 
2780	75 
2781	253 
2782	25 
2783	244 
2784	150 
2785	125 
2786	33 
2787	129 
2788	50 
2789	234 
2790	114 
2791	217 
2792	279 
2793	79 
2794	51 
2795	12 
2796	199 
2797	193 
2798	60 
2799	21 
2800	221 
2801	245 
2802	294 
2803	150 
2804	224 
2805	21 
2806	234 
2807	178 
2808	279 
2809	233 
2810	143 
2811	271 
2812	170 
2813	143 
2814	225 
2815	193 
2816	98 
2817	36 
2818	121 
2819	106 
2820	247 
2821	6 
2822	214 
2823	302 
2824	121 
2825	24 
2826	138 
2827	269 
2828	303 
2829	75 
2830	266 
2831	297 
2832	197 
2833	198 
2834	270 
2835	277 
2836	151 
2837	59 
2838	66 
2839	49 
2840	65 
2841	203 
2842	258 
2843	202 
2844	71 
2845	277 
2846	157 
2847	128 
2848	89 
2849	20 
2850	148 
2851	52 
2852	239 
2853	287 
2854	128 
2855	222 
2856	195 
2857	51 
2858	211 
2859	164 
2860	268 
2861	303 
2862	117 
2863	64 
2864	245 
2865	225 
2866	22 
2867	121 
2868	302 
2869	238 
2870	18 
2871	92 
2872	156 
2873	11 
2874	138 
2875	168 
2876	89 
2877	177 
2878	227 
2879	175 
2880	146 
2881	173 
2882	228 
2883	130 
2884	249 
2885	164 
2886	276 
2887	247 
2888	226 
2889	119 
2890	118 
2891	199 
2892	245 
2893	1 
2894	190 
2895	115 
2896	72 
2897	145 
2898	48 
2899	130 
2900	225 
2901	264 
2902	221 
2903	219 
2904	101 
2905	134 
2906	227 
2907	264 
2908	103 
2909	33 
2910	156 
2911	105 
2912	171 
2913	78 
2914	88 
2915	70 
2916	76 
2917	44 
2918	26 
2919	222 
2920	86 
2921	146 
2922	207 
2923	158 
2924	241 
2925	9 
2926	160 
2927	22 
2928	126 
2929	115 
2930	65 
2931	151 
2932	133 
2933	113 
2934	260 
2935	204 
2936	118 
2937	265 
2938	5 
2939	64 
2940	181 
2941	126 
2942	89 
2943	82 
2944	56 
2945	15 
2946	85 
2947	113 
2948	243 
2949	115 
2950	27 
2951	57 
2952	265 
2953	171 
2954	260 
2955	228 
2956	295 
2957	90 
2958	202 
2959	249 
2960	239 
2961	6 
2962	194 
2963	110 
2964	43 
2965	25 
2966	109 
2967	145 
2968	5 
2969	57 
2970	233 
2971	209 
2972	206 
2973	175 
2974	252 
2975	128 
2976	183 
2977	118 
2978	184 
2979	177 
2980	304 
2981	127 
2982	122 
2983	106 
2984	76 
2985	198 
2986	26 
2987	21 
2988	275 
2989	143 
2990	153 
2991	41 
2992	141 
2993	302 
2994	232 
2995	87 
2996	190 
2997	91 
2998	228 
2999	214 
3000	155 
3001	297 
3002	85 
3003	175 
3004	143 
3005	213 
3006	287 
3007	208 
3008	102 
3009	95 
3010	168 
3011	264 
3012	219 
3013	226 
3014	66 
3015	84 
3016	13 
3017	112 
3018	40 
3019	307 
3020	56 
3021	74 
3022	42 
3023	196 
3024	282 
3025	41 
3026	28 
3027	155 
3028	124 
3029	259 
3030	211 
3031	175 
3032	127 
3033	61 
3034	140 
3035	223 
3036	98 
3037	25 
3038	225 
3039	80 
3040	125 
3041	234 
3042	74 
3043	276 
3044	224 
3045	223 
3046	12 
3047	203 
3048	190 
3049	283 
3050	214 
3051	294 
3052	18 
3053	49 
3054	287 
3055	270 
3056	243 
3057	231 
3058	32 
3059	94 
3060	10 
3061	197 
3062	188 
3063	304 
3064	302 
3065	146 
3066	250 
3067	198 
3068	175 
3069	125 
3070	62 
3071	16 
3072	118 
3073	199 
3074	283 
3075	148 
3076	175 
3077	25 
3078	257 
3079	100 
3080	266 
3081	113 
3082	7 
3083	120 
3084	126 
3085	262 
3086	237 
3087	230 
3088	186 
3089	203 
3090	202 
3091	196 
3092	100 
3093	108 
3094	116 
3095	153 
3096	243 
3097	133 
3098	266 
3099	290 
3100	136 
3101	205 
3102	230 
3103	225 
3104	60 
3105	133 
3106	287 
3107	173 
3108	97 
3109	103 
3110	10 
3111	257 
3112	268 
3113	160 
3114	292 
3115	227 
3116	143 
3117	294 
3118	269 
3119	8 
3120	232 
3121	81 
3122	234 
3123	161 
3124	153 
3125	281 
3126	200 
3127	136 
3128	57 
3129	291 
3130	169 
3131	294 
3132	194 
3133	151 
3134	211 
3135	193 
3136	257 
3137	161 
3138	20 
3139	217 
3140	200 
3141	41 
3142	241 
3143	260 
3144	227 
3145	113 
3146	39 
3147	20 
3148	214 
3149	75 
3150	222 
3151	187 
3152	224 
3153	165 
3154	38 
3155	213 
3156	248 
3157	203 
3158	119 
3159	161 
3160	136 
3161	165 
3162	158 
3163	132 
3164	196 
3165	129 
3166	148 
3167	104 
3168	274 
3169	49 
3170	278 
3171	137 
3172	260 
3173	221 
3174	51 
3175	65 
3176	49 
3177	221 
3178	130 
3179	212 
3180	26 
3181	29 
3182	123 
3183	210 
3184	164 
3185	306 
3186	143 
3187	137 
3188	232 
3189	205 
3190	114 
3191	179 
3192	235 
3193	224 
3194	181 
3195	90 
3196	114 
3197	242 
3198	78 
3199	287 
3200	19 
3201	45 
3202	272 
3203	276 
3204	197 
3205	69 
3206	258 
3207	267 
3208	250 
3209	81 
3210	24 
3211	290 
3212	112 
3213	29 
3214	16 
3215	72 
3216	88 
3217	212 
3218	155 
3219	67 
3220	159 
3221	137 
3222	222 
3223	85 
3224	283 
3225	226 
3226	211 
3227	101 
3228	2 
3229	100 
3230	282 
3231	75 
3232	67 
3233	246 
3234	240 
3235	281 
3236	257 
3237	152 
3238	254 
3239	270 
3240	103 
3241	46 
3242	207 
3243	138 
3244	249 
3245	74 
3246	201 
3247	291 
3248	64 
3249	82 
3250	213 
3251	5 
3252	215 
3253	133 
3254	172 
3255	303 
3256	78 
3257	29 
3258	279 
3259	290 
3260	17 
3261	283 
3262	270 
3263	164 
3264	98 
3265	57 
3266	193 
3267	147 
3268	279 
3269	119 
3270	244 
3271	287 
3272	115 
3273	38 
3274	276 
3275	193 
3276	266 
3277	42 
3278	255 
3279	4 
3280	279 
3281	49 
3282	18 
3283	102 
3284	230 
3285	54 
3286	218 
3287	48 
3288	194 
3289	298 
3290	32 
3291	181 
3292	191 
3293	219 
3294	247 
3295	31 
3296	236 
3297	162 
3298	223 
3299	289 
3300	141 
3301	190 
3302	57 
3303	199 
3304	180 
3305	94 
3306	248 
3307	73 
3308	273 
3309	229 
3310	302 
3311	40 
3312	232 
3313	265 
3314	136 
3315	158 
3316	72 
3317	71 
3318	105 
3319	170 
3320	88 
3321	257 
3322	182 
3323	199 
3324	66 
3325	292 
3326	249 
3327	254 
3328	59 
3329	158 
3330	145 
3331	169 
3332	35 
3333	177 
3334	10 
3335	269 
3336	271 
3337	195 
3338	244 
3339	111 
3340	45 
3341	116 
3342	16 
3343	83 
3344	230 
3345	116 
3346	55 
3347	75 
3348	115 
3349	242 
3350	49 
3351	39 
3352	20 
3353	45 
3354	282 
3355	120 
3356	112 
3357	250 
3358	52 
3359	4 
3360	184 
3361	51 
3362	186 
3363	91 
3364	221 
3365	71 
3366	258 
3367	195 
3368	302 
3369	129 
3370	113 
3371	255 
3372	280 
3373	80 
3374	68 
3375	34 
3376	243 
3377	157 
3378	268 
3379	79 
3380	95 
3381	50 
3382	116 
3383	10 
3384	202 
3385	253 
3386	61 
3387	304 
3388	194 
3389	234 
3390	169 
3391	228 
3392	198 
3393	162 
3394	230 
3395	143 
3396	118 
3397	69 
3398	280 
3399	159 
3400	87 
3401	216 
3402	143 
3403	184 
3404	67 
3405	279 
3406	163 
3407	53 
3408	28 
3409	26 
3410	36 
3411	10 
3412	209 
3413	230 
3414	174 
3415	99 
3416	242 
3417	9 
3418	232 
3419	188 
3420	143 
3421	213 
3422	150 
3423	175 
3424	246 
3425	276 
3426	215 
3427	47 
3428	114 
3429	87 
3430	17 
3431	252 
3432	4 
3433	186 
3434	33 
3435	240 
3436	292 
3437	13 
3438	17 
3439	90 
3440	33 
3441	297 
3442	79 
3443	10 
3444	192 
3445	51 
3446	276 
3447	289 
3448	214 
3449	230 
3450	102 
3451	51 
3452	243 
3453	128 
3454	44 
3455	199 
3456	245 
3457	48 
3458	193 
3459	29 
3460	57 
3461	48 
3462	272 
3463	28 
3464	286 
3465	47 
3466	280 
3467	154 
3468	65 
3469	219 
3470	129 
3471	25 
3472	151 
3473	55 
3474	24 
3475	156 
3476	286 
3477	121 
3478	226 
3479	257 
3480	254 
3481	117 
3482	277 
3483	5 
3484	246 
3485	237 
3486	115 
3487	117 
3488	188 
3489	55 
3490	303 
3491	307 
3492	46 
3493	24 
3494	8 
3495	240 
3496	165 
3497	72 
3498	268 
3499	62 
3500	136 
3501	16 
3502	148 
3503	265 
3504	26 
3505	103 
3506	118 
3507	21 
3508	71 
3509	200 
3510	1 
3511	58 
3512	80 
3513	289 
3514	53 
3515	21 
3516	196 
3517	85 
3518	186 
3519	192 
3520	72 
3521	191 
3522	3 
3523	6 
3524	93 
3525	298 
3526	225 
3527	118 
3528	93 
3529	54 
3530	121 
3531	85 
3532	162 
3533	4 
3534	33 
3535	212 
3536	243 
3537	35 
3538	185 
3539	21 
3540	133 
3541	270 
3542	290 
3543	53 
3544	137 
3545	42 
3546	10 
3547	279 
3548	106 
3549	68 
3550	276 
3551	122 
3552	18 
3553	4 
3554	180 
3555	69 
3556	279 
3557	234 
3558	297 
3559	49 
3560	116 
3561	138 
3562	107 
3563	304 
3564	262 
3565	160 
3566	255 
3567	49 
3568	169 
3569	33 
3570	107 
3571	126 
3572	241 
3573	40 
3574	89 
3575	73 
3576	63 
3577	86 
3578	205 
3579	205 
3580	300 
3581	196 
3582	42 
3583	162 
3584	255 
3585	18 
3586	150 
3587	139 
3588	109 
3589	29 
3590	165 
3591	107 
3592	19 
3593	91 
3594	37 
3595	295 
3596	118 
3597	237 
3598	217 
3599	225 
3600	148 
3601	95 
3602	144 
3603	79 
3604	163 
3605	168 
3606	178 
3607	177 
3608	148 
3609	194 
3610	62 
3611	126 
3612	212 
3613	127 
3614	171 
3615	23 
3616	199 
3617	65 
3618	24 
3619	272 
3620	33 
3621	286 
3622	224 
3623	185 
3624	111 
3625	26 
3626	78 
3627	27 
3628	41 
3629	232 
3630	158 
3631	249 
3632	253 
3633	130 
3634	32 
3635	87 
3636	114 
3637	191 
3638	45 
3639	264 
3640	103 
3641	159 
3642	132 
3643	64 
3644	101 
3645	210 
3646	181 
3647	232 
3648	176 
3649	94 
3650	175 
3651	53 
3652	194 
3653	250 
3654	268 
3655	134 
3656	282 
3657	185 
3658	188 
3659	64 
3660	198 
3661	37 
3662	24 
3663	77 
3664	243 
3665	233 
3666	299 
3667	110 
3668	174 
3669	55 
3670	290 
3671	12 
3672	222 
3673	45 
3674	246 
3675	30 
3676	58 
3677	278 
3678	47 
3679	77 
3680	52 
3681	241 
3682	230 
3683	181 
3684	199 
3685	14 
3686	225 
3687	280 
3688	122 
3689	119 
3690	129 
3691	32 
3692	270 
3693	204 
3694	160 
3695	113 
3696	70 
3697	129 
3698	27 
3699	85 
3700	199 
3701	118 
3702	232 
3703	106 
3704	171 
3705	301 
3706	13 
3707	247 
3708	133 
3709	68 
3710	184 
3711	83 
3712	116 
3713	93 
3714	8 
3715	205 
3716	147 
3717	41 
3718	198 
3719	281 
3720	302 
3721	295 
3722	116 
3723	212 
3724	11 
3725	224 
3726	201 
3727	144 
3728	105 
3729	174 
3730	188 
3731	118 
3732	108 
3733	258 
3734	1 
3735	166 
3736	307 
3737	298 
3738	272 
3739	35 
3740	136 
3741	28 
3742	160 
3743	162 
3744	141 
3745	265 
3746	286 
3747	55 
3748	305 
3749	109 
3750	98 
3751	231 
3752	305 
3753	248 
3754	32 
3755	45 
3756	211 
3757	291 
3758	59 
3759	144 
3760	246 
3761	63 
3762	286 
3763	220 
3764	110 
3765	306 
3766	206 
3767	98 
3768	290 
3769	124 
3770	60 
3771	91 
3772	38 
3773	172 
3774	116 
3775	143 
3776	64 
3777	89 
3778	132 
3779	88 
3780	215 
3781	136 
3782	284 
3783	244 
3784	290 
3785	42 
3786	272 
3787	43 
3788	191 
3789	116 
3790	34 
3791	222 
3792	296 
3793	266 
3794	188 
3795	13 
3796	200 
3797	43 
3798	2 
3799	131 
3800	47 
3801	231 
3802	224 
3803	72 
3804	29 
3805	205 
3806	45 
3807	105 
3808	26 
3809	212 
3810	151 
3811	139 
3812	49 
3813	88 
3814	184 
3815	187 
3816	141 
3817	234 
3818	148 
3819	75 
3820	100 
3821	127 
3822	39 
3823	58 
3824	12 
3825	56 
3826	13 
3827	67 
3828	143 
3829	247 
3830	74 
3831	76 
3832	189 
3833	112 
3834	282 
3835	141 
3836	11 
3837	192 
3838	273 
3839	247 
3840	21 
3841	113 
3842	137 
3843	239 
3844	78 
3845	85 
3846	274 
3847	54 
3848	13 
3849	238 
3850	138 
3851	188 
3852	114 
3853	264 
3854	212 
3855	78 
3856	4 
3857	55 
3858	180 
3859	140 
3860	55 
3861	41 
3862	75 
3863	136 
3864	234 
3865	35 
3866	185 
3867	200 
3868	108 
3869	39 
3870	41 
3871	180 
3872	41 
3873	201 
3874	171 
3875	81 
3876	254 
3877	27 
3878	160 
3879	108 
3880	257 
3881	262 
3882	188 
3883	69 
3884	232 
3885	61 
3886	276 
3887	268 
3888	254 
3889	184 
3890	142 
3891	228 
3892	273 
3893	77 
3894	146 
3895	119 
3896	215 
3897	222 
3898	26 
3899	190 
3900	46 
3901	131 
3902	306 
3903	25 
3904	10 
3905	44 
3906	216 
3907	268 
3908	27 
3909	209 
3910	258 
3911	278 
3912	241 
3913	116 
3914	217 
3915	80 
3916	132 
3917	164 
3918	118 
3919	291 
3920	29 
3921	157 
3922	85 
3923	47 
3924	5 
3925	36 
3926	214 
3927	8 
3928	267 
3929	216 
3930	221 
3931	62 
3932	249 
3933	239 
3934	213 
3935	8 
3936	170 
3937	248 
3938	234 
3939	222 
3940	135 
3941	41 
3942	10 
3943	265 
3944	216 
3945	94 
3946	84 
3947	242 
3948	111 
3949	60 
3950	224 
3951	134 
3952	275 
3953	288 
3954	146 
3955	86 
3956	113 
3957	128 
3958	240 
3959	297 
3960	53 
3961	258 
3962	193 
3963	124 
3964	121 
3965	85 
3966	227 
3967	265 
3968	98 
3969	213 
3970	276 
3971	223 
3972	39 
3973	282 
3974	259 
3975	191 
3976	4 
3977	249 
3978	59 
3979	215 
3980	11 
3981	226 
3982	41 
3983	195 
3984	272 
3985	222 
3986	211 
3987	118 
3988	184 
3989	12 
3990	206 
3991	164 
3992	9 
3993	8 
3994	21 
3995	82 
3996	205 
3997	200 
3998	174 
3999	262 
4000	283 
4001	176 
4002	37 
4003	119 
4004	205 
4005	212 
4006	189 
4007	142 
4008	70 
4009	202 
4010	157 
4011	235 
4012	170 
4013	261 
4014	157 
4015	193 
4016	67 
4017	65 
4018	15 
4019	106 
4020	10 
4021	304 
4022	3 
4023	182 
4024	304 
4025	215 
4026	242 
4027	287 
4028	222 
4029	299 
4030	192 
4031	229 
4032	52 
4033	124 
4034	61 
4035	124 
4036	141 
4037	305 
4038	40 
4039	215 
4040	120 
4041	288 
4042	35 
4043	306 
4044	5 
4045	104 
4046	84 
4047	174 
4048	144 
4049	7 
4050	2 
4051	86 
4052	188 
4053	262 
4054	195 
4055	257 
4056	45 
4057	91 
4058	47 
4059	281 
4060	38 
4061	289 
4062	51 
4063	212 
4064	130 
4065	33 
4066	120 
4067	276 
4068	100 
4069	152 
4070	198 
4071	303 
4072	27 
4073	155 
4074	210 
4075	298 
4076	196 
4077	78 
4078	80 
4079	290 
4080	33 
4081	12 
4082	252 
4083	6 
4084	276 
4085	286 
4086	46 
4087	109 
4088	78 
4089	184 
4090	297 
4091	186 
4092	206 
4093	303 
4094	220 
4095	43 
4096	99 
4097	63 
4098	111 
4099	196 
4100	226 
4101	15 
4102	159 
4103	199 
4104	306 
4105	299 
4106	238 
4107	138 
4108	111 
4109	252 
4110	115 
4111	98 
4112	44 
4113	220 
4114	15 
4115	27 
4116	279 
4117	230 
4118	258 
4119	174 
4120	27 
4121	280 
4122	188 
4123	29 
4124	222 
4125	141 
4126	215 
4127	162 
4128	262 
4129	141 
4130	157 
4131	110 
4132	57 
4133	257 
4134	236 
4135	199 
4136	228 
4137	215 
4138	287 
4139	192 
4140	34 
4141	245 
4142	24 
4143	227 
4144	37 
4145	11 
4146	16 
4147	5 
4148	244 
4149	182 
4150	91 
4151	211 
4152	292 
4153	158 
4154	120 
4155	216 
4156	274 
4157	262 
4158	19 
4159	73 
4160	277 
4161	9 
4162	183 
4163	230 
4164	62 
4165	67 
4166	23 
4167	171 
4168	151 
4169	129 
4170	305 
4171	25 
4172	81 
4173	145 
4174	107 
4175	66 
4176	288 
4177	268 
4178	260 
4179	6 
4180	229 
4181	104 
4182	218 
4183	223 
4184	213 
4185	255 
4186	173 
4187	224 
4188	57 
4189	163 
4190	213 
4191	30 
4192	251 
4193	135 
4194	166 
4195	49 
4196	251 
4197	32 
4198	2 
4199	168 
4200	134 
4201	276 
4202	120 
4203	204 
4204	134 
4205	173 
4206	303 
4207	34 
4208	219 
4209	98 
4210	88 
4211	111 
4212	183 
4213	8 
4214	16 
4215	157 
4216	292 
4217	88 
4218	128 
4219	70 
4220	48 
4221	128 
4222	279 
4223	128 
4224	136 
4225	151 
4226	195 
4227	33 
4228	259 
4229	215 
4230	222 
4231	119 
4232	171 
4233	119 
4234	225 
4235	212 
4236	289 
4237	151 
4238	290 
4239	82 
4240	134 
4241	169 
4242	270 
4243	238 
4244	172 
4245	197 
4246	154 
4247	36 
4248	261 
4249	79 
4250	246 
4251	139 
4252	168 
4253	263 
4254	151 
4255	71 
4256	33 
4257	41 
4258	153 
4259	101 
4260	264 
4261	182 
4262	237 
4263	120 
4264	274 
4265	158 
4266	131 
4267	301 
4268	15 
4269	156 
4270	159 
4271	282 
4272	43 
4273	190 
4274	91 
4275	60 
4276	55 
4277	157 
4278	16 
4279	295 
4280	279 
4281	52 
4282	211 
4283	222 
4284	45 
4285	232 
4286	254 
4287	289 
4288	240 
4289	151 
4290	162 
4291	249 
4292	155 
4293	21 
4294	261 
4295	289 
4296	304 
4297	103 
4298	201 
4299	106 
4300	128 
4301	35 
4302	116 
4303	262 
4304	202 
4305	31 
4306	130 
4307	64 
4308	88 
4309	9 
4310	81 
4311	124 
4312	31 
4313	40 
4314	134 
4315	160 
4316	123 
4317	194 
4318	148 
4319	176 
4320	14 
4321	243 
4322	253 
4323	79 
4324	215 
4325	30 
4326	268 
4327	167 
4328	52 
4329	269 
4330	274 
4331	192 
4332	157 
4333	279 
4334	302 
4335	27 
4336	157 
4337	189 
4338	31 
4339	233 
4340	182 
4341	294 
4342	253 
4343	4 
4344	191 
4345	42 
4346	106 
4347	271 
4348	5 
4349	251 
4350	45 
4351	229 
4352	83 
4353	206 
4354	90 
4355	180 
4356	158 
4357	202 
4358	121 
4359	58 
4360	254 
4361	134 
4362	304 
4363	34 
4364	201 
4365	239 
4366	240 
4367	175 
4368	153 
4369	187 
4370	170 
4371	138 
4372	267 
4373	164 
4374	25 
4375	102 
4376	147 
4377	115 
4378	291 
4379	236 
4380	18 
4381	83 
4382	224 
4383	275 
4384	255 
4385	148 
4386	103 
4387	1 
4388	249 
4389	255 
4390	182 
4391	59 
4392	151 
4393	36 
4394	168 
4395	163 
4396	245 
4397	149 
4398	137 
4399	199 
4400	266 
4401	143 
4402	260 
4403	183 
4404	37 
4405	187 
4406	202 
4407	50 
4408	114 
4409	15 
4410	110 
4411	256 
4412	43 
4413	212 
4414	274 
4415	100 
4416	128 
4417	109 
4418	78 
4419	11 
4420	279 
4421	4 
4422	67 
4423	241 
4424	56 
4425	215 
4426	100 
4427	215 
4428	280 
4429	179 
4430	51 
4431	125 
4432	257 
4433	41 
4434	171 
4435	76 
4436	37 
4437	180 
4438	251 
4439	54 
4440	153 
4441	12 
4442	20 
4443	131 
4444	106 
4445	141 
4446	266 
4447	58 
4448	214 
4449	110 
4450	4 
4451	90 
4452	227 
4453	109 
4454	184 
4455	257 
4456	293 
4457	298 
4458	219 
4459	54 
4460	49 
4461	234 
4462	246 
4463	3 
4464	9 
4465	32 
4466	220 
4467	133 
4468	261 
4469	234 
4470	275 
4471	143 
4472	262 
4473	12 
4474	135 
4475	222 
4476	29 
4477	90 
4478	255 
4479	171 
4480	115 
4481	69 
4482	71 
4483	45 
4484	9 
4485	151 
4486	249 
4487	97 
4488	276 
4489	56 
4490	173 
4491	143 
4492	159 
4493	33 
4494	237 
4495	49 
4496	70 
4497	159 
4498	234 
4499	162 
4500	116 
4501	18 
4502	9 
4503	176 
4504	56 
4505	233 
4506	306 
4507	160 
4508	215 
4509	218 
4510	303 
4511	32 
4512	165 
4513	97 
4514	304 
4515	176 
4516	75 
4517	181 
4518	26 
4519	57 
4520	242 
4521	113 
4522	72 
4523	296 
4524	123 
4525	113 
4526	39 
4527	205 
4528	201 
4529	110 
4530	27 
4531	10 
4532	239 
4533	6 
4534	171 
4535	262 
4536	182 
4537	246 
4538	221 
4539	167 
4540	221 
4541	218 
4542	146 
4543	131 
4544	8 
4545	67 
4546	2 
4547	137 
4548	137 
4549	268 
4550	42 
4551	199 
4552	174 
4553	238 
4554	95 
4555	1 
4556	25 
4557	74 
4558	20 
4559	199 
4560	189 
4561	84 
4562	267 
4563	160 
4564	171 
4565	39 
4566	83 
4567	4 
4568	39 
4569	264 
4570	8 
4571	191 
4572	289 
4573	105 
4574	73 
4575	153 
4576	130 
4577	273 
4578	95 
4579	43 
4580	121 
4581	266 
4582	103 
4583	65 
4584	119 
4585	222 
4586	197 
4587	107 
4588	151 
4589	122 
4590	260 
4591	54 
4592	172 
4593	192 
4594	257 
4595	228 
4596	55 
4597	184 
4598	124 
4599	188 
4600	21 
4601	235 
4602	88 
4603	123 
4604	27 
4605	24 
4606	58 
4607	272 
4608	74 
4609	20 
4610	189 
4611	295 
4612	65 
4613	276 
4614	291 
4615	131 
4616	117 
4617	34 
4618	34 
4619	282 
4620	16 
4621	292 
4622	120 
4623	298 
4624	10 
4625	67 
4626	289 
4627	307 
4628	95 
4629	120 
4630	166 
4631	19 
4632	285 
4633	265 
4634	268 
4635	57 
4636	289 
4637	148 
4638	176 
4639	198 
4640	39 
4641	136 
4642	15 
4643	194 
4644	220 
4645	223 
4646	182 
4647	136 
4648	240 
4649	167 
4650	53 
4651	139 
4652	156 
4653	11 
4654	174 
4655	117 
4656	283 
4657	188 
4658	21 
4659	198 
4660	290 
4661	151 
4662	87 
4663	9 
4664	71 
4665	47 
4666	137 
4667	214 
4668	301 
4669	12 
4670	48 
4671	261 
4672	45 
4673	123 
4674	225 
4675	250 
4676	285 
4677	198 
4678	85 
4679	25 
4680	137 
4681	206 
4682	245 
4683	271 
4684	200 
4685	272 
4686	112 
4687	267 
4688	204 
4689	30 
4690	46 
4691	25 
4692	143 
4693	216 
4694	60 
4695	210 
4696	200 
4697	110 
4698	118 
4699	207 
4700	249 
4701	95 
4702	289 
4703	128 
4704	41 
4705	272 
4706	61 
4707	207 
4708	169 
4709	11 
4710	184 
4711	106 
4712	10 
4713	2 
4714	130 
4715	75 
4716	302 
4717	115 
4718	16 
4719	293 
4720	200 
4721	259 
4722	7 
4723	280 
4724	141 
4725	288 
4726	205 
4727	45 
4728	137 
4729	296 
4730	4 
4731	65 
4732	159 
4733	229 
4734	81 
4735	224 
4736	67 
4737	194 
4738	9 
4739	87 
4740	146 
4741	168 
4742	298 
4743	108 
4744	261 
4745	184 
4746	45 
4747	40 
4748	62 
4749	307 
4750	53 
4751	18 
4752	123 
4753	294 
4754	186 
4755	307 
4756	137 
4757	170 
4758	229 
4759	215 
4760	211 
4761	89 
4762	306 
4763	303 
4764	105 
4765	173 
4766	150 
4767	146 
4768	300 
4769	273 
4770	132 
4771	193 
4772	128 
4773	35 
4774	70 
4775	190 
4776	103 
4777	28 
4778	10 
4779	224 
4780	88 
4781	47 
4782	39 
4783	59 
4784	132 
4785	8 
4786	293 
4787	278 
4788	281 
4789	230 
4790	280 
4791	49 
4792	224 
4793	98 
4794	171 
4795	7 
4796	267 
4797	251 
4798	170 
4799	303 
4800	256 
4801	174 
4802	211 
4803	252 
4804	21 
4805	42 
4806	17 
4807	79 
4808	298 
4809	244 
4810	60 
4811	160 
4812	47 
4813	118 
4814	38 
4815	64 
4816	42 
4817	272 
4818	239 
4819	139 
4820	166 
4821	246 
4822	17 
4823	99 
4824	159 
4825	108 
4826	297 
4827	295 
4828	173 
4829	191 
4830	155 
4831	218 
4832	205 
4833	61 
4834	156 
4835	71 
4836	266 
4837	142 
4838	269 
4839	98 
4840	230 
4841	77 
4842	92 
4843	287 
4844	273 
4845	244 
4846	217 
4847	19 
4848	195 
4849	272 
4850	223 
4851	99 
4852	270 
4853	286 
4854	218 
4855	19 
4856	307 
4857	217 
4858	218 
4859	61 
4860	268 
4861	132 
4862	37 
4863	176 
4864	141 
4865	120 
4866	150 
4867	34 
4868	86 
4869	107 
4870	30 
4871	253 
4872	72 
4873	62 
4874	117 
4875	211 
4876	127 
4877	133 
4878	10 
4879	13 
4880	263 
4881	207 
4882	225 
4883	44 
4884	257 
4885	148 
4886	72 
4887	128 
4888	87 
4889	37 
4890	103 
4891	63 
4892	193 
4893	266 
4894	218 
4895	41 
4896	160 
4897	141 
4898	241 
4899	99 
4900	121 
4901	81 
4902	154 
4903	148 
4904	26 
4905	185 
4906	63 
4907	81 
4908	266 
4909	307 
4910	52 
4911	155 
4912	129 
4913	137 
4914	138 
4915	250 
4916	224 
4917	195 
4918	268 
4919	301 
4920	180 
4921	171 
4922	291 
4923	121 
4924	104 
4925	35 
4926	288 
4927	197 
4928	138 
4929	94 
4930	9 
4931	36 
4932	230 
4933	201 
4934	163 
4935	136 
4936	248 
4937	204 
4938	128 
4939	27 
4940	27 
4941	237 
4942	176 
4943	74 
4944	290 
4945	194 
4946	232 
4947	279 
4948	302 
4949	257 
4950	59 
4951	242 
4952	225 
4953	164 
4954	16 
4955	26 
4956	302 
4957	229 
4958	219 
4959	90 
4960	16 
4961	215 
4962	54 
4963	114 
4964	152 
4965	115 
4966	136 
4967	241 
4968	182 
4969	247 
4970	137 
4971	32 
4972	151 
4973	109 
4974	251 
4975	221 
4976	136 
4977	203 
4978	276 
4979	60 
4980	235 
4981	228 
4982	174 
4983	168 
4984	45 
4985	93 
4986	40 
4987	113 
4988	196 
4989	190 
4990	253 
4991	291 
4992	203 
4993	227 
4994	204 
4995	117 
4996	249 
4997	108 
4998	121 
4999	154 
5000	105 
5001	193 
5002	50 
5003	166 
5004	25 
5005	51 
5006	181 
5007	110 
5008	112 
5009	194 
5010	207 
5011	271 
5012	67 
5013	200 
5014	263 
5015	290 
5016	7 
5017	103 
5018	121 
5019	303 
5020	291 
5021	235 
5022	48 
5023	206 
5024	236 
5025	1 
5026	236 
5027	107 
5028	90 
5029	156 
5030	78 
5031	280 
5032	198 
5033	86 
5034	227 
5035	219 
5036	157 
5037	62 
5038	251 
5039	239 
5040	286 
5041	286 
5042	240 
5043	193 
5044	14 
5045	84 
5046	290 
5047	198 
5048	146 
5049	151 
5050	13 
5051	259 
5052	228 
5053	79 
5054	84 
5055	262 
5056	262 
5057	206 
5058	117 
5059	64 
5060	75 
5061	81 
5062	220 
5063	34 
5064	255 
5065	268 
5066	301 
5067	272 
5068	16 
5069	26 
5070	173 
5071	85 
5072	203 
5073	162 
5074	303 
5075	205 
5076	115 
5077	200 
5078	23 
5079	251 
5080	149 
5081	79 
5082	174 
5083	167 
5084	306 
5085	226 
5086	164 
5087	93 
5088	129 
5089	291 
5090	227 
5091	63 
5092	153 
5093	38 
5094	2 
5095	52 
5096	227 
5097	15 
5098	113 
5099	222 
5100	95 
5101	3 
5102	90 
5103	297 
5104	144 
5105	253 
5106	57 
5107	29 
5108	202 
5109	25 
5110	2 
5111	1 
5112	259 
5113	28 
5114	173 
5115	265 
5116	173 
5117	106 
5118	292 
5119	242 
5120	51 
5121	141 
5122	202 
5123	224 
5124	202 
5125	53 
5126	45 
5127	60 
5128	131 
5129	138 
5130	161 
5131	125 
5132	160 
5133	291 
5134	171 
5135	225 
5136	104 
5137	43 
5138	144 
5139	296 
5140	238 
5141	153 
5142	227 
5143	212 
5144	42 
5145	33 
5146	173 
5147	162 
5148	65 
5149	252 
5150	152 
5151	293 
5152	195 
5153	45 
5154	207 
5155	215 
5156	72 
5157	33 
5158	125 
5159	233 
5160	180 
5161	213 
5162	226 
5163	36 
5164	32 
5165	9 
5166	112 
5167	109 
5168	179 
5169	106 
5170	223 
5171	131 
5172	149 
5173	298 
5174	174 
5175	147 
5176	221 
5177	101 
5178	298 
5179	82 
5180	227 
5181	109 
5182	223 
5183	258 
5184	280 
5185	129 
5186	96 
5187	91 
5188	289 
5189	283 
5190	233 
5191	268 
5192	33 
5193	257 
5194	135 
5195	52 
5196	151 
5197	43 
5198	231 
5199	148 
5200	52 
5201	143 
5202	207 
5203	162 
5204	167 
5205	75 
5206	11 
5207	72 
5208	156 
5209	291 
5210	245 
5211	119 
5212	86 
5213	28 
5214	72 
5215	77 
5216	282 
5217	15 
5218	229 
5219	195 
5220	43 
5221	51 
5222	214 
5223	211 
5224	208 
5225	234 
5226	94 
5227	102 
5228	66 
5229	278 
5230	109 
5231	52 
5232	45 
5233	190 
5234	179 
5235	221 
5236	199 
5237	246 
5238	94 
5239	200 
5240	225 
5241	5 
5242	168 
5243	9 
5244	244 
5245	35 
5246	200 
5247	268 
5248	26 
5249	7 
5250	60 
5251	207 
5252	211 
5253	36 
5254	298 
5255	222 
5256	118 
5257	271 
5258	220 
5259	49 
5260	98 
5261	121 
5262	211 
5263	160 
5264	273 
5265	176 
5266	165 
5267	35 
5268	267 
5269	75 
5270	35 
5271	301 
5272	74 
5273	104 
5274	281 
5275	200 
5276	251 
5277	100 
5278	234 
5279	176 
5280	129 
5281	135 
5282	264 
5283	268 
5284	28 
5285	257 
5286	252 
5287	109 
5288	306 
5289	202 
5290	9 
5291	171 
5292	149 
5293	193 
5294	234 
5295	224 
5296	52 
5297	205 
5298	284 
5299	16 
5300	248 
5301	60 
5302	224 
5303	19 
5304	155 
5305	289 
5306	99 
5307	128 
5308	297 
5309	243 
5310	199 
5311	291 
5312	155 
5313	258 
5314	70 
5315	90 
5316	35 
5317	221 
5318	163 
5319	301 
5320	272 
5321	215 
5322	18 
5323	153 
5324	85 
5325	106 
5326	12 
5327	202 
5328	75 
5329	64 
5330	283 
5331	132 
5332	179 
5333	149 
5334	273 
5335	220 
5336	85 
5337	31 
5338	1 
5339	199 
5340	184 
5341	5 
5342	5 
5343	227 
5344	116 
5345	179 
5346	276 
5347	289 
5348	32 
5349	179 
5350	35 
5351	55 
5352	148 
5353	286 
5354	1 
5355	55 
5356	234 
5357	245 
5358	205 
5359	177 
5360	191 
5361	104 
5362	119 
5363	21 
5364	38 
5365	65 
5366	227 
5367	262 
5368	234 
5369	100 
5370	51 
5371	284 
5372	142 
5373	301 
5374	217 
5375	134 
5376	156 
5377	201 
5378	227 
5379	68 
5380	74 
5381	270 
5382	22 
5383	48 
5384	285 
5385	64 
5386	69 
5387	266 
5388	227 
5389	281 
5390	10 
5391	231 
5392	13 
5393	56 
5394	79 
5395	36 
5396	9 
5397	201 
5398	237 
5399	165 
5400	45 
5401	261 
5402	228 
5403	110 
5404	257 
5405	34 
5406	229 
5407	84 
5408	104 
5409	21 
5410	27 
5411	4 
5412	174 
5413	198 
5414	7 
5415	59 
5416	197 
5417	58 
5418	228 
5419	5 
5420	265 
5421	122 
5422	30 
5423	299 
5424	198 
5425	92 
5426	167 
5427	96 
5428	242 
5429	84 
5430	175 
5431	203 
5432	239 
5433	109 
5434	265 
5435	19 
5436	239 
5437	255 
5438	89 
5439	61 
5440	82 
5441	190 
5442	143 
5443	204 
5444	284 
5445	100 
5446	200 
5447	64 
5448	72 
5449	239 
5450	13 
5451	137 
5452	36 
5453	188 
5454	13 
5455	1 
5456	120 
5457	135 
5458	251 
5459	120 
5460	13 
5461	62 
5462	279 
5463	86 
5464	110 
5465	190 
5466	63 
5467	263 
5468	89 
5469	213 
5470	260 
5471	297 
5472	69 
5473	65 
5474	218 
5475	6 
5476	15 
5477	116 
5478	249 
5479	84 
5480	35 
5481	239 
5482	81 
5483	261 
5484	303 
5485	234 
5486	163 
5487	131 
5488	291 
5489	76 
5490	125 
5491	228 
5492	153 
5493	214 
5494	90 
5495	7 
5496	28 
5497	135 
5498	71 
5499	195 
5500	69 
5501	276 
5502	153 
5503	12 
5504	117 
5505	206 
5506	202 
5507	111 
5508	140 
5509	20 
5510	249 
5511	184 
5512	181 
5513	228 
5514	207 
5515	32 
5516	259 
5517	29 
5518	157 
5519	265 
5520	213 
5521	92 
5522	35 
5523	239 
5524	128 
5525	195 
5526	116 
5527	96 
5528	171 
5529	256 
5530	117 
5531	189 
5532	129 
5533	191 
5534	26 
5535	191 
5536	290 
5537	18 
5538	102 
5539	272 
5540	236 
5541	67 
5542	281 
5543	287 
5544	300 
5545	236 
5546	280 
5547	178 
5548	28 
5549	82 
5550	240 
5551	274 
5552	78 
5553	227 
5554	60 
5555	91 
5556	211 
5557	87 
5558	149 
5559	65 
5560	193 
5561	296 
5562	284 
5563	79 
5564	249 
5565	232 
5566	152 
5567	14 
5568	142 
5569	244 
5570	166 
5571	237 
5572	195 
5573	127 
5574	102 
5575	120 
5576	162 
5577	45 
5578	75 
5579	45 
5580	117 
5581	304 
5582	246 
5583	248 
5584	223 
5585	49 
5586	235 
5587	234 
5588	44 
5589	281 
5590	151 
5591	224 
5592	87 
5593	4 
5594	133 
5595	133 
5596	208 
5597	29 
5598	76 
5599	62 
5600	175 
5601	7 
5602	229 
5603	85 
5604	264 
5605	143 
5606	94 
5607	196 
5608	295 
5609	57 
5610	96 
5611	295 
5612	267 
5613	138 
5614	140 
5615	75 
5616	220 
5617	295 
5618	20 
5619	31 
5620	101 
5621	209 
5622	223 
5623	187 
5624	14 
5625	9 
5626	83 
5627	226 
5628	14 
5629	206 
5630	103 
5631	297 
5632	280 
5633	199 
5634	229 
5635	163 
5636	251 
5637	2 
5638	260 
5639	22 
5640	304 
5641	280 
5642	26 
5643	18 
5644	101 
5645	258 
5646	26 
5647	75 
5648	294 
5649	46 
5650	174 
5651	46 
5652	267 
5653	66 
5654	184 
5655	23 
5656	31 
5657	128 
5658	5 
5659	274 
5660	184 
5661	63 
5662	115 
5663	24 
5664	251 
5665	25 
5666	118 
5667	79 
5668	222 
5669	104 
5670	94 
5671	239 
5672	193 
5673	216 
5674	192 
5675	30 
5676	42 
5677	259 
5678	193 
5679	225 
5680	21 
5681	219 
5682	233 
5683	163 
5684	196 
5685	126 
5686	158 
5687	176 
5688	40 
5689	176 
5690	219 
5691	60 
5692	252 
5693	6 
5694	53 
5695	138 
5696	117 
5697	1 
5698	151 
5699	28 
5700	304 
5701	134 
5702	225 
5703	37 
5704	62 
5705	225 
5706	104 
5707	237 
5708	93 
5709	265 
5710	198 
5711	2 
5712	128 
5713	195 
5714	146 
5715	115 
5716	232 
5717	84 
5718	272 
5719	155 
5720	115 
5721	18 
5722	190 
5723	33 
5724	84 
5725	10 
5726	24 
5727	81 
5728	4 
5729	92 
5730	136 
5731	34 
5732	138 
5733	89 
5734	303 
5735	152 
5736	239 
5737	283 
5738	289 
5739	65 
5740	1 
5741	237 
5742	114 
5743	111 
5744	151 
5745	243 
5746	43 
5747	273 
5748	53 
5749	6 
5750	284 
5751	109 
5752	16 
5753	140 
5754	124 
5755	178 
5756	99 
5757	203 
5758	143 
5759	122 
5760	201 
5761	117 
5762	203 
5763	104 
5764	223 
5765	223 
5766	291 
5767	53 
5768	185 
5769	269 
5770	91 
5771	116 
5772	87 
5773	256 
5774	73 
5775	234 
5776	22 
5777	295 
5778	38 
5779	252 
5780	231 
5781	197 
5782	286 
5783	35 
5784	20 
5785	244 
5786	110 
5787	291 
5788	125 
5789	303 
5790	243 
5791	33 
5792	251 
5793	305 
5794	34 
5795	88 
5796	299 
5797	10 
5798	34 
5799	53 
5800	131 
5801	97 
5802	290 
5803	113 
5804	107 
5805	93 
5806	84 
5807	144 
5808	291 
5809	252 
5810	113 
5811	17 
5812	122 
5813	189 
5814	131 
5815	108 
5816	20 
5817	229 
5818	297 
5819	303 
5820	270 
5821	14 
5822	229 
5823	188 
5824	87 
5825	185 
5826	224 
5827	53 
5828	273 
5829	220 
5830	209 
5831	43 
5832	123 
5833	185 
5834	222 
5835	129 
5836	307 
5837	183 
5838	169 
5839	265 
5840	92 
5841	163 
5842	213 
5843	136 
5844	218 
5845	120 
5846	225 
5847	235 
5848	136 
5849	282 
5850	259 
5851	21 
5852	300 
5853	69 
5854	108 
5855	142 
5856	54 
5857	228 
5858	229 
5859	13 
5860	93 
5861	117 
5862	75 
5863	74 
5864	105 
5865	53 
5866	236 
5867	64 
5868	294 
5869	4 
5870	182 
5871	236 
5872	61 
5873	267 
5874	303 
5875	51 
5876	124 
5877	300 
5878	220 
5879	246 
5880	8 
5881	266 
5882	74 
5883	32 
5884	13 
5885	303 
5886	111 
5887	21 
5888	55 
5889	15 
5890	196 
5891	97 
5892	201 
5893	142 
5894	143 
5895	142 
5896	302 
5897	65 
5898	42 
5899	5 
5900	54 
5901	100 
5902	53 
5903	252 
5904	221 
5905	271 
5906	181 
5907	259 
5908	159 
5909	109 
5910	114 
5911	210 
5912	291 
5913	54 
5914	187 
5915	29 
5916	224 
5917	234 
5918	49 
5919	97 
5920	264 
5921	204 
5922	87 
5923	108 
5924	155 
5925	91 
5926	27 
5927	293 
5928	217 
5929	117 
5930	286 
5931	153 
5932	73 
5933	103 
5934	170 
5935	42 
5936	180 
5937	55 
5938	39 
5939	2 
5940	218 
5941	203 
5942	295 
5943	242 
5944	101 
5945	163 
5946	251 
5947	215 
5948	85 
5949	41 
5950	273 
5951	251 
5952	264 
5953	86 
5954	100 
5955	138 
5956	156 
5957	261 
5958	86 
5959	302 
5960	163 
5961	92 
5962	85 
5963	286 
5964	195 
5965	12 
5966	10 
5967	131 
5968	10 
5969	187 
5970	266 
5971	111 
5972	89 
5973	282 
5974	135 
5975	29 
5976	213 
5977	81 
5978	164 
5979	10 
5980	278 
5981	39 
5982	175 
5983	291 
5984	136 
5985	85 
5986	30 
5987	186 
5988	268 
5989	128 
5990	256 
5991	100 
5992	116 
5993	123 
5994	125 
5995	194 
5996	222 
5997	175 
5998	46 
5999	277 
6000	42 
6001	216 
6002	36 
6003	209 
6004	202 
6005	225 
6006	271 
6007	257 
6008	256 
6009	6 
6010	221 
6011	153 
6012	102 
6013	212 
6014	151 
6015	300 
6016	119 
6017	101 
6018	101 
6019	229 
6020	228 
6021	6 
6022	269 
6023	113 
6024	262 
6025	180 
6026	29 
6027	151 
6028	32 
6029	126 
6030	161 
6031	8 
6032	249 
6033	76 
6034	251 
6035	7 
6036	129 
6037	2 
6038	129 
6039	53 
6040	9 
6041	12 
6042	61 
6043	275 
6044	240 
6045	11 
6046	213 
6047	220 
6048	216 
6049	13 
6050	122 
6051	303 
6052	65 
6053	191 
6054	82 
6055	110 
6056	159 
6057	269 
6058	29 
6059	274 
6060	117 
6061	166 
6062	179 
6063	21 
6064	173 
6065	153 
6066	298 
6067	43 
6068	79 
6069	266 
6070	175 
6071	108 
6072	92 
6073	200 
6074	27 
6075	120 
6076	39 
6077	217 
6078	143 
6079	156 
6080	245 
6081	32 
6082	126 
6083	287 
6084	218 
6085	285 
6086	137 
6087	113 
6088	37 
6089	288 
6090	248 
6091	227 
6092	89 
6093	305 
6094	87 
6095	234 
6096	270 
6097	85 
6098	251 
6099	69 
6100	196 
6101	108 
6102	13 
6103	272 
6104	48 
6105	162 
6106	97 
6107	227 
6108	188 
6109	47 
6110	21 
6111	97 
6112	245 
6113	104 
6114	105 
6115	158 
6116	248 
6117	141 
6118	115 
6119	285 
6120	119 
6121	296 
6122	220 
6123	127 
6124	3 
6125	104 
6126	263 
6127	44 
6128	66 
6129	112 
6130	165 
6131	159 
6132	7 
6133	185 
6134	151 
6135	160 
6136	147 
6137	136 
6138	266 
6139	111 
6140	8 
6141	46 
6142	284 
6143	273 
6144	176 
6145	37 
6146	175 
6147	58 
6148	127 
6149	7 
6150	109 
6151	85 
6152	197 
6153	70 
6154	45 
6155	107 
6156	262 
6157	299 
6158	285 
6159	138 
6160	118 
6161	22 
6162	38 
6163	51 
6164	28 
6165	182 
6166	252 
6167	61 
6168	76 
6169	100 
6170	263 
6171	304 
6172	173 
6173	49 
6174	52 
6175	136 
6176	201 
6177	228 
6178	194 
6179	17 
6180	198 
6181	7 
6182	131 
6183	138 
6184	231 
6185	108 
6186	17 
6187	116 
6188	161 
6189	266 
6190	132 
6191	7 
6192	3 
6193	191 
6194	291 
6195	32 
6196	130 
6197	148 
6198	118 
6199	217 
6200	97 
6201	59 
6202	291 
6203	100 
6204	210 
6205	112 
6206	198 
6207	206 
6208	212 
6209	217 
6210	128 
6211	97 
6212	32 
6213	203 
6214	72 
6215	2 
6216	18 
6217	189 
6218	272 
6219	212 
6220	4 
6221	234 
6222	100 
6223	30 
6224	103 
6225	223 
6226	232 
6227	125 
6228	212 
6229	236 
6230	191 
6231	249 
6232	9 
6233	6 
6234	131 
6235	64 
6236	262 
6237	279 
6238	150 
6239	281 
6240	68 
6241	152 
6242	221 
6243	256 
6244	203 
6245	134 
6246	102 
6247	162 
6248	85 
6249	111 
6250	63 
6251	7 
6252	97 
6253	4 
6254	192 
6255	291 
6256	79 
6257	185 
6258	130 
6259	3 
6260	301 
6261	164 
6262	170 
6263	298 
6264	71 
6265	298 
6266	4 
6267	171 
6268	265 
6269	138 
6270	211 
6271	34 
6272	15 
6273	117 
6274	79 
6275	17 
6276	170 
6277	85 
6278	144 
6279	129 
6280	61 
6281	245 
6282	51 
6283	280 
6284	268 
6285	242 
6286	90 
6287	69 
6288	15 
6289	232 
6290	219 
6291	287 
6292	259 
6293	294 
6294	23 
6295	236 
6296	254 
6297	214 
6298	109 
6299	51 
6300	121 
6301	89 
6302	114 
6303	271 
6304	183 
6305	275 
6306	204 
6307	200 
6308	182 
6309	307 
6310	68 
6311	218 
6312	68 
6313	288 
6314	75 
6315	85 
6316	245 
6317	122 
6318	39 
6319	183 
6320	2 
6321	172 
6322	79 
6323	181 
6324	289 
6325	136 
6326	96 
6327	191 
6328	200 
6329	184 
6330	282 
6331	173 
6332	161 
6333	138 
6334	61 
6335	25 
6336	107 
6337	176 
6338	239 
6339	262 
6340	110 
6341	149 
6342	186 
6343	304 
6344	99 
6345	30 
6346	257 
6347	243 
6348	20 
6349	238 
6350	14 
6351	258 
6352	55 
6353	69 
6354	292 
6355	222 
6356	31 
6357	21 
6358	13 
6359	75 
6360	124 
6361	247 
6362	231 
6363	237 
6364	14 
6365	66 
6366	100 
6367	59 
6368	107 
6369	158 
6370	16 
6371	15 
6372	97 
6373	188 
6374	84 
6375	274 
6376	165 
6377	31 
6378	10 
6379	136 
6380	120 
6381	211 
6382	90 
6383	297 
6384	68 
6385	3 
6386	254 
6387	217 
6388	25 
6389	295 
6390	2 
6391	282 
6392	38 
6393	98 
6394	74 
6395	288 
6396	136 
6397	200 
6398	259 
6399	84 
6400	43 
6401	286 
6402	193 
6403	247 
6404	53 
6405	223 
6406	209 
6407	31 
6408	262 
6409	185 
6410	55 
6411	222 
6412	194 
6413	204 
6414	54 
6415	262 
6416	39 
6417	131 
6418	14 
6419	66 
6420	183 
6421	307 
6422	215 
6423	116 
6424	213 
6425	225 
6426	307 
6427	234 
6428	165 
6429	21 
6430	237 
6431	91 
6432	111 
6433	146 
6434	86 
6435	139 
6436	154 
6437	229 
6438	238 
6439	126 
6440	151 
6441	231 
6442	270 
6443	113 
6444	197 
6445	261 
6446	239 
6447	53 
6448	34 
6449	288 
6450	243 
6451	280 
6452	216 
6453	5 
6454	254 
6455	202 
6456	225 
6457	182 
6458	143 
6459	103 
6460	231 
6461	52 
6462	287 
6463	124 
6464	274 
6465	79 
6466	62 
6467	209 
6468	222 
6469	170 
6470	127 
6471	152 
6472	233 
6473	110 
6474	72 
6475	7 
6476	10 
6477	305 
6478	268 
6479	264 
6480	237 
6481	69 
6482	110 
6483	197 
6484	160 
6485	38 
6486	219 
6487	267 
6488	65 
6489	158 
6490	16 
6491	11 
6492	92 
6493	82 
6494	298 
6495	276 
6496	207 
6497	37 
6498	281 
6499	211 
6500	274 
6501	112 
6502	150 
6503	44 
6504	266 
6505	280 
6506	217 
6507	227 
6508	230 
6509	65 
6510	174 
6511	282 
6512	302 
6513	306 
6514	208 
6515	231 
6516	10 
6517	72 
6518	244 
6519	296 
6520	186 
6521	21 
6522	175 
6523	9 
6524	117 
6525	19 
6526	172 
6527	88 
6528	89 
6529	198 
6530	130 
6531	96 
6532	37 
6533	76 
6534	108 
6535	5 
6536	206 
6537	126 
6538	227 
6539	113 
6540	305 
6541	149 
6542	66 
6543	48 
6544	98 
6545	213 
6546	71 
6547	235 
6548	174 
6549	90 
6550	124 
6551	202 
6552	43 
6553	247 
6554	69 
6555	32 
6556	297 
6557	298 
6558	132 
6559	251 
6560	104 
6561	288 
6562	1 
6563	305 
6564	274 
6565	297 
6566	105 
6567	162 
6568	275 
6569	294 
6570	163 
6571	59 
6572	301 
6573	202 
6574	275 
6575	85 
6576	9 
6577	190 
6578	24 
6579	196 
6580	275 
6581	55 
6582	305 
6583	93 
6584	252 
6585	242 
6586	62 
6587	207 
6588	192 
6589	301 
6590	169 
6591	84 
6592	89 
6593	138 
6594	184 
6595	112 
6596	183 
6597	243 
6598	64 
6599	55 
6600	62 
6601	155 
6602	84 
6603	7 
6604	116 
6605	116 
6606	83 
6607	205 
6608	73 
6609	148 
6610	150 
6611	234 
6612	42 
6613	175 
6614	192 
6615	165 
6616	101 
6617	214 
6618	11 
6619	112 
6620	117 
6621	268 
6622	304 
6623	285 
6624	172 
6625	70 
6626	151 
6627	262 
6628	88 
6629	298 
6630	306 
6631	211 
6632	15 
6633	158 
6634	30 
6635	105 
6636	263 
6637	264 
6638	142 
6639	306 
6640	220 
6641	202 
6642	138 
6643	249 
6644	48 
6645	48 
6646	209 
6647	129 
6648	99 
6649	201 
6650	32 
6651	26 
6652	14 
6653	80 
6654	138 
6655	175 
6656	121 
6657	108 
6658	191 
6659	94 
6660	286 
6661	130 
6662	241 
6663	120 
6664	267 
6665	236 
6666	276 
6667	206 
6668	202 
6669	171 
6670	252 
6671	196 
6672	119 
6673	297 
6674	138 
6675	144 
6676	33 
6677	266 
6678	247 
6679	142 
6680	131 
6681	200 
6682	69 
6683	141 
6684	176 
6685	203 
6686	39 
6687	60 
6688	15 
6689	80 
6690	162 
6691	34 
6692	257 
6693	12 
6694	115 
6695	108 
6696	120 
6697	247 
6698	254 
6699	274 
6700	175 
6701	133 
6702	34 
6703	61 
6704	223 
6705	170 
6706	262 
6707	198 
6708	57 
6709	236 
6710	88 
6711	1 
6712	259 
6713	99 
6714	156 
6715	148 
6716	243 
6717	305 
6718	120 
6719	298 
6720	18 
6721	17 
6722	161 
6723	112 
6724	256 
6725	77 
6726	108 
6727	111 
6728	176 
6729	18 
6730	228 
6731	140 
6732	239 
6733	239 
6734	34 
6735	87 
6736	187 
6737	244 
6738	297 
6739	193 
6740	3 
6741	194 
6742	225 
6743	34 
6744	50 
6745	193 
6746	286 
6747	93 
6748	120 
6749	299 
6750	125 
6751	281 
6752	20 
6753	198 
6754	193 
6755	200 
6756	286 
6757	121 
6758	23 
6759	257 
6760	191 
6761	155 
6762	258 
6763	117 
6764	170 
6765	244 
6766	192 
6767	191 
6768	119 
6769	287 
6770	218 
6771	21 
6772	291 
6773	144 
6774	158 
6775	65 
6776	156 
6777	244 
6778	237 
6779	45 
6780	1 
6781	211 
6782	131 
6783	19 
6784	144 
6785	63 
6786	155 
6787	305 
6788	176 
6789	112 
6790	166 
6791	27 
6792	82 
6793	240 
6794	66 
6795	175 
6796	200 
6797	2 
6798	96 
6799	215 
6800	171 
6801	221 
6802	119 
6803	177 
6804	220 
6805	73 
6806	272 
6807	16 
6808	223 
6809	232 
6810	212 
6811	112 
6812	117 
6813	223 
6814	178 
6815	37 
6816	33 
6817	53 
6818	249 
6819	180 
6820	275 
6821	135 
6822	51 
6823	40 
6824	250 
6825	26 
6826	194 
6827	277 
6828	34 
6829	70 
6830	49 
6831	245 
6832	16 
6833	243 
6834	190 
6835	188 
6836	239 
6837	189 
6838	158 
6839	59 
6840	43 
6841	12 
6842	73 
6843	5 
6844	221 
6845	13 
6846	179 
6847	93 
6848	162 
6849	71 
6850	127 
6851	188 
6852	164 
6853	7 
6854	171 
6855	49 
6856	183 
6857	102 
6858	231 
6859	293 
6860	112 
6861	157 
6862	40 
6863	286 
6864	114 
6865	138 
6866	114 
6867	290 
6868	250 
6869	199 
6870	25 
6871	188 
6872	153 
6873	72 
6874	242 
6875	146 
6876	142 
6877	194 
6878	109 
6879	307 
6880	196 
6881	288 
6882	301 
6883	103 
6884	266 
6885	21 
6886	85 
6887	163 
6888	283 
6889	133 
6890	267 
6891	266 
6892	264 
6893	129 
6894	208 
6895	147 
6896	31 
6897	179 
6898	128 
6899	242 
6900	36 
6901	207 
6902	11 
6903	267 
6904	262 
6905	113 
6906	194 
6907	258 
6908	264 
6909	14 
6910	64 
6911	262 
6912	162 
6913	281 
6914	174 
6915	75 
6916	134 
6917	296 
6918	303 
6919	81 
6920	207 
6921	206 
6922	3 
6923	14 
6924	19 
6925	181 
6926	196 
6927	278 
6928	274 
6929	135 
6930	184 
6931	303 
6932	261 
6933	80 
6934	27 
6935	196 
6936	152 
6937	182 
6938	301 
6939	65 
6940	260 
6941	123 
6942	183 
6943	307 
6944	47 
6945	283 
6946	23 
6947	172 
6948	48 
6949	167 
6950	148 
6951	286 
6952	83 
6953	281 
6954	2 
6955	15 
6956	254 
6957	257 
6958	88 
6959	89 
6960	244 
6961	97 
6962	36 
6963	217 
6964	214 
6965	194 
6966	88 
6967	270 
6968	160 
6969	293 
6970	202 
6971	171 
6972	303 
6973	302 
6974	100 
6975	55 
6976	257 
6977	242 
6978	70 
6979	116 
6980	257 
6981	193 
6982	38 
6983	297 
6984	273 
6985	40 
6986	150 
6987	201 
6988	85 
6989	207 
6990	53 
6991	161 
6992	150 
6993	171 
6994	26 
6995	88 
6996	55 
6997	126 
6998	7 
6999	37 
7000	299 
7001	48 
7002	9 
7003	305 
7004	29 
7005	242 
7006	119 
7007	275 
7008	184 
7009	152 
7010	24 
7011	244 
7012	28 
7013	229 
7014	204 
7015	252 
7016	68 
7017	32 
7018	68 
7019	194 
7020	62 
7021	293 
7022	86 
7023	68 
7024	72 
7025	55 
7026	189 
7027	254 
7028	234 
7029	38 
7030	147 
7031	230 
7032	131 
7033	1 
7034	53 
7035	58 
7036	123 
7037	294 
7038	118 
7039	91 
7040	62 
7041	238 
7042	57 
7043	291 
7044	143 
7045	98 
7046	291 
7047	52 
7048	203 
7049	274 
7050	119 
7051	222 
7052	101 
7053	176 
7054	23 
7055	175 
7056	27 
7057	162 
7058	242 
7059	251 
7060	282 
7061	221 
7062	301 
7063	4 
7064	203 
7065	129 
7066	1 
7067	9 
7068	255 
7069	186 
7070	99 
7071	7 
7072	7 
7073	172 
7074	125 
7075	237 
7076	176 
7077	292 
7078	4 
7079	146 
7080	190 
7081	6 
7082	39 
7083	17 
7084	132 
7085	256 
7086	16 
7087	245 
7088	72 
7089	41 
7090	124 
7091	191 
7092	273 
7093	21 
7094	188 
7095	182 
7096	47 
7097	125 
7098	160 
7099	69 
7100	87 
7101	284 
7102	279 
7103	54 
7104	78 
7105	3 
7106	71 
7107	110 
7108	116 
7109	236 
7110	44 
7111	301 
7112	97 
7113	81 
7114	8 
7115	220 
7116	217 
7117	133 
7118	117 
7119	79 
7120	279 
7121	215 
7122	178 
7123	87 
7124	19 
7125	274 
7126	74 
7127	285 
7128	47 
7129	305 
7130	134 
7131	38 
7132	177 
7133	236 
7134	49 
7135	112 
7136	67 
7137	96 
7138	277 
7139	241 
7140	85 
7141	115 
7142	202 
7143	230 
7144	169 
7145	290 
7146	205 
7147	202 
7148	262 
7149	279 
7150	82 
7151	272 
7152	221 
7153	24 
7154	156 
7155	265 
7156	125 
7157	183 
7158	294 
7159	190 
7160	274 
7161	51 
7162	185 
7163	59 
7164	253 
7165	56 
7166	263 
7167	78 
7168	90 
7169	116 
7170	77 
7171	92 
7172	226 
7173	70 
7174	137 
7175	125 
7176	146 
7177	225 
7178	101 
7179	68 
7180	65 
7181	184 
7182	150 
7183	98 
7184	221 
7185	168 
7186	92 
7187	5 
7188	275 
7189	245 
7190	282 
7191	238 
7192	148 
7193	174 
7194	76 
7195	126 
7196	261 
7197	304 
7198	34 
7199	173 
7200	120 
7201	46 
7202	67 
7203	74 
7204	114 
7205	6 
7206	305 
7207	156 
7208	213 
7209	93 
7210	145 
7211	230 
7212	21 
7213	180 
7214	168 
7215	44 
7216	302 
7217	46 
7218	147 
7219	12 
7220	179 
7221	19 
7222	198 
7223	116 
7224	214 
7225	304 
7226	249 
7227	291 
7228	24 
7229	28 
7230	205 
7231	113 
7232	210 
7233	279 
7234	259 
7235	71 
7236	275 
7237	303 
7238	181 
7239	88 
7240	75 
7241	23 
7242	158 
7243	290 
7244	269 
7245	140 
7246	262 
7247	78 
7248	100 
7249	141 
7250	12 
7251	57 
7252	214 
7253	193 
7254	39 
7255	249 
7256	56 
7257	219 
7258	228 
7259	239 
7260	75 
7261	290 
7262	259 
7263	115 
7264	224 
7265	251 
7266	237 
7267	108 
7268	291 
7269	251 
7270	233 
7271	95 
7272	113 
7273	111 
7274	94 
7275	9 
7276	202 
7277	34 
7278	172 
7279	136 
7280	127 
7281	234 
7282	22 
7283	105 
7284	216 
7285	27 
7286	198 
7287	181 
7288	6 
7289	78 
7290	8 
7291	73 
7292	143 
7293	76 
7294	298 
7295	199 
7296	74 
7297	118 
7298	223 
7299	91 
7300	188 
7301	205 
7302	270 
7303	295 
7304	140 
7305	180 
7306	257 
7307	45 
7308	300 
7309	128 
7310	242 
7311	150 
7312	250 
7313	281 
7314	72 
7315	51 
7316	194 
7317	247 
7318	88 
7319	219 
7320	118 
7321	298 
7322	190 
7323	257 
7324	203 
7325	87 
7326	98 
7327	138 
7328	267 
7329	282 
7330	156 
7331	225 
7332	73 
7333	131 
7334	234 
7335	239 
7336	296 
7337	186 
7338	120 
7339	68 
7340	268 
7341	39 
7342	148 
7343	252 
7344	145 
7345	165 
7346	155 
7347	59 
7348	115 
7349	293 
7350	254 
7351	43 
7352	225 
7353	179 
7354	84 
7355	77 
7356	185 
7357	174 
7358	249 
7359	270 
7360	72 
7361	64 
7362	218 
7363	48 
7364	192 
7365	162 
7366	96 
7367	266 
7368	273 
7369	63 
7370	78 
7371	297 
7372	158 
7373	118 
7374	96 
7375	148 
7376	217 
7377	106 
7378	67 
7379	228 
7380	293 
7381	32 
7382	303 
7383	27 
7384	291 
7385	42 
7386	27 
7387	220 
7388	260 
7389	5 
7390	100 
7391	219 
7392	188 
7393	138 
7394	215 
7395	169 
7396	62 
7397	299 
7398	17 
7399	47 
7400	118 
7401	2 
7402	193 
7403	119 
7404	13 
7405	212 
7406	144 
7407	85 
7408	25 
7409	58 
7410	205 
7411	306 
7412	144 
7413	132 
7414	157 
7415	237 
7416	299 
7417	112 
7418	167 
7419	17 
7420	301 
7421	25 
7422	222 
7423	240 
7424	41 
7425	15 
7426	185 
7427	47 
7428	223 
7429	113 
7430	111 
7431	153 
7432	118 
7433	238 
7434	194 
7435	286 
7436	296 
7437	15 
7438	57 
7439	129 
7440	254 
7441	167 
7442	231 
7443	149 
7444	178 
7445	42 
7446	15 
7447	138 
7448	48 
7449	295 
7450	134 
7451	103 
7452	262 
7453	171 
7454	242 
7455	151 
7456	13 
7457	293 
7458	2 
7459	79 
7460	223 
7461	198 
7462	251 
7463	210 
7464	30 
7465	302 
7466	147 
7467	175 
7468	115 
7469	28 
7470	32 
7471	152 
7472	220 
7473	42 
7474	157 
7475	153 
7476	155 
7477	44 
7478	37 
7479	57 
7480	38 
7481	292 
7482	116 
7483	229 
7484	221 
7485	109 
7486	45 
7487	264 
7488	195 
7489	138 
7490	172 
7491	51 
7492	90 
7493	151 
7494	218 
7495	156 
7496	100 
7497	199 
7498	136 
7499	144 
7500	254 
7501	277 
7502	210 
7503	33 
7504	67 
7505	109 
7506	146 
7507	250 
7508	286 
7509	134 
7510	122 
7511	89 
7512	95 
7513	288 
7514	240 
7515	143 
7516	88 
7517	262 
7518	208 
7519	289 
7520	303 
7521	263 
7522	144 
7523	29 
7524	156 
7525	35 
7526	115 
7527	267 
7528	231 
7529	128 
7530	94 
7531	57 
7532	111 
7533	163 
7534	76 
7535	187 
7536	250 
7537	129 
7538	160 
7539	149 
7540	145 
7541	284 
7542	247 
7543	113 
7544	135 
7545	167 
7546	58 
7547	251 
7548	84 
7549	82 
7550	294 
7551	131 
7552	108 
7553	256 
7554	178 
7555	39 
7556	142 
7557	258 
7558	206 
7559	161 
7560	266 
7561	58 
7562	293 
7563	117 
7564	85 
7565	232 
7566	209 
7567	235 
7568	87 
7569	189 
7570	206 
7571	243 
7572	223 
7573	39 
7574	24 
7575	207 
7576	38 
7577	247 
7578	243 
7579	62 
7580	206 
7581	204 
7582	152 
7583	112 
7584	109 
7585	270 
7586	83 
7587	18 
7588	127 
7589	284 
7590	1 
7591	52 
7592	240 
7593	16 
7594	273 
7595	75 
7596	74 
7597	207 
7598	53 
7599	14 
7600	21 
7601	188 
7602	252 
7603	26 
7604	300 
7605	16 
7606	109 
7607	133 
7608	198 
7609	3 
7610	23 
7611	121 
7612	173 
7613	28 
7614	286 
7615	65 
7616	148 
7617	141 
7618	159 
7619	128 
7620	127 
7621	183 
7622	298 
7623	112 
7624	256 
7625	65 
7626	91 
7627	89 
7628	210 
7629	83 
7630	29 
7631	204 
7632	303 
7633	210 
7634	238 
7635	257 
7636	56 
7637	24 
7638	92 
7639	151 
7640	183 
7641	137 
7642	56 
7643	50 
7644	197 
7645	12 
7646	76 
7647	156 
7648	23 
7649	278 
7650	300 
7651	131 
7652	148 
7653	157 
7654	203 
7655	238 
7656	2 
7657	237 
7658	204 
7659	148 
7660	267 
7661	275 
7662	87 
7663	297 
7664	41 
7665	31 
7666	88 
7667	169 
7668	242 
7669	77 
7670	132 
7671	41 
7672	278 
7673	106 
7674	60 
7675	227 
7676	55 
7677	148 
7678	159 
7679	66 
7680	60 
7681	74 
7682	270 
7683	49 
7684	251 
7685	45 
7686	224 
7687	301 
7688	241 
7689	150 
7690	25 
7691	223 
7692	69 
7693	240 
7694	279 
7695	106 
7696	188 
7697	100 
7698	156 
7699	116 
7700	209 
7701	128 
7702	131 
7703	147 
7704	57 
7705	221 
7706	37 
7707	127 
7708	73 
7709	115 
7710	128 
7711	9 
7712	223 
7713	241 
7714	303 
7715	215 
7716	153 
7717	63 
7718	282 
7719	39 
7720	127 
7721	175 
7722	79 
7723	57 
7724	277 
7725	198 
7726	298 
7727	24 
7728	202 
7729	94 
7730	124 
7731	211 
7732	69 
7733	138 
7734	164 
7735	7 
7736	65 
7737	272 
7738	113 
7739	44 
7740	184 
7741	195 
7742	204 
7743	126 
7744	182 
7745	261 
7746	158 
7747	184 
7748	73 
7749	111 
7750	44 
7751	188 
7752	137 
7753	8 
7754	181 
7755	293 
7756	290 
7757	27 
7758	151 
7759	71 
7760	33 
7761	43 
7762	105 
7763	242 
7764	33 
7765	302 
7766	42 
7767	60 
7768	275 
7769	224 
7770	210 
7771	222 
7772	17 
7773	100 
7774	299 
7775	113 
7776	298 
7777	24 
7778	46 
7779	95 
7780	15 
7781	82 
7782	177 
7783	153 
7784	175 
7785	33 
7786	75 
7787	69 
7788	189 
7789	188 
7790	186 
7791	230 
7792	38 
7793	187 
7794	97 
7795	78 
7796	185 
7797	49 
7798	280 
7799	42 
7800	8 
7801	19 
7802	138 
7803	239 
7804	9 
7805	108 
7806	165 
7807	89 
7808	35 
7809	17 
7810	103 
7811	33 
7812	181 
7813	273 
7814	270 
7815	174 
7816	159 
7817	72 
7818	172 
7819	145 
7820	200 
7821	190 
7822	125 
7823	119 
7824	190 
7825	238 
7826	120 
7827	186 
7828	122 
7829	145 
7830	48 
7831	109 
7832	111 
7833	167 
7834	118 
7835	208 
7836	304 
7837	34 
7838	111 
7839	228 
7840	256 
7841	32 
7842	113 
7843	263 
7844	21 
7845	250 
7846	37 
7847	15 
7848	229 
7849	176 
7850	91 
7851	235 
7852	236 
7853	297 
7854	143 
7855	123 
7856	276 
7857	173 
7858	176 
7859	24 
7860	6 
7861	182 
7862	146 
7863	85 
7864	49 
7865	302 
7866	165 
7867	279 
7868	79 
7869	217 
7870	223 
7871	96 
7872	202 
7873	27 
7874	170 
7875	258 
7876	180 
7877	201 
7878	6 
7879	2 
7880	307 
7881	112 
7882	54 
7883	307 
7884	300 
7885	2 
7886	122 
7887	73 
7888	43 
7889	297 
7890	129 
7891	154 
7892	67 
7893	51 
7894	122 
7895	127 
7896	140 
7897	247 
7898	261 
7899	281 
7900	98 
7901	47 
7902	106 
7903	86 
7904	269 
7905	215 
7906	208 
7907	209 
7908	145 
7909	224 
7910	174 
7911	182 
7912	183 
7913	296 
7914	210 
7915	125 
7916	1 
7917	205 
7918	3 
7919	222 
7920	87 
7921	26 
7922	223 
7923	67 
7924	222 
7925	52 
7926	189 
7927	272 
7928	127 
7929	270 
7930	37 
7931	41 
7932	1 
7933	53 
7934	73 
7935	291 
7936	161 
7937	280 
7938	183 
7939	15 
7940	119 
7941	14 
7942	163 
7943	267 
7944	303 
7945	31 
7946	98 
7947	255 
7948	271 
7949	131 
7950	158 
7951	133 
7952	164 
7953	12 
7954	265 
7955	167 
7956	159 
7957	97 
7958	57 
7959	113 
7960	212 
7961	202 
7962	214 
7963	184 
7964	171 
7965	123 
7966	129 
7967	234 
7968	65 
7969	115 
7970	103 
7971	93 
7972	104 
7973	67 
7974	304 
7975	135 
7976	222 
7977	219 
7978	149 
7979	195 
7980	66 
7981	190 
7982	168 
7983	94 
7984	216 
7985	127 
7986	307 
7987	22 
7988	272 
7989	205 
7990	69 
7991	202 
7992	236 
7993	65 
7994	57 
7995	13 
7996	217 
7997	79 
7998	296 
7999	125 
8000	88 
8001	140 
8002	4 
8003	94 
8004	181 
8005	91 
8006	11 
8007	200 
8008	199 
8009	262 
8010	286 
8011	26 
8012	53 
8013	114 
8014	26 
8015	136 
8016	95 
8017	80 
8018	278 
8019	54 
8020	212 
8021	182 
8022	290 
8023	185 
8024	110 
8025	152 
8026	155 
8027	138 
8028	138 
8029	225 
8030	162 
8031	298 
8032	299 
8033	217 
8034	217 
8035	236 
8036	24 
8037	24 
8038	98 
8039	136 
8040	94 
8041	17 
8042	164 
8043	229 
8044	269 
8045	42 
8046	210 
8047	39 
8048	278 
8049	281 
8050	83 
8051	198 
8052	233 
8053	181 
8054	307 
8055	181 
8056	167 
8057	190 
8058	307 
8059	131 
8060	216 
8061	139 
8062	87 
8063	232 
8064	40 
8065	183 
8066	8 
8067	241 
8068	11 
8069	189 
8070	145 
8071	35 
8072	27 
8073	49 
8074	124 
8075	14 
8076	25 
8077	138 
8078	110 
8079	50 
8080	21 
8081	248 
8082	287 
8083	271 
8084	85 
8085	196 
8086	49 
8087	189 
8088	79 
8089	280 
8090	194 
8091	266 
8092	51 
8093	82 
8094	93 
8095	199 
8096	291 
8097	172 
8098	241 
8099	152 
8100	243 
8101	65 
8102	282 
8103	75 
8104	129 
8105	252 
8106	138 
8107	291 
8108	3 
8109	296 
8110	75 
8111	28 
8112	251 
8113	252 
8114	114 
8115	27 
8116	175 
8117	66 
8118	30 
8119	8 
8120	171 
8121	268 
8122	185 
8123	133 
8124	282 
8125	298 
8126	72 
8127	91 
8128	136 
8129	184 
8130	210 
8131	33 
8132	277 
8133	283 
8134	134 
8135	191 
8136	118 
8137	130 
8138	175 
8139	142 
8140	140 
8141	240 
8142	143 
8143	147 
8144	145 
8145	184 
8146	68 
8147	21 
8148	172 
8149	14 
8150	137 
8151	241 
8152	208 
8153	126 
8154	112 
8155	307 
8156	224 
8157	225 
8158	304 
8159	238 
8160	88 
8161	262 
8162	205 
8163	61 
8164	112 
8165	237 
8166	144 
8167	268 
8168	77 
8169	32 
8170	270 
8171	217 
8172	97 
8173	65 
8174	88 
8175	122 
8176	277 
8177	248 
8178	282 
8179	237 
8180	51 
8181	26 
8182	264 
8183	20 
8184	42 
8185	119 
8186	99 
8187	225 
8188	211 
8189	193 
8190	136 
8191	119 
8192	282 
8193	237 
8194	284 
8195	65 
8196	185 
8197	239 
8198	287 
8199	2 
8200	112 
8201	227 
8202	254 
8203	56 
8204	273 
8205	21 
8206	260 
8207	82 
8208	249 
8209	91 
8210	39 
8211	151 
8212	34 
8213	24 
8214	59 
8215	237 
8216	268 
8217	4 
8218	195 
8219	197 
8220	299 
8221	298 
8222	274 
8223	16 
8224	157 
8225	146 
8226	206 
8227	60 
8228	158 
8229	242 
8230	75 
8231	2 
8232	305 
8233	59 
8234	54 
8235	2 
8236	215 
8237	244 
8238	157 
8239	285 
8240	112 
8241	65 
8242	186 
8243	48 
8244	246 
8245	152 
8246	249 
8247	98 
8248	109 
8249	111 
8250	137 
8251	24 
8252	233 
8253	226 
8254	251 
8255	223 
8256	111 
8257	200 
8258	166 
8259	28 
8260	67 
8261	238 
8262	4 
8263	258 
8264	222 
8265	263 
8266	98 
8267	188 
8268	29 
8269	156 
8270	280 
8271	93 
8272	265 
8273	58 
8274	91 
8275	108 
8276	277 
8277	199 
8278	65 
8279	42 
8280	202 
8281	271 
8282	188 
8283	262 
8284	99 
8285	278 
8286	136 
8287	83 
8288	70 
8289	2 
8290	42 
8291	129 
8292	52 
8293	51 
8294	266 
8295	223 
8296	246 
8297	277 
8298	234 
8299	292 
8300	45 
8301	282 
8302	111 
8303	100 
8304	248 
8305	43 
8306	120 
8307	175 
8308	17 
8309	132 
8310	74 
8311	192 
8312	84 
8313	55 
8314	299 
8315	55 
8316	50 
8317	45 
8318	56 
8319	221 
8320	28 
8321	146 
8322	65 
8323	229 
8324	243 
8325	185 
8326	163 
8327	86 
8328	301 
8329	176 
8330	27 
8331	39 
8332	83 
8333	307 
8334	12 
8335	281 
8336	101 
8337	108 
8338	135 
8339	192 
8340	125 
8341	120 
8342	302 
8343	284 
8344	48 
8345	248 
8346	55 
8347	83 
8348	138 
8349	280 
8350	131 
8351	12 
8352	233 
8353	206 
8354	267 
8355	205 
8356	75 
8357	222 
8358	141 
8359	30 
8360	140 
8361	94 
8362	89 
8363	72 
8364	262 
8365	32 
8366	87 
8367	201 
8368	216 
8369	176 
8370	304 
8371	262 
8372	133 
8373	192 
8374	98 
8375	173 
8376	292 
8377	132 
8378	60 
8379	230 
8380	104 
8381	24 
8382	126 
8383	236 
8384	279 
8385	219 
8386	123 
8387	54 
8388	294 
8389	163 
8390	133 
8391	263 
8392	143 
8393	89 
8394	77 
8395	51 
8396	251 
8397	26 
8398	217 
8399	165 
8400	107 
8401	60 
8402	301 
8403	211 
8404	178 
8405	158 
8406	101 
8407	231 
8408	282 
8409	181 
8410	27 
8411	199 
8412	246 
8413	275 
8414	136 
8415	175 
8416	269 
8417	304 
8418	179 
8419	267 
8420	74 
8421	72 
8422	53 
8423	277 
8424	65 
8425	244 
8426	243 
8427	181 
8428	58 
8429	253 
8430	227 
8431	188 
8432	191 
8433	27 
8434	16 
8435	255 
8436	223 
8437	285 
8438	127 
8439	280 
8440	292 
8441	244 
8442	96 
8443	244 
8444	33 
8445	184 
8446	39 
8447	52 
8448	1 
8449	130 
8450	135 
8451	113 
8452	125 
8453	29 
8454	42 
8455	145 
8456	194 
8457	165 
8458	207 
8459	135 
8460	238 
8461	238 
8462	132 
8463	40 
8464	271 
8465	293 
8466	239 
8467	248 
8468	62 
8469	111 
8470	94 
8471	174 
8472	169 
8473	41 
8474	24 
8475	268 
8476	34 
8477	213 
8478	42 
8479	276 
8480	18 
8481	295 
8482	106 
8483	18 
8484	164 
8485	204 
8486	185 
8487	49 
8488	298 
8489	67 
8490	225 
8491	235 
8492	272 
8493	89 
8494	286 
8495	93 
8496	304 
8497	199 
8498	295 
8499	253 
8500	91 
8501	304 
8502	160 
8503	162 
8504	133 
8505	148 
8506	269 
8507	188 
8508	154 
8509	145 
8510	233 
8511	164 
8512	123 
8513	261 
8514	248 
8515	32 
8516	291 
8517	30 
8518	139 
8519	131 
8520	87 
8521	102 
8522	28 
8523	189 
8524	127 
8525	184 
8526	216 
8527	210 
8528	250 
8529	129 
8530	200 
8531	106 
8532	148 
8533	237 
8534	94 
8535	50 
8536	132 
8537	79 
8538	97 
8539	130 
8540	83 
8541	266 
8542	85 
8543	83 
8544	302 
8545	81 
8546	165 
8547	178 
8548	209 
8549	58 
8550	289 
8551	77 
8552	132 
8553	52 
8554	138 
8555	122 
8556	51 
8557	92 
8558	21 
8559	80 
8560	10 
8561	258 
8562	45 
8563	227 
8564	203 
8565	244 
8566	74 
8567	143 
8568	280 
8569	10 
8570	163 
8571	235 
8572	28 
8573	60 
8574	101 
8575	221 
8576	4 
8577	208 
8578	113 
8579	252 
8580	155 
8581	203 
8582	266 
8583	114 
8584	275 
8585	74 
8586	121 
8587	18 
8588	28 
8589	60 
8590	74 
8591	210 
8592	163 
8593	247 
8594	156 
8595	57 
8596	177 
8597	85 
8598	67 
8599	80 
8600	105 
8601	229 
8602	5 
8603	275 
8604	160 
8605	113 
8606	179 
8607	266 
8608	165 
8609	195 
8610	198 
8611	80 
8612	156 
8613	217 
8614	103 
8615	306 
8616	227 
8617	26 
8618	226 
8619	66 
8620	7 
8621	275 
8622	173 
8623	178 
8624	153 
8625	73 
8626	105 
8627	47 
8628	229 
8629	265 
8630	105 
8631	113 
8632	295 
8633	131 
8634	236 
8635	10 
8636	251 
8637	300 
8638	100 
8639	24 
8640	253 
8641	223 
8642	117 
8643	57 
8644	52 
8645	65 
8646	110 
8647	66 
8648	149 
8649	145 
8650	74 
8651	266 
8652	120 
8653	215 
8654	54 
8655	224 
8656	203 
8657	1 
8658	158 
8659	17 
8660	200 
8661	87 
8662	205 
8663	110 
8664	162 
8665	12 
8666	156 
8667	56 
8668	31 
8669	111 
8670	226 
8671	212 
8672	257 
8673	203 
8674	5 
8675	209 
8676	192 
8677	32 
8678	113 
8679	299 
8680	276 
8681	162 
8682	17 
8683	264 
8684	142 
8685	272 
8686	241 
8687	107 
8688	243 
8689	192 
8690	173 
8691	139 
8692	211 
8693	53 
8694	116 
8695	146 
8696	155 
8697	44 
8698	175 
8699	243 
8700	266 
8701	196 
8702	129 
8703	129 
8704	222 
8705	50 
8706	39 
8707	45 
8708	86 
8709	217 
8710	85 
8711	8 
8712	88 
8713	91 
8714	3 
8715	157 
8716	269 
8717	286 
8718	205 
8719	135 
8720	233 
8721	64 
8722	69 
8723	152 
8724	68 
8725	88 
8726	88 
8727	5 
8728	167 
8729	38 
8730	123 
8731	26 
8732	180 
8733	50 
8734	39 
8735	154 
8736	230 
8737	243 
8738	31 
8739	204 
8740	131 
8741	254 
8742	285 
8743	164 
8744	303 
8745	135 
8746	243 
8747	293 
8748	217 
8749	54 
8750	177 
8751	291 
8752	91 
8753	67 
8754	146 
8755	72 
8756	232 
8757	268 
8758	93 
8759	101 
8760	19 
8761	1 
8762	88 
8763	157 
8764	260 
8765	179 
8766	65 
8767	266 
8768	127 
8769	156 
8770	296 
8771	36 
8772	285 
8773	307 
8774	98 
8775	265 
8776	18 
8777	38 
8778	159 
8779	32 
8780	134 
8781	261 
8782	45 
8783	295 
8784	41 
8785	228 
8786	68 
8787	99 
8788	87 
8789	204 
8790	24 
8791	281 
8792	223 
8793	269 
8794	103 
8795	234 
8796	100 
8797	207 
8798	131 
8799	39 
8800	275 
8801	176 
8802	65 
8803	49 
8804	144 
8805	242 
8806	210 
8807	85 
8808	207 
8809	166 
8810	33 
8811	34 
8812	276 
8813	203 
8814	268 
8815	216 
8816	106 
8817	21 
8818	269 
8819	267 
8820	82 
8821	68 
8822	199 
8823	266 
8824	185 
8825	247 
8826	84 
8827	54 
8828	129 
8829	39 
8830	257 
8831	4 
8832	291 
8833	217 
8834	3 
8835	219 
8836	117 
8837	288 
8838	102 
8839	163 
8840	4 
8841	230 
8842	183 
8843	268 
8844	204 
8845	124 
8846	211 
8847	251 
8848	20 
8849	88 
8850	267 
8851	272 
8852	90 
8853	231 
8854	67 
8855	120 
8856	303 
8857	52 
8858	104 
8859	231 
8860	6 
8861	284 
8862	178 
8863	268 
8864	223 
8865	121 
8866	243 
8867	48 
8868	174 
8869	178 
8870	287 
8871	45 
8872	178 
8873	272 
8874	302 
8875	248 
8876	203 
8877	123 
8878	270 
8879	163 
8880	298 
8881	304 
8882	257 
8883	226 
8884	80 
8885	268 
8886	274 
8887	126 
8888	146 
8889	247 
8890	175 
8891	189 
8892	26 
8893	247 
8894	81 
8895	152 
8896	32 
8897	288 
8898	57 
8899	139 
8900	191 
8901	263 
8902	124 
8903	109 
8904	262 
8905	169 
8906	181 
8907	74 
8908	65 
8909	195 
8910	115 
8911	227 
8912	218 
8913	250 
8914	186 
8915	142 
8916	247 
8917	27 
8918	76 
8919	237 
8920	29 
8921	22 
8922	250 
8923	148 
8924	48 
8925	225 
8926	268 
8927	232 
8928	274 
8929	162 
8930	204 
8931	87 
8932	31 
8933	192 
8934	171 
8935	294 
8936	215 
8937	185 
8938	39 
8939	214 
8940	79 
8941	99 
8942	236 
8943	202 
8944	223 
8945	214 
8946	259 
8947	122 
8948	291 
8949	60 
8950	55 
8951	291 
8952	279 
8953	166 
8954	37 
8955	199 
8956	62 
8957	71 
8958	66 
8959	90 
8960	54 
8961	32 
8962	242 
8963	185 
8964	135 
8965	264 
8966	224 
8967	91 
8968	257 
8969	225 
8970	127 
8971	270 
8972	79 
8973	243 
8974	75 
8975	129 
8976	262 
8977	9 
8978	197 
8979	1 
8980	72 
8981	231 
8982	132 
8983	267 
8984	82 
8985	169 
8986	118 
8987	70 
8988	282 
8989	270 
8990	116 
8991	35 
8992	221 
8993	100 
8994	287 
8995	268 
8996	113 
8997	114 
8998	196 
8999	284 
9000	214 
9001	121 
9002	21 
9003	243 
9004	204 
9005	122 
9006	238 
9007	118 
9008	180 
9009	9 
9010	59 
9011	176 
9012	52 
9013	240 
9014	105 
9015	233 
9016	221 
9017	168 
9018	203 
9019	148 
9020	109 
9021	299 
9022	266 
9023	294 
9024	156 
9025	272 
9026	286 
9027	266 
9028	141 
9029	233 
9030	212 
9031	49 
9032	162 
9033	43 
9034	97 
9035	303 
9036	150 
9037	1 
9038	259 
9039	120 
9040	177 
9041	196 
9042	220 
9043	306 
9044	167 
9045	168 
9046	138 
9047	49 
9048	103 
9049	231 
9050	225 
9051	153 
9052	260 
9053	54 
9054	122 
9055	236 
9056	105 
9057	120 
9058	133 
9059	120 
9060	48 
9061	241 
9062	121 
9063	249 
9064	21 
9065	136 
9066	54 
9067	288 
9068	280 
9069	133 
9070	138 
9071	131 
9072	212 
9073	214 
9074	71 
9075	192 
9076	205 
9077	23 
9078	280 
9079	156 
9080	81 
9081	177 
9082	94 
9083	196 
9084	288 
9085	41 
9086	56 
9087	81 
9088	178 
9089	131 
9090	84 
9091	231 
9092	227 
9093	269 
9094	268 
9095	7 
9096	266 
9097	145 
9098	84 
9099	61 
9100	238 
9101	41 
9102	182 
9103	160 
9104	157 
9105	70 
9106	245 
9107	19 
9108	175 
9109	218 
9110	110 
9111	166 
9112	273 
9113	53 
9114	32 
9115	92 
9116	131 
9117	110 
9118	190 
9119	187 
9120	73 
9121	278 
9122	226 
9123	67 
9124	106 
9125	75 
9126	148 
9127	234 
9128	91 
9129	228 
9130	162 
9131	181 
9132	220 
9133	154 
9134	25 
9135	196 
9136	260 
9137	252 
9138	100 
9139	171 
9140	273 
9141	288 
9142	202 
9143	30 
9144	68 
9145	132 
9146	190 
9147	184 
9148	184 
9149	170 
9150	94 
9151	19 
9152	119 
9153	304 
9154	254 
9155	199 
9156	78 
9157	26 
9158	193 
9159	136 
9160	125 
9161	246 
9162	306 
9163	226 
9164	74 
9165	150 
9166	20 
9167	14 
9168	78 
9169	174 
9170	282 
9171	87 
9172	136 
9173	209 
9174	36 
9175	43 
9176	245 
9177	102 
9178	29 
9179	241 
9180	211 
9181	154 
9182	212 
9183	115 
9184	109 
9185	238 
9186	115 
9187	67 
9188	106 
9189	88 
9190	63 
9191	143 
9192	64 
9193	169 
9194	102 
9195	79 
9196	201 
9197	244 
9198	202 
9199	133 
9200	118 
9201	53 
9202	64 
9203	22 
9204	256 
9205	49 
9206	89 
9207	3 
9208	304 
9209	242 
9210	12 
9211	270 
9212	28 
9213	104 
9214	69 
9215	137 
9216	57 
9217	116 
9218	177 
9219	79 
9220	130 
9221	222 
9222	141 
9223	120 
9224	52 
9225	68 
9226	46 
9227	224 
9228	253 
9229	100 
9230	165 
9231	143 
9232	280 
9233	164 
9234	253 
9235	222 
9236	101 
9237	26 
9238	199 
9239	235 
9240	205 
9241	38 
9242	233 
9243	31 
9244	116 
9245	122 
9246	123 
9247	69 
9248	265 
9249	182 
9250	183 
9251	71 
9252	212 
9253	221 
9254	140 
9255	140 
9256	29 
9257	177 
9258	67 
9259	28 
9260	271 
9261	266 
9262	224 
9263	230 
9264	173 
9265	30 
9266	197 
9267	197 
9268	219 
9269	9 
9270	2 
9271	285 
9272	75 
9273	218 
9274	32 
9275	152 
9276	297 
9277	216 
9278	282 
9279	247 
9280	171 
9281	36 
9282	237 
9283	193 
9284	226 
9285	290 
9286	113 
9287	288 
9288	108 
9289	177 
9290	194 
9291	176 
9292	57 
9293	286 
9294	128 
9295	52 
9296	220 
9297	130 
9298	138 
9299	239 
9300	148 
9301	264 
9302	133 
9303	216 
9304	45 
9305	168 
9306	154 
9307	167 
9308	77 
9309	230 
9310	123 
9311	57 
9312	99 
9313	290 
9314	25 
9315	66 
9316	82 
9317	57 
9318	207 
9319	176 
9320	115 
9321	170 
9322	199 
9323	101 
9324	146 
9325	32 
9326	27 
9327	130 
9328	237 
9329	141 
9330	212 
9331	32 
9332	238 
9333	60 
9334	85 
9335	183 
9336	29 
9337	96 
9338	130 
9339	77 
9340	208 
9341	102 
9342	154 
9343	252 
9344	192 
9345	128 
9346	298 
9347	37 
9348	193 
9349	283 
9350	302 
9351	177 
9352	28 
9353	270 
9354	66 
9355	132 
9356	209 
9357	156 
9358	212 
9359	136 
9360	225 
9361	74 
9362	97 
9363	256 
9364	8 
9365	242 
9366	234 
9367	148 
9368	268 
9369	21 
9370	256 
9371	22 
9372	101 
9373	269 
9374	141 
9375	162 
9376	214 
9377	160 
9378	43 
9379	260 
9380	276 
9381	100 
9382	89 
9383	222 
9384	268 
9385	214 
9386	87 
9387	156 
9388	302 
9389	163 
9390	43 
9391	140 
9392	234 
9393	40 
9394	82 
9395	47 
9396	46 
9397	146 
9398	190 
9399	272 
9400	185 
9401	294 
9402	268 
9403	232 
9404	275 
9405	148 
9406	307 
9407	21 
9408	32 
9409	232 
9410	157 
9411	301 
9412	228 
9413	73 
9414	286 
9415	183 
9416	246 
9417	264 
9418	289 
9419	166 
9420	168 
9421	121 
9422	307 
9423	112 
9424	195 
9425	202 
9426	193 
9427	298 
9428	198 
9429	264 
9430	143 
9431	134 
9432	108 
9433	63 
9434	188 
9435	107 
9436	123 
9437	112 
9438	220 
9439	65 
9440	280 
9441	215 
9442	227 
9443	85 
9444	186 
9445	244 
9446	170 
9447	233 
9448	28 
9449	92 
9450	39 
9451	190 
9452	265 
9453	51 
9454	38 
9455	199 
9456	233 
9457	68 
9458	15 
9459	89 
9460	153 
9461	132 
9462	181 
9463	242 
9464	284 
9465	306 
9466	142 
9467	80 
9468	3 
9469	238 
9470	286 
9471	4 
9472	132 
9473	240 
9474	123 
9475	221 
9476	168 
9477	190 
9478	141 
9479	101 
9480	254 
9481	191 
9482	178 
9483	173 
9484	176 
9485	233 
9486	46 
9487	175 
9488	9 
9489	138 
9490	191 
9491	170 
9492	243 
9493	54 
9494	268 
9495	134 
9496	71 
9497	106 
9498	89 
9499	263 
9500	212 
9501	85 
9502	139 
9503	79 
9504	158 
9505	28 
9506	65 
9507	1 
9508	218 
9509	14 
9510	34 
9511	123 
9512	224 
9513	233 
9514	41 
9515	214 
9516	156 
9517	201 
9518	163 
9519	267 
9520	258 
9521	277 
9522	60 
9523	9 
9524	191 
9525	79 
9526	294 
9527	161 
9528	203 
9529	302 
9530	85 
9531	136 
9532	47 
9533	227 
9534	148 
9535	89 
9536	244 
9537	258 
9538	260 
9539	301 
9540	244 
9541	241 
9542	10 
9543	127 
9544	69 
9545	164 
9546	152 
9547	167 
9548	122 
9549	48 
9550	154 
9551	109 
9552	35 
9553	16 
9554	258 
9555	108 
9556	251 
9557	193 
9558	268 
9559	141 
9560	302 
9561	260 
9562	6 
9563	206 
9564	181 
9565	5 
9566	196 
9567	50 
9568	122 
9569	170 
9570	72 
9571	156 
9572	29 
9573	117 
9574	48 
9575	56 
9576	250 
9577	102 
9578	47 
9579	218 
9580	278 
9581	143 
9582	274 
9583	266 
9584	62 
9585	136 
9586	149 
9587	216 
9588	193 
9589	64 
9590	266 
9591	206 
9592	251 
9593	144 
9594	214 
9595	119 
9596	9 
9597	45 
9598	113 
9599	87 
9600	22 
9601	295 
9602	84 
9603	160 
9604	262 
9605	223 
9606	44 
9607	18 
9608	159 
9609	306 
9610	234 
9611	133 
9612	254 
9613	11 
9614	163 
9615	53 
9616	109 
9617	71 
9618	2 
9619	109 
9620	293 
9621	49 
9622	143 
9623	119 
9624	282 
9625	242 
9626	131 
9627	226 
9628	299 
9629	43 
9630	305 
9631	42 
9632	255 
9633	13 
9634	132 
9635	33 
9636	156 
9637	27 
9638	24 
9639	255 
9640	217 
9641	261 
9642	156 
9643	35 
9644	222 
9645	64 
9646	166 
9647	188 
9648	147 
9649	124 
9650	25 
9651	292 
9652	70 
9653	221 
9654	307 
9655	127 
9656	22 
9657	265 
9658	301 
9659	13 
9660	13 
9661	41 
9662	270 
9663	120 
9664	162 
9665	300 
9666	120 
9667	67 
9668	199 
9669	210 
9670	269 
9671	196 
9672	36 
9673	211 
9674	19 
9675	104 
9676	105 
9677	1 
9678	257 
9679	5 
9680	291 
9681	208 
9682	39 
9683	298 
9684	155 
9685	257 
9686	236 
9687	182 
9688	254 
9689	265 
9690	91 
9691	165 
9692	129 
9693	135 
9694	44 
9695	134 
9696	32 
9697	249 
9698	186 
9699	33 
9700	239 
9701	103 
9702	69 
9703	267 
9704	10 
9705	223 
9706	270 
9707	232 
9708	273 
9709	57 
9710	105 
9711	282 
9712	112 
9713	57 
9714	148 
9715	54 
9716	277 
9717	266 
9718	22 
9719	240 
9720	221 
9721	8 
9722	195 
9723	109 
9724	109 
9725	24 
9726	56 
9727	81 
9728	45 
9729	132 
9730	165 
9731	279 
9732	195 
9733	269 
9734	75 
9735	188 
9736	12 
9737	244 
9738	92 
9739	142 
9740	234 
9741	248 
9742	44 
9743	92 
9744	75 
9745	250 
9746	109 
9747	4 
9748	147 
9749	6 
9750	56 
9751	225 
9752	48 
9753	20 
9754	249 
9755	277 
9756	222 
9757	38 
9758	155 
9759	300 
9760	194 
9761	303 
9762	193 
9763	99 
9764	275 
9765	250 
9766	258 
9767	221 
9768	231 
9769	125 
9770	251 
9771	6 
9772	146 
9773	200 
9774	225 
9775	286 
9776	156 
9777	57 
9778	202 
9779	233 
9780	112 
9781	183 
9782	32 
9783	33 
9784	80 
9785	13 
9786	262 
9787	53 
9788	111 
9789	29 
9790	276 
9791	180 
9792	60 
9793	72 
9794	19 
9795	268 
9796	237 
9797	121 
9798	70 
9799	9 
9800	195 
9801	118 
9802	25 
9803	209 
9804	82 
9805	210 
9806	257 
9807	1 
9808	188 
9809	4 
9810	265 
9811	190 
9812	38 
9813	266 
9814	146 
9815	284 
9816	56 
9817	160 
9818	115 
9819	251 
9820	151 
9821	137 
9822	184 
9823	291 
9824	120 
9825	105 
9826	69 
9827	275 
9828	212 
9829	289 
9830	303 
9831	72 
9832	3 
9833	303 
9834	230 
9835	173 
9836	205 
9837	136 
9838	196 
9839	124 
9840	74 
9841	232 
9842	170 
9843	233 
9844	275 
9845	60 
9846	87 
9847	94 
9848	173 
9849	177 
9850	230 
9851	305 
9852	202 
9853	177 
9854	88 
9855	111 
9856	21 
9857	239 
9858	154 
9859	56 
9860	281 
9861	232 
9862	207 
9863	164 
9864	268 
9865	105 
9866	69 
9867	125 
9868	30 
9869	90 
9870	81 
9871	85 
9872	230 
9873	43 
9874	141 
9875	268 
9876	30 
9877	303 
9878	45 
9879	185 
9880	60 
9881	73 
9882	305 
9883	258 
9884	236 
9885	99 
9886	132 
9887	282 
9888	270 
9889	302 
9890	150 
9891	26 
9892	122 
9893	206 
9894	102 
9895	289 
9896	205 
9897	53 
9898	298 
9899	239 
9900	16 
9901	52 
9902	44 
9903	56 
9904	222 
9905	265 
9906	298 
9907	184 
9908	117 
9909	275 
9910	69 
9911	174 
9912	215 
9913	85 
9914	188 
9915	88 
9916	105 
9917	280 
9918	37 
9919	270 
9920	227 
9921	69 
9922	230 
9923	35 
9924	127 
9925	85 
9926	216 
9927	115 
9928	255 
9929	213 
9930	173 
9931	130 
9932	268 
9933	127 
9934	269 
9935	100 
9936	258 
9937	69 
9938	295 
9939	265 
9940	165 
9941	67 
9942	301 
9943	73 
9944	188 
9945	90 
9946	9 
9947	196 
9948	306 
9949	266 
9950	199 
9951	240 
9952	155 
9953	15 
9954	68 
9955	301 
9956	223 
9957	199 
9958	227 
9959	15 
9960	127 
9961	104 
9962	176 
9963	225 
9964	282 
9965	122 
9966	24 
9967	221 
9968	104 
9969	34 
9970	69 
9971	113 
9972	229 
9973	165 
9974	289 
9975	72 
9976	237 
9977	26 
9978	121 
9979	89 
9980	237 
9981	22 
9982	205 
9983	159 
9984	186 
9985	80 
9986	236 
9987	85 
9988	65 
9989	111 
9990	180 
9991	51 
9992	294 
9993	225 
9994	99 
9995	14 
9996	34 
9997	15 
9998	69 
9999	51 
10000	106 
