1	333
1	477
1	674
1	830
1	916
2	886
2	903
2	941
2	952
2	963
3	605
3	730
3	834
3	909
3	953
4	687
4	853
4	875
4	972
4	979
5	259
5	797
5	833
5	885
5	959
6	221
6	823
6	933
6	975
6	995
7	299
7	540
7	820
7	917
7	971
8	428
8	790
8	880
8	953
8	993
9	227
9	881
9	968
9	977
9	988
10	625
10	722
10	897
10	965
10	978
11	717
11	889
11	907
11	910
11	919
12	569
12	575
12	947
12	982
12	998
13	661
13	680
13	699
13	966
13	1000
14	795
14	812
14	912
14	939
14	978
15	290
15	802
15	937
15	966
15	1000
16	226
16	696
16	893
16	948
16	958
17	922
17	923
17	946
17	974
17	997
18	645
18	673
18	830
18	916
18	932
19	22
19	581
19	624
19	944
19	989
20	712
20	817
20	873
20	891
20	928
21	408
21	530
21	862
21	922
21	997
22	19
22	512
22	750
22	989
22	999
23	345
23	380
23	399
23	939
23	946
24	162
24	619
24	785
24	841
24	960
25	893
25	948
25	958
25	961
25	980
26	572
26	725
26	904
26	956
26	967
27	400
27	406
27	657
27	788
27	985
28	612
28	717
28	818
28	919
28	927
29	84
29	488
29	586
29	720
29	960
30	101
30	154
30	466
30	656
30	883
31	178
31	689
31	806
31	857
31	904
32	36
32	606
32	900
32	959
32	996
33	542
33	702
33	847
33	883
33	908
34	399
34	581
34	816
34	939
34	970
35	272
35	764
35	773
35	884
35	962
36	32
36	40
36	744
36	836
36	996
37	512
37	608
37	872
37	989
37	999
38	191
38	216
38	690
38	703
38	756
39	592
39	881
39	951
39	968
39	988
40	36
40	718
40	869
40	900
40	996
41	558
41	811
41	951
41	977
41	988
42	379
42	492
42	609
42	883
42	908
43	268
43	930
43	931
43	942
43	969
44	760
44	858
44	868
44	975
44	995
45	666
45	815
45	886
45	952
45	975
46	52
46	629
46	789
46	837
46	953
47	626
47	771
47	868
47	935
47	975
48	648
48	837
48	838
48	906
48	953
49	114
49	586
49	711
49	785
49	896
50	72
50	643
50	764
50	949
50	962
51	623
51	818
51	876
51	907
51	927
52	46
52	383
52	445
52	834
52	926
53	438
53	871
53	897
53	920
53	965
54	821
54	851
54	943
54	982
54	998
55	305
55	838
55	906
55	924
55	953
56	610
56	641
56	673
56	756
56	830
57	709
57	876
57	910
57	919
57	927
58	261
58	881
58	951
58	976
58	977
59	709
59	825
59	876
59	889
59	919
60	130
60	182
60	769
60	976
60	990
61	678
61	799
61	839
61	917
61	971
62	677
62	770
62	939
62	944
62	999
63	170
63	355
63	424
63	481
63	883
64	340
64	559
64	721
64	993
64	994
65	287
65	370
65	696
65	961
65	980
66	825
66	876
66	889
66	910
66	919
67	271
67	523
67	685
67	956
67	982
68	118
68	301
68	744
68	983
68	986
69	504
69	774
69	805
69	845
69	976
70	647
70	663
70	749
70	811
70	988
71	223
71	580
71	769
71	976
71	990
72	50
72	697
72	835
72	855
72	949
73	748
73	761
73	800
73	954
73	969
74	701
74	782
74	795
74	816
74	946
75	740
75	780
75	873
75	879
75	929
76	404
76	532
76	727
76	949
76	981
77	446
77	849
77	871
77	920
77	965
78	672
78	937
78	940
78	966
78	1000
79	81
79	588
79	918
79	924
79	943
80	537
80	637
80	845
80	878
80	976
81	79
81	132
81	580
81	774
81	990
82	306
82	650
82	808
82	930
82	960
83	437
83	710
83	826
83	945
83	997
84	29
84	237
84	711
84	844
84	960
85	120
85	483
85	742
85	846
85	847
86	607
86	915
86	923
86	945
86	974
87	158
87	237
87	810
87	993
87	994
88	606
88	804
88	836
88	869
88	996
89	127
89	587
89	914
89	983
89	986
90	472
90	536
90	814
90	885
90	959
91	321
91	837
91	903
91	987
91	991
92	260
92	605
92	834
92	906
92	953
93	184
93	254
93	356
93	657
93	985
94	400
94	408
94	573
94	713
94	968
95	240
95	656
95	679
95	742
95	787
96	266
96	834
96	837
96	838
96	926
97	586
97	633
97	649
97	720
97	808
98	307
98	950
98	992
98	993
98	994
99	431
99	804
99	814
99	959
99	996
100	206
100	418
100	602
100	706
100	985
101	30
101	170
101	275
101	336
101	466
102	307
102	655
102	753
102	875
102	994
103	700
103	727
103	731
103	819
103	822
104	611
104	839
104	848
104	868
104	964
105	435
105	770
105	944
105	989
105	999
106	348
106	642
106	934
106	957
106	979
107	697
107	773
107	886
107	949
107	981
108	639
108	761
108	930
108	942
108	949
109	408
109	713
109	788
109	818
109	985
110	823
110	858
110	933
110	935
110	995
111	282
111	951
111	968
111	977
111	988
112	137
112	780
112	870
112	882
112	938
113	595
113	771
113	794
113	963
113	987
114	49
114	826
114	862
114	915
114	922
115	432
115	592
115	663
115	811
115	968
116	508
116	716
116	718
116	959
116	963
117	309
117	902
117	938
117	955
117	961
118	68
118	149
118	873
118	928
118	983
119	747
119	907
119	911
119	919
119	927
120	85
120	426
120	599
120	856
120	908
121	432
121	791
121	811
121	951
121	968
122	131
122	519
122	683
122	905
122	958
123	171
123	256
123	634
123	703
123	916
124	804
124	836
124	900
124	913
124	959
125	126
125	341
125	839
125	964
125	971
126	125
126	802
126	832
126	982
126	984
127	89
127	890
127	891
127	914
127	928
128	576
128	835
128	942
128	949
128	981
129	865
129	922
129	936
129	974
129	997
130	60
130	335
130	504
130	686
130	845
131	122
131	622
131	921
131	927
131	948
132	81
132	133
132	803
132	878
132	976
133	132
133	289
133	581
133	750
133	999
134	138
134	668
134	801
134	884
134	981
135	152
135	180
135	295
135	706
135	985
136	521
136	799
136	917
136	964
136	971
137	112
137	488
137	905
137	948
137	980
138	134
138	807
138	940
138	966
138	1000
139	300
139	367
139	500
139	844
139	896
140	159
140	166
140	593
140	881
140	988
141	372
141	526
141	740
141	929
141	978
142	358
142	529
142	677
142	989
142	999
143	646
143	800
143	860
143	930
143	954
144	618
144	855
144	884
144	962
144	981
145	273
145	476
145	529
145	770
145	944
146	318
146	468
146	769
146	976
146	990
147	268
147	556
147	805
147	827
147	845
148	367
148	711
148	715
148	777
148	844
149	118
149	901
149	902
149	914
149	986
150	649
150	808
150	851
150	896
150	960
151	842
151	870
151	882
151	902
151	958
152	135
152	389
152	684
152	699
152	985
153	209
153	913
153	946
153	955
153	970
154	30
154	156
154	297
154	466
154	603
155	170
155	297
155	609
155	653
155	883
156	154
156	366
156	789
156	877
156	994
157	399
157	795
157	912
157	946
157	955
158	87
158	557
158	642
158	885
158	996
159	140
159	749
159	951
159	968
159	988
160	326
160	452
160	481
160	655
160	856
161	820
161	865
161	911
161	922
161	997
162	24
162	300
162	585
162	619
162	960
163	754
163	779
163	925
163	934
163	973
164	593
164	682
164	811
164	951
164	988
165	834
165	838
165	867
165	909
165	953
166	140
166	652
166	755
166	842
166	901
167	737
167	913
167	947
167	955
167	970
168	746
168	812
168	912
168	947
168	970
169	781
169	951
169	968
169	977
169	988
170	63
170	101
170	155
170	490
170	847
171	123
171	610
171	634
171	645
171	916
172	563
172	785
172	896
172	958
172	960
173	378
173	597
173	718
173	754
173	797
174	375
174	890
174	963
174	983
174	986
175	747
175	818
175	889
175	919
175	927
176	225
176	583
176	584
176	849
176	871
177	632
177	710
177	911
177	945
177	997
178	31
178	765
178	859
178	956
178	978
179	669
179	747
179	885
179	889
179	907
180	135
180	208
180	418
180	706
180	985
181	359
181	828
181	882
181	905
181	938
182	60
182	331
182	489
182	637
182	976
183	564
183	655
183	787
183	856
183	908
184	93
184	251
184	706
184	707
184	985
185	245
185	486
185	827
185	878
185	990
186	187
186	589
186	640
186	810
186	994
187	186
187	846
187	939
187	947
187	955
188	513
188	605
188	867
188	906
188	909
189	612
189	757
189	763
189	889
189	919
190	593
190	614
190	688
190	904
190	929
191	38
191	610
191	620
191	645
191	833
192	304
192	490
192	507
192	856
192	883
193	678
193	839
193	867
193	964
193	971
194	562
194	581
194	720
194	989
194	999
195	864
195	957
195	961
195	972
195	973
196	528
196	558
196	592
196	977
196	988
197	769
197	805
197	827
197	976
197	990
198	469
198	895
198	935
198	975
198	995
199	630
199	855
199	949
199	962
199	981
200	553
200	805
200	845
200	861
200	990
201	729
201	912
201	939
201	946
201	955
202	316
202	597
202	606
202	869
202	900
203	701
203	933
203	946
203	955
203	970
204	431
204	552
204	578
204	860
204	969
205	363
205	823
205	858
205	975
205	995
206	100
206	251
206	433
206	684
206	985
207	255
207	738
207	925
207	972
207	973
208	180
208	522
208	957
208	973
208	979
209	153
209	746
209	946
209	947
209	970
210	299
210	540
210	560
210	684
210	848
211	410
211	482
211	499
211	605
211	867
212	416
212	598
212	621
212	685
212	984
213	214
213	546
213	798
213	975
213	995
214	213
214	822
214	855
214	962
214	981
215	505
215	866
215	930
215	931
215	942
216	38
216	743
216	865
216	911
216	915
217	640
217	784
217	936
217	950
217	994
218	667
218	669
218	876
218	910
218	927
219	759
219	815
219	941
219	963
219	991
220	341
220	521
220	616
220	848
220	964
221	6
221	362
221	783
221	964
221	971
222	416
222	832
222	924
222	943
222	984
222	998
223	71
223	421
223	601
223	810
223	875
223	936
224	557
224	854
224	886
224	892
224	899
224	952
225	176
225	427
225	448
225	485
225	849
225	871
226	16
226	826
226	831
226	911
226	923
226	945
227	9
227	791
227	881
227	968
227	977
227	988
228	892
228	899
228	951
228	952
228	987
228	991
229	448
229	567
229	583
229	659
229	809
229	897
230	460
230	638
230	741
230	802
230	895
230	998
231	387
231	574
231	839
231	917
231	964
231	971
232	509
232	712
232	744
232	843
232	890
232	983
233	303
233	321
233	327
233	888
233	941
233	987
234	530
234	911
234	915
234	922
234	974
234	997
235	889
235	921
235	938
235	948
235	961
235	980
236	414
236	487
236	563
236	814
236	900
236	959
237	84
237	87
237	721
237	863
237	877
237	936
238	383
238	390
238	671
238	909
238	926
238	953
239	570
239	665
239	756
239	833
239	916
239	932
240	95
240	466
240	564
240	653
240	679
240	945
241	418
241	608
241	624
241	944
241	989
241	999
242	362
242	387
242	683
242	783
242	848
242	964
243	682
243	783
243	839
243	917
243	964
243	971
244	377
244	714
244	843
244	890
244	901
244	928
245	185
245	553
245	685
245	692
245	774
245	990
246	292
246	823
246	933
246	961
246	975
246	995
247	391
247	686
247	794
247	886
247	892
247	941
248	384
248	627
248	789
248	950
248	993
248	994
249	251
249	905
249	938
249	948
249	958
249	961
250	757
250	778
250	825
250	876
250	910
250	919
251	184
251	206
251	249
251	657
251	706
251	985
252	852
252	858
252	933
252	935
252	975
252	995
253	254
253	569
253	731
253	802
253	918
253	982
254	93
254	253
254	449
254	573
254	713
254	985
255	207
255	430
255	442
255	816
255	912
255	947
256	123
256	434
256	440
256	634
256	681
256	703
257	662
257	925
257	957
257	972
257	973
257	979
258	463
258	615
258	717
258	747
258	818
258	910
259	5
259	642
259	804
259	814
259	850
259	900
260	92
260	406
260	629
260	730
260	906
260	926
261	58
261	811
261	881
261	951
261	988
261	999
262	802
262	829
262	861
262	896
262	943
262	998
263	471
263	771
263	798
263	852
263	868
263	935
264	374
264	725
264	779
264	793
264	806
264	956
265	559
265	589
265	878
265	992
265	993
265	994
266	96
266	499
266	834
266	838
266	906
266	909
267	469
267	858
267	912
267	935
267	975
267	995
268	43
268	147
268	635
268	637
268	803
268	976
269	738
269	824
269	934
269	957
269	977
269	979
270	854
270	899
270	903
270	941
270	952
270	963
271	67
271	405
271	523
271	832
271	918
271	998
272	35
272	274
272	576
272	773
272	884
272	981
273	145
273	289
273	675
273	677
273	872
273	999
274	272
274	382
274	740
274	806
274	956
274	967
275	101
275	404
275	564
275	655
275	742
275	787
276	583
276	584
276	733
276	871
276	920
276	965
277	372
277	793
277	806
277	929
277	967
277	978
278	419
278	699
278	781
278	874
278	937
278	966
279	383
279	450
279	648
279	671
279	909
279	926
280	811
280	843
280	890
280	901
280	914
280	986
281	536
281	617
281	768
281	894
281	966
281	1000
282	111
282	593
282	749
282	951
282	968
282	977
283	771
283	798
283	868
283	933
283	935
283	975
284	519
284	544
284	734
284	902
284	905
284	980
285	712
285	755
285	775
285	817
285	901
285	983
286	699
286	874
286	894
286	937
286	940
286	1000
287	65
287	489
287	580
287	692
287	803
287	845
288	681
288	690
288	756
288	824
288	916
288	932
289	133
289	273
289	529
289	957
289	989
289	999
290	15
290	781
290	874
290	940
290	966
290	1000
291	451
291	461
291	610
291	805
291	976
291	990
292	246
292	626
292	858
292	935
292	975
292	995
293	854
293	903
293	952
293	963
293	987
293	991
294	834
294	838
294	906
294	909
294	926
294	953
295	135
295	400
295	431
295	684
295	707
295	788
296	829
296	851
296	895
296	943
296	982
296	984
297	154
297	155
297	599
297	847
297	856
297	903
298	414
298	767
298	836
298	850
298	869
298	996
299	7
299	210
299	496
299	799
299	848
299	917
300	139
300	162
300	306
300	711
300	851
300	960
301	68
301	664
301	800
301	866
301	930
301	954
302	554
302	555
302	786
302	859
302	929
302	978
303	233
303	686
303	815
303	899
303	963
303	991
304	192
304	379
304	483
304	655
304	672
304	908
305	55
305	450
305	482
305	608
305	837
305	953
306	82
306	300
306	538
306	633
306	660
306	960
307	98
307	102
307	366
307	790
307	863
307	993
308	505
308	620
308	641
308	665
308	674
308	932
309	117
309	511
309	734
309	921
309	938
309	961
310	553
310	660
310	715
310	844
310	851
310	960
311	462
311	718
311	773
311	777
311	962
311	981
312	321
312	739
312	872
312	941
312	952
312	963
313	579
313	646
313	664
313	860
313	931
313	942
314	414
314	517
314	568
314	797
314	885
314	996
315	753
315	772
315	792
315	810
315	936
315	994
316	202
316	865
316	915
316	923
316	974
316	997
317	465
317	643
317	835
317	884
317	949
317	962
318	146
318	693
318	769
318	878
318	976
318	990
319	444
319	821
319	924
319	943
319	984
319	998
320	504
320	548
320	556
320	803
320	805
320	827
321	91
321	233
321	312
321	739
321	952
321	987
322	413
322	911
322	915
322	922
322	923
322	990
323	381
323	605
323	730
323	906
323	953
323	994
324	445
324	693
324	926
324	928
324	983
324	986
325	388
325	514
325	596
325	616
325	651
325	965
326	160
326	483
326	599
326	653
326	787
326	847
327	233
327	590
327	702
327	815
327	886
327	941
328	779
328	840
328	853
328	925
328	972
328	973
329	731
329	802
329	832
329	898
329	982
329	998
330	435
330	675
330	872
330	944
330	989
330	999
331	182
331	553
331	803
331	845
331	976
331	990
332	846
332	913
332	939
332	947
332	955
332	970
333	1
333	673
333	830
333	916
333	932
333	998
334	484
334	695
334	754
334	797
334	814
334	836
335	130
335	461
335	507
335	635
335	845
335	976
336	101
336	360
336	481
336	767
336	847
336	908
337	608
337	770
337	872
337	944
337	989
337	999
338	486
338	774
338	803
338	805
338	845
338	870
339	725
339	740
339	929
339	956
339	967
339	978
340	64
340	814
340	877
340	950
340	992
340	993
341	125
341	220
341	464
341	521
341	607
341	971
342	617
342	807
342	874
342	940
342	966
342	1000
343	502
343	621
343	643
343	819
343	822
343	981
344	435
344	510
344	675
344	872
344	944
344	989
345	23
345	358
345	637
345	774
345	976
345	990
346	529
346	770
346	872
346	944
346	967
346	989
347	746
347	795
347	939
347	946
347	947
347	955
348	106
348	354
348	840
348	934
348	972
348	979
349	350
349	732
349	759
349	854
349	892
349	987
350	349
350	419
350	587
350	755
350	891
350	986
351	619
351	720
351	785
351	851
351	896
351	960
352	791
352	881
352	951
352	968
352	977
352	988
353	529
353	608
353	624
353	872
353	989
353	999
354	348
354	687
354	925
354	934
354	972
354	973
355	63
355	490
355	672
355	787
355	834
355	908
356	93
356	389
356	602
356	707
356	788
356	985
357	749
357	791
357	951
357	968
357	977
357	988
358	142
358	345
358	461
358	537
358	878
358	990
359	181
359	683
359	825
359	870
359	893
359	961
360	336
360	426
360	483
360	603
360	655
360	787
361	435
361	577
361	581
361	770
361	872
361	999
362	221
362	242
362	387
362	799
362	839
362	971
363	205
363	823
363	858
363	933
363	955
363	995
364	400
364	408
364	498
364	684
364	713
364	881
365	606
365	695
365	850
365	885
365	959
365	996
366	156
366	307
366	425
366	992
366	993
366	994
367	139
367	148
367	660
367	715
367	844
367	851
368	552
368	596
368	631
368	766
368	800
368	931
368	969
369	578
369	760
369	875
369	950
369	992
369	993
369	994
370	65
370	476
370	683
370	736
370	893
370	938
370	980
371	776
371	820
371	826
371	865
371	923
371	945
371	974
372	141
372	277
372	688
372	859
372	929
372	956
372	967
373	540
373	679
373	783
373	848
373	917
373	964
373	971
374	264
374	492
374	793
374	859
374	887
374	929
374	978
375	174
375	419
375	615
375	737
375	841
375	891
375	986
376	714
376	832
376	843
376	914
376	928
376	983
376	986
377	244
377	534
377	713
377	719
377	817
377	842
377	986
378	173
378	557
378	814
378	836
378	850
378	933
378	996
379	42
379	304
379	692
379	787
379	856
379	883
379	908
380	23
380	812
380	816
380	835
380	939
380	955
380	970
381	323
381	671
381	834
381	867
381	906
381	909
381	926
382	274
382	515
382	554
382	634
382	765
382	929
382	956
383	52
383	238
383	279
383	648
383	826
383	909
383	953
384	248
384	412
384	693
384	841
384	891
384	983
384	986
385	682
385	791
385	811
385	881
385	951
385	968
385	988
386	596
386	644
386	651
386	733
386	809
386	849
386	965
387	231
387	242
387	362
387	496
387	848
387	917
387	971
388	325
388	782
388	809
388	871
388	897
388	920
388	965
389	152
389	356
389	408
389	498
389	657
389	966
389	985
390	238
390	605
390	730
390	867
390	903
390	926
390	953
391	247
391	587
391	737
391	890
391	891
391	901
391	914
392	600
392	667
392	726
392	732
392	854
392	963
392	987
393	516
393	644
393	886
393	888
393	941
393	963
393	991
394	497
394	887
394	912
394	939
394	947
394	955
394	970
395	494
395	616
395	644
395	809
395	910
395	920
395	965
396	676
396	840
396	864
396	925
396	934
396	972
396	979
397	547
397	832
397	895
397	898
397	924
397	979
397	982
398	666
398	732
398	739
398	755
398	794
398	941
398	952
399	23
399	34
399	157
399	400
399	913
399	955
399	970
400	27
400	94
400	295
400	364
400	399
400	602
400	985
401	611
401	671
401	834
401	867
401	906
401	926
401	953
402	758
402	786
402	857
402	859
402	904
402	929
402	956
403	619
403	649
403	715
403	785
403	896
403	960
403	1000
404	76
404	275
404	538
404	700
404	727
404	884
404	962
405	271
405	565
405	790
405	863
405	875
405	880
405	950
406	27
406	260
406	838
406	867
406	906
406	926
406	953
407	638
407	726
407	732
407	886
407	903
407	987
407	991
408	21
408	94
408	109
408	364
408	389
408	433
408	985
409	687
409	853
409	864
409	925
409	934
409	972
409	979
410	211
410	671
410	837
410	838
410	909
410	926
410	952
411	415
411	860
411	866
411	905
411	931
411	942
411	969
412	384
412	509
412	636
412	744
412	841
412	914
412	986
413	322
413	831
413	862
413	911
413	923
413	945
413	997
414	236
414	298
414	314
414	417
414	613
414	716
414	836
415	411
415	866
415	930
415	931
415	942
415	954
415	969
416	212
416	222
416	503
416	802
416	895
416	943
416	998
417	414
417	595
417	702
417	886
417	892
417	903
417	991
418	100
418	180
418	241
418	498
418	707
418	788
418	985
419	278
419	350
419	375
419	744
419	817
419	914
419	983
420	627
420	640
420	806
420	875
420	877
420	936
420	992
421	223
421	772
421	790
421	810
421	875
421	880
421	994
422	464
422	505
422	620
422	665
422	756
422	833
422	916
423	441
423	543
423	550
423	614
423	758
423	853
423	887
424	63
424	654
424	781
424	807
424	940
424	966
424	1000
425	366
425	721
425	789
425	790
425	801
425	936
425	992
426	120
426	360
426	542
426	679
426	856
426	883
426	908
427	225
427	479
427	616
427	651
427	871
427	897
427	965
428	8
428	601
428	772
428	790
428	792
428	991
428	992
429	704
429	818
429	876
429	907
429	910
429	927
429	944
430	255
430	746
430	816
430	846
430	913
430	946
430	970
431	99
431	204
431	295
431	930
431	931
431	954
431	969
432	115
432	121
432	765
432	881
432	968
432	977
432	988
433	206
433	408
433	449
433	707
433	713
433	856
433	985
434	256
434	554
434	561
434	887
434	904
434	967
434	978
435	105
435	330
435	344
435	361
435	944
435	962
435	989
436	467
436	473
436	501
436	604
436	764
436	819
436	962
437	83
437	743
437	826
437	865
437	922
437	945
437	974
438	53
438	514
438	625
438	802
438	849
438	920
438	965
439	544
439	751
439	870
439	882
439	893
439	958
439	985
440	256
440	510
440	610
440	830
440	916
440	932
440	980
441	423
441	879
441	887
441	904
441	956
441	967
441	978
442	255
442	571
442	912
442	913
442	929
442	939
442	947
443	742
443	798
443	852
443	868
443	933
443	975
443	995
444	319
444	506
444	541
444	570
444	741
444	829
444	998
445	52
445	324
445	693
445	755
445	842
445	891
445	928
446	77
446	582
446	646
446	748
446	931
446	954
446	969
447	552
447	761
447	860
447	930
447	942
447	954
447	969
448	225
448	229
448	733
448	871
448	897
448	918
448	965
449	254
449	433
449	451
449	573
449	657
449	707
449	985
450	279
450	305
450	474
450	730
450	837
450	867
450	909
451	291
451	449
451	553
451	692
451	774
451	827
451	990
452	160
452	752
452	781
452	937
452	940
452	966
452	1000
453	459
453	480
453	566
453	820
453	865
453	922
453	974
454	455
454	485
454	644
454	782
454	809
454	849
454	965
455	454
455	721
455	753
455	762
455	792
455	992
455	994
456	771
456	858
456	868
456	883
456	933
456	975
456	995
457	551
457	729
457	843
457	846
457	913
457	946
457	955
458	459
458	685
458	741
458	861
458	918
458	924
458	982
459	453
459	458
459	572
459	820
459	915
459	974
459	997
460	230
460	547
460	802
460	918
460	984
460	996
460	998
461	291
461	335
461	358
461	556
461	774
461	878
461	917
462	311
462	465
462	604
462	745
462	777
462	822
462	962
463	258
463	615
463	757
463	825
463	907
463	919
463	927
464	341
464	422
464	496
464	783
464	839
464	917
464	964
465	317
465	462
465	502
465	643
465	658
465	697
465	962
466	30
466	101
466	154
466	240
466	672
466	847
466	976
467	436
467	473
467	538
467	764
467	884
467	908
467	962
467	981
468	146
468	734
468	828
468	882
468	902
468	905
468	921
468	961
469	198
469	267
469	722
469	868
469	933
469	935
469	975
469	995
470	600
470	815
470	854
470	886
470	899
470	903
470	937
470	963
471	263
471	491
471	626
471	798
471	852
471	933
471	975
471	995
472	90
472	716
472	797
472	814
472	869
472	885
472	959
472	996
473	436
473	467
473	618
473	764
473	801
473	819
473	822
473	949
474	450
474	513
474	629
474	671
474	813
474	837
474	867
474	926
475	511
475	734
475	893
475	909
475	938
475	958
475	961
475	980
476	145
476	370
476	525
476	813
476	870
476	893
476	921
476	980
477	1
477	505
477	673
477	703
477	756
477	766
477	830
477	916
478	729
478	795
478	846
478	855
478	912
478	913
478	946
478	947
479	427
479	480
479	644
479	849
479	871
479	897
479	920
479	965
480	453
480	479
480	632
480	831
480	922
480	923
480	974
480	997
481	63
481	160
481	336
481	482
481	507
481	609
481	656
481	883
482	211
482	305
482	481
482	629
482	648
482	837
482	909
482	953
483	85
483	304
483	326
483	360
483	603
483	653
483	679
483	777
484	334
484	597
484	613
484	642
484	715
484	754
484	869
484	996
485	225
485	454
485	487
485	584
485	644
485	722
485	733
485	871
486	185
486	338
486	580
486	635
486	769
486	774
486	803
486	878
487	236
487	485
487	557
487	568
487	642
487	767
487	900
487	996
488	29
488	137
488	533
488	751
488	870
488	902
488	938
488	961
489	182
489	287
489	556
489	637
489	692
489	805
489	845
489	976
490	170
490	192
490	355
490	542
490	564
490	787
490	883
490	908
491	471
491	675
491	677
491	750
491	872
491	944
491	989
491	999
492	42
492	374
492	614
492	758
492	786
492	796
492	857
492	978
493	614
493	793
493	857
493	859
493	887
493	904
493	956
493	978
494	395
494	514
494	584
494	659
494	722
494	733
494	782
494	920
495	661
495	768
495	874
495	894
495	937
495	940
495	966
495	1000
496	299
496	387
496	464
496	560
496	574
496	611
496	839
496	971
497	394
497	694
497	746
497	812
497	846
497	912
497	913
497	947
498	364
498	389
498	418
498	573
498	707
498	713
498	788
498	985
499	211
499	266
499	629
499	837
499	838
499	867
499	882
499	909
500	139
500	711
500	715
500	808
500	844
500	896
500	960
500	982
501	436
501	604
501	630
501	658
501	835
501	884
501	949
501	981
502	343
502	465
502	658
502	727
502	745
502	777
502	822
502	986
503	416
503	528
503	861
503	924
503	943
503	983
503	984
503	998
504	69
504	130
504	320
504	603
504	805
504	878
504	976
504	990
505	215
505	308
505	422
505	477
505	591
505	830
505	833
505	932
506	444
506	775
506	821
506	895
506	898
506	943
506	984
506	998
507	192
507	335
507	481
507	599
507	603
507	679
507	847
507	883
508	116
508	718
508	754
508	767
508	850
508	853
508	900
508	996
509	232
509	412
509	652
509	691
509	719
509	852
509	891
509	986
510	344
510	440
510	591
510	610
510	620
510	634
510	645
510	690
511	309
511	475
511	512
511	694
511	728
511	751
511	870
511	958
512	22
512	37
512	511
512	562
512	750
512	872
512	944
512	999
513	188
513	474
513	629
513	648
513	786
513	834
513	838
513	926
514	325
514	438
514	494
514	722
514	724
514	871
514	897
514	920
515	382
515	688
515	689
515	740
515	758
515	796
515	956
515	967
516	393
516	698
516	712
516	815
516	854
516	952
516	987
516	991
517	314
517	695
517	718
517	754
517	804
517	869
517	906
517	996
518	676
518	687
518	708
518	864
518	893
518	925
518	957
518	973
519	122
519	284
519	870
519	882
519	905
519	938
519	961
519	980
520	590
520	778
520	818
520	825
520	830
520	889
520	910
520	927
521	136
521	220
521	341
521	540
521	574
521	799
521	848
521	964
522	208
522	583
522	662
522	864
522	934
522	957
522	972
522	973
523	67
523	271
523	821
523	829
523	861
523	898
523	923
523	924
524	533
524	728
524	779
524	828
524	882
524	921
524	961
524	980
525	476
525	544
525	813
525	870
525	905
525	921
525	938
525	980
526	141
526	629
526	689
526	725
526	758
526	904
526	929
526	956
527	654
527	807
527	894
527	915
527	937
527	940
527	966
527	1000
528	196
528	503
528	575
528	685
528	802
528	982
528	984
528	998
529	142
529	145
529	289
529	346
529	353
529	890
529	944
529	999
530	21
530	234
530	776
530	826
530	865
530	911
530	923
530	997
531	638
531	886
531	888
531	941
531	952
531	960
531	963
531	987
532	76
532	853
532	925
532	934
532	957
532	972
532	973
532	979
533	488
533	524
533	696
533	882
533	905
533	948
533	958
533	980
534	377
534	737
534	742
534	841
534	842
534	914
534	983
534	986
535	680
535	752
535	807
535	894
535	937
535	940
535	966
535	1000
536	90
536	281
536	680
536	781
536	807
536	894
536	937
536	1000
537	80
537	358
537	769
537	827
537	845
537	878
537	887
537	990
538	306
538	404
538	467
538	700
538	819
538	835
538	855
538	962
539	798
539	821
539	823
539	852
539	868
539	933
539	935
539	995
540	7
540	210
540	373
540	521
540	783
540	917
540	964
540	971
541	444
541	638
541	686
541	702
541	759
541	886
541	888
541	941
542	33
542	426
542	490
542	656
542	679
542	742
542	815
542	908
543	423
543	806
543	857
543	859
543	887
543	904
543	967
543	982
544	284
544	439
544	525
544	764
544	902
544	948
544	958
544	980
545	560
545	611
545	721
545	799
545	839
545	917
545	964
545	971
546	213
546	852
546	868
546	871
546	933
546	935
546	975
546	995
547	397
547	460
547	570
547	575
547	735
547	821
547	895
547	900
547	998
548	320
548	587
548	712
548	714
548	842
548	873
548	901
548	928
548	983
549	619
549	662
549	738
549	779
549	840
549	864
549	957
549	972
549	973
550	423
550	620
550	786
550	796
550	857
550	859
550	879
550	904
550	978
551	457
551	571
551	729
551	746
551	873
551	912
551	939
551	946
551	955
552	204
552	368
552	447
552	567
552	766
552	866
552	931
552	969
552	984
553	200
553	245
553	310
553	331
553	451
553	635
553	769
553	774
553	976
554	302
554	382
554	434
554	594
554	780
554	786
554	879
554	956
554	967
555	302
555	689
555	740
555	758
555	806
555	822
555	904
555	956
555	967
556	147
556	320
556	461
556	489
556	637
556	643
556	827
556	976
556	990
557	158
557	224
557	378
557	487
557	613
557	642
557	695
557	754
557	885
558	41
558	196
558	627
558	749
558	791
558	881
558	968
558	977
558	988
559	64
559	265
559	577
559	609
559	721
559	877
559	950
559	992
559	993
560	210
560	496
560	545
560	799
560	839
560	848
560	917
560	953
560	964
561	434
561	758
561	786
561	793
561	796
561	806
561	904
561	943
561	967
562	194
562	512
562	675
562	750
562	872
562	944
562	969
562	989
562	999
563	172
563	236
563	585
563	586
563	649
563	660
563	720
563	896
563	960
564	183
564	240
564	275
564	490
564	603
564	609
564	847
564	856
564	908
565	405
565	589
565	601
565	760
565	880
565	890
565	992
565	993
565	994
566	453
566	735
566	741
566	775
566	821
566	829
566	861
566	898
566	924
567	229
567	552
567	631
567	748
567	761
567	866
567	930
567	931
567	954
568	314
568	487
568	651
568	754
568	850
568	885
568	900
568	959
568	996
569	12
569	253
569	691
569	861
569	898
569	918
569	943
569	982
569	984
570	239
570	444
570	547
570	735
570	832
570	898
570	918
570	924
570	984
571	442
571	551
571	701
571	795
571	812
571	846
571	891
571	913
571	970
572	26
572	459
572	607
572	743
572	776
572	911
572	915
572	945
572	974
573	94
573	254
573	449
573	498
573	602
573	706
573	713
573	827
573	985
574	231
574	496
574	521
574	678
574	783
574	799
574	848
574	964
574	971
575	12
575	528
575	547
575	731
575	735
575	789
575	898
575	943
575	982
576	128
576	272
576	697
576	700
576	777
576	822
576	829
576	884
576	981
577	361
577	559
577	784
577	789
577	880
577	936
577	992
577	993
577	994
578	204
578	369
578	579
578	723
578	761
578	930
578	942
578	954
578	969
579	313
579	578
579	631
579	639
579	748
579	930
579	942
579	954
579	969
580	71
580	81
580	287
580	486
580	692
580	803
580	827
580	878
580	990
581	19
581	34
581	133
581	194
581	361
581	677
581	944
581	989
581	999
582	446
582	639
582	748
582	761
582	778
582	800
582	860
582	931
582	954
583	176
583	229
583	276
583	522
583	625
583	644
583	782
583	920
583	965
584	176
584	276
584	485
584	494
584	783
584	809
584	897
584	920
584	965
585	162
585	563
585	586
585	720
585	785
585	808
585	817
585	896
585	960
586	29
586	49
586	97
586	563
586	585
586	633
586	650
586	795
586	808
587	89
587	350
587	391
587	548
587	714
587	719
587	736
587	755
587	914
588	79
588	589
588	821
588	829
588	861
588	895
588	918
588	924
588	982
589	186
589	265
589	565
589	588
589	790
589	936
589	950
589	992
589	993
590	327
590	520
590	615
590	623
590	763
590	778
590	889
590	910
590	919
591	505
591	510
591	620
591	665
591	674
591	681
591	830
591	916
591	932
592	39
592	115
592	196
592	663
592	687
592	791
592	951
592	977
592	988
593	140
593	164
593	190
593	282
593	682
593	791
593	881
593	951
593	977
594	554
594	680
594	752
594	768
594	874
594	894
594	940
594	966
594	1000
595	113
595	417
595	702
595	726
595	888
595	941
595	960
595	987
595	991
596	325
596	368
596	386
596	616
596	782
596	809
596	849
596	920
596	965
597	173
597	202
597	484
597	606
597	716
597	797
597	814
597	859
597	869
598	212
598	621
598	731
598	775
598	857
598	898
598	918
598	943
598	998
599	120
599	297
599	326
599	507
599	650
599	655
599	656
599	787
599	847
600	392
600	470
600	638
600	815
600	835
600	854
600	888
600	952
600	963
601	223
601	428
601	565
601	625
601	762
601	772
601	792
601	950
601	992
601	993
602	100
602	356
602	400
602	573
602	626
602	657
602	706
602	713
602	788
602	985
603	154
603	360
603	483
603	504
603	507
603	564
603	653
603	672
603	883
603	908
604	436
604	462
604	501
604	630
604	745
604	801
604	855
604	938
604	949
604	962
605	3
605	92
605	188
605	211
605	323
605	390
605	648
605	747
605	838
605	953
606	32
606	88
606	202
606	365
606	597
606	767
606	780
606	814
606	900
606	996
607	86
607	341
607	572
607	628
607	632
607	915
607	922
607	945
607	974
607	997
608	37
608	241
608	305
608	337
608	353
608	624
608	677
608	750
608	770
608	989
609	42
609	155
609	481
609	559
609	564
609	679
609	847
609	856
609	883
609	908
610	56
610	171
610	191
610	291
610	440
610	510
610	620
610	674
610	681
610	932
611	104
611	401
611	496
611	545
611	678
611	783
611	848
611	917
611	964
611	971
612	28
612	189
612	623
612	669
612	670
612	717
612	778
612	919
612	927
612	934
613	414
613	484
613	557
613	767
613	797
613	804
613	850
613	885
613	898
613	959
614	190
614	423
614	492
614	493
614	689
614	786
614	793
614	879
614	897
614	956
615	258
615	375
615	463
615	590
615	709
615	757
615	825
615	889
615	907
615	919
616	220
616	325
616	395
616	427
616	596
616	625
616	659
616	809
616	897
616	965
617	281
617	342
617	699
617	729
617	752
617	768
617	874
617	894
617	937
617	1000
618	144
618	473
618	630
618	727
618	773
618	801
618	819
618	822
618	868
618	884
619	24
619	162
619	351
619	403
619	549
619	633
619	650
619	808
619	851
619	960
620	191
620	308
620	422
620	510
620	550
620	591
620	610
620	690
620	756
620	932
621	212
621	343
621	598
621	735
621	741
621	898
621	924
621	943
621	984
621	998
622	131
622	624
622	705
622	734
622	813
622	882
622	902
622	921
622	948
622	958
623	51
623	590
623	612
623	667
623	757
623	763
623	889
623	892
623	907
623	927
624	19
624	241
624	353
624	608
624	622
624	750
624	770
624	944
624	989
624	999
625	10
625	438
625	583
625	601
625	616
625	651
625	659
625	722
625	849
625	897
626	47
626	292
626	471
626	602
626	798
626	858
626	933
626	935
626	975
626	995
627	248
627	420
627	558
627	640
627	753
627	877
627	936
627	950
627	993
627	994
628	607
628	710
628	862
628	911
628	915
628	923
628	945
628	974
628	992
628	997
629	46
629	260
629	474
629	482
629	499
629	513
629	526
629	837
629	867
629	906
630	199
630	501
630	604
630	618
630	745
630	801
630	804
630	884
630	949
630	962
631	368
631	567
631	579
631	632
631	664
631	748
631	761
631	942
631	954
631	969
632	177
632	480
632	607
632	631
632	831
632	862
632	915
632	923
632	974
632	997
633	97
633	306
633	586
633	619
633	649
633	711
633	769
633	808
633	896
633	960
634	123
634	171
634	256
634	382
634	510
634	674
634	703
634	830
634	833
634	916
635	268
635	335
635	486
635	553
635	637
635	792
635	803
635	845
635	878
635	976
636	412
636	736
636	744
636	841
636	873
636	890
636	891
636	928
636	983
636	989
637	80
637	182
637	268
637	345
637	489
637	556
637	635
637	827
637	862
637	990
638	230
638	407
638	531
638	541
638	600
638	698
638	899
638	903
638	963
638	991
639	108
639	579
639	582
639	723
639	800
639	931
639	942
639	954
639	969
639	973
640	186
640	217
640	420
640	627
640	721
640	762
640	877
640	970
640	992
640	994
641	56
641	308
641	665
641	674
641	681
641	690
641	756
641	833
641	869
641	932
642	106
642	158
642	259
642	484
642	487
642	557
642	716
642	814
642	885
642	996
643	50
643	317
643	343
643	465
643	556
643	801
643	819
643	822
643	949
643	981
644	386
644	393
644	395
644	454
644	479
644	485
644	583
644	897
644	920
644	965
645	18
645	171
645	191
645	510
645	673
645	690
645	830
645	833
645	932
645	986
646	143
646	313
646	446
646	697
646	723
646	866
646	930
646	931
646	942
646	969
647	70
647	663
647	749
647	811
647	881
647	925
647	951
647	968
647	977
647	988
648	48
648	279
648	383
648	482
648	513
648	605
648	837
648	867
648	906
648	928
649	97
649	150
649	403
649	563
649	633
649	711
649	851
649	896
649	956
649	960
650	82
650	586
650	599
650	619
650	660
650	711
650	720
650	808
650	844
650	896
651	325
651	386
651	427
651	568
651	625
651	722
651	782
651	809
651	897
651	920
652	166
652	509
652	712
652	719
652	841
652	891
652	901
652	914
652	986
652	995
653	155
653	240
653	326
653	483
653	603
653	672
653	742
653	840
653	847
653	856
654	424
654	527
654	752
654	781
654	841
654	874
654	894
654	937
654	966
654	1000
655	102
655	160
655	183
655	275
655	304
655	360
655	599
655	856
655	883
655	908
656	30
656	95
656	481
656	542
656	599
656	680
656	742
656	847
656	883
656	904
657	27
657	93
657	251
657	389
657	449
657	602
657	707
657	788
657	980
657	985
658	465
658	501
658	502
658	668
658	697
658	727
658	855
658	949
658	962
658	965
659	229
659	494
659	616
659	625
659	722
659	782
659	809
659	849
659	920
659	972
660	306
660	310
660	367
660	563
660	650
660	710
660	720
660	785
660	808
660	851
661	13
661	495
661	680
661	752
661	781
661	809
661	874
661	894
661	937
661	940
662	257
662	522
662	549
662	676
662	708
662	824
662	831
662	840
662	853
662	957
662	972
663	70
663	115
663	592
663	647
663	682
663	749
663	791
663	941
663	968
663	977
663	988
664	301
664	313
664	631
664	749
664	766
664	860
664	930
664	931
664	942
664	954
664	987
665	239
665	308
665	422
665	591
665	641
665	668
665	674
665	756
665	833
665	916
665	932
666	45
666	398
666	686
666	726
666	794
666	888
666	892
666	903
666	954
666	987
666	991
667	218
667	392
667	623
667	669
667	670
667	704
667	717
667	747
667	889
667	907
667	910
668	134
668	658
668	665
668	745
668	773
668	777
668	801
668	822
668	835
668	855
668	981
669	179
669	218
669	612
669	667
669	670
669	700
669	778
669	818
669	876
669	907
669	910
670	612
670	667
670	669
670	757
670	825
670	876
670	888
670	889
670	907
670	910
670	919
671	238
671	279
671	381
671	401
671	410
671	474
671	730
671	909
671	919
671	926
671	953
672	78
672	304
672	355
672	466
672	603
672	653
672	742
672	787
672	856
672	883
672	908
673	18
673	56
673	333
673	477
673	645
673	681
673	690
673	830
673	833
673	916
673	962
674	1
674	308
674	591
674	610
674	634
674	641
674	665
674	690
674	833
674	869
674	932
675	273
675	330
675	344
675	491
675	562
675	676
675	750
675	872
675	944
675	989
675	999
676	396
676	518
676	662
676	675
676	724
676	824
676	853
676	934
676	957
676	973
676	979
677	62
677	142
677	273
677	491
677	581
677	608
677	770
677	893
677	944
677	989
677	999
678	61
678	193
678	574
678	611
678	799
678	839
678	848
678	917
678	954
678	964
678	971
679	95
679	240
679	373
679	426
679	483
679	507
679	542
679	609
679	787
679	847
679	908
680	13
680	535
680	536
680	594
680	656
680	661
680	781
680	794
680	874
680	966
680	1000
681	256
681	288
681	591
681	610
681	641
681	673
681	690
681	830
681	872
681	916
681	932
682	164
682	243
682	385
682	593
682	663
682	811
682	881
682	951
682	968
682	977
682	988
683	122
683	242
683	359
683	370
683	694
683	696
683	813
683	828
683	921
683	948
683	958
684	152
684	206
684	210
684	295
684	364
684	706
684	707
684	713
684	724
684	788
684	985
685	67
685	212
685	245
685	458
685	528
685	832
685	895
685	898
685	924
685	943
685	982
686	130
686	247
686	303
686	541
686	666
686	732
686	854
686	888
686	892
686	903
686	991
687	4
687	354
687	409
687	518
687	592
687	853
687	864
687	925
687	934
687	973
687	979
688	190
688	372
688	515
688	725
688	765
688	780
688	904
688	956
688	967
688	978
688	979
689	31
689	515
689	526
689	555
689	614
689	725
689	796
689	806
689	864
689	887
689	978
690	38
690	288
690	510
690	620
690	641
690	645
690	673
690	674
690	681
690	714
690	932
691	509
691	569
691	712
691	719
691	736
691	744
691	842
691	843
691	873
691	891
691	986
692	245
692	287
692	379
692	451
692	489
692	580
692	774
692	803
692	845
692	976
692	990
693	318
693	324
693	384
693	445
693	714
693	737
693	841
693	842
693	843
693	901
693	983
694	497
694	511
694	683
694	728
694	734
694	813
694	828
694	893
694	902
694	921
694	980
695	334
695	365
695	517
695	557
695	696
695	716
695	797
695	850
695	885
695	900
695	959
696	16
696	65
696	533
696	683
696	695
696	705
696	728
696	938
696	948
696	958
696	980
697	72
697	107
697	465
697	576
697	646
697	658
697	773
697	777
697	884
697	949
697	981
698	516
698	638
698	702
698	815
698	847
698	854
698	903
698	941
698	963
698	987
698	991
699	13
699	152
699	278
699	286
699	617
699	781
699	807
699	894
699	940
699	966
699	1000
700	103
700	404
700	538
700	576
700	669
700	745
700	777
700	822
700	835
700	855
700	981
701	74
701	203
701	571
701	729
701	812
701	912
701	939
701	944
701	947
701	955
701	970
702	33
702	327
702	417
702	541
702	595
702	698
702	726
702	794
702	899
702	963
702	987
703	38
703	123
703	256
703	477
703	634
703	756
703	794
703	830
703	833
703	916
703	932
704	429
704	667
704	709
704	747
704	763
704	818
704	825
704	896
704	910
704	919
704	927
705	622
705	696
705	706
705	828
705	870
705	882
705	893
705	921
705	938
705	948
705	980
706	100
706	135
706	180
706	184
706	251
706	573
706	602
706	684
706	705
706	788
706	985
707	184
707	295
707	356
707	418
707	433
707	449
707	498
707	657
707	684
707	788
707	925
708	518
708	662
708	724
708	824
708	840
708	925
708	939
708	957
708	972
708	973
708	979
709	57
709	59
709	615
709	704
709	710
709	717
709	747
709	757
709	778
709	919
709	927
709	935
710	83
710	177
710	628
710	660
710	709
710	820
710	831
710	865
710	911
710	923
710	945
710	974
711	49
711	84
711	148
711	300
711	500
711	633
711	649
711	650
711	844
711	851
711	896
711	987
712	20
712	232
712	285
712	516
712	548
712	652
712	691
712	755
712	843
712	873
712	890
712	986
713	94
713	109
713	254
713	364
713	377
713	433
713	498
713	573
713	602
713	684
713	788
713	985
714	244
714	376
714	548
714	587
714	690
714	693
714	841
714	843
714	901
714	914
714	928
714	983
715	148
715	310
715	367
715	403
715	484
715	500
715	720
715	721
715	785
715	851
715	896
715	960
716	116
716	414
716	472
716	597
716	642
716	695
716	767
716	804
716	869
716	923
716	959
716	996
717	11
717	28
717	258
717	612
717	667
717	709
717	763
717	778
717	866
717	876
717	910
717	927
718	40
718	116
718	173
718	311
718	508
718	517
718	767
718	836
718	869
718	900
718	959
718	996
719	377
719	509
719	587
719	652
719	691
719	737
719	755
719	890
719	901
719	959
719	983
719	986
720	29
720	97
720	194
720	351
720	563
720	585
720	650
720	660
720	715
720	785
720	844
720	960
721	64
721	237
721	425
721	455
721	545
721	559
721	640
721	715
721	772
721	784
721	863
721	992
722	10
722	469
722	485
722	494
722	514
722	625
722	651
722	659
722	782
722	849
722	901
722	965
723	578
723	639
723	646
723	766
723	800
723	860
723	920
723	930
723	931
723	942
723	954
723	969
724	514
724	676
724	684
724	708
724	824
724	840
724	864
724	925
724	957
724	972
724	973
724	979
725	26
725	264
725	339
725	526
725	688
725	689
725	765
725	796
725	840
725	887
725	904
725	978
726	392
726	407
726	595
726	666
726	702
726	727
726	886
726	892
726	903
726	963
726	987
726	991
727	76
727	103
727	404
727	502
727	618
727	658
727	726
727	773
727	777
727	819
727	835
727	884
728	511
728	524
728	694
728	696
728	739
728	751
728	828
728	902
728	934
728	948
728	958
728	961
729	201
729	457
729	478
729	551
729	617
729	701
729	746
729	812
729	816
729	939
729	946
729	947
730	3
730	260
730	323
730	390
730	450
730	671
730	834
730	867
730	906
730	909
730	911
730	926
731	103
731	253
731	329
731	575
731	598
731	895
731	918
731	924
731	943
731	982
731	984
731	998
732	349
732	392
732	398
732	407
732	686
732	739
732	892
732	899
732	903
732	941
732	955
732	987
733	276
733	386
733	448
733	485
733	494
733	782
733	809
733	839
733	849
733	897
733	920
733	965
734	284
734	309
734	468
734	475
734	622
734	694
734	807
734	828
734	902
734	958
734	961
734	980
735	547
735	566
735	570
735	575
735	621
735	775
735	829
735	878
735	895
735	898
735	918
735	984
736	370
736	587
736	636
736	691
736	744
736	755
736	817
736	841
736	873
736	914
736	928
736	986
737	167
737	375
737	391
737	534
737	693
737	719
737	817
737	873
737	890
737	891
737	928
737	983
738	207
738	269
738	549
738	740
738	779
738	840
738	853
738	934
738	957
738	972
738	973
738	979
739	312
739	321
739	398
739	728
739	732
739	794
739	830
739	892
739	899
739	941
739	952
739	991
740	75
740	141
740	274
740	339
740	515
740	555
740	738
740	765
740	859
740	887
740	929
740	978
741	230
741	444
741	458
741	566
741	621
741	743
741	832
741	895
741	924
741	982
741	984
741	998
742	85
742	95
742	275
742	443
742	534
742	542
742	653
742	656
742	672
742	787
742	856
742	883
743	216
743	437
743	572
743	741
743	820
743	826
743	865
743	911
743	922
743	923
743	945
743	974
744	36
744	68
744	232
744	412
744	419
744	636
744	691
744	736
744	817
744	842
744	873
744	890
745	462
745	502
745	604
745	630
745	668
745	700
745	764
745	819
745	835
745	863
745	962
745	981
746	168
746	209
746	347
746	430
746	497
746	551
746	729
746	846
746	884
746	913
746	955
746	970
747	119
747	175
747	179
747	258
747	605
747	667
747	704
747	709
747	825
747	907
747	919
747	927
748	73
748	446
748	567
748	579
748	582
748	631
748	800
748	861
748	866
748	931
748	941
748	942
749	70
749	159
749	282
749	357
749	558
749	647
749	663
749	664
749	881
749	951
749	968
749	977
749	988
750	22
750	133
750	491
750	512
750	562
750	608
750	624
750	675
750	770
750	944
750	951
750	989
750	999
751	439
751	488
751	511
751	728
751	828
751	882
751	893
751	902
751	905
751	921
751	961
751	980
751	987
752	452
752	535
752	594
752	617
752	654
752	661
752	759
752	768
752	894
752	937
752	940
752	966
752	1000
753	102
753	315
753	455
753	627
753	760
753	762
753	789
753	790
753	863
753	880
753	936
753	993
753	999
754	163
754	173
754	334
754	484
754	508
754	517
754	557
754	568
754	767
754	885
754	959
754	996
754	997
755	166
755	285
755	350
755	398
755	445
755	587
755	712
755	719
755	736
755	890
755	901
755	983
755	986
756	38
756	56
756	239
756	288
756	422
756	477
756	620
756	641
756	665
756	703
756	833
756	930
756	932
757	189
757	250
757	463
757	615
757	623
757	670
757	709
757	778
757	825
757	876
757	889
757	897
757	907
758	402
758	423
758	492
758	515
758	526
758	555
758	561
758	764
758	796
758	806
758	857
758	899
758	967
759	219
759	349
759	541
759	752
759	794
759	886
759	892
759	899
759	941
759	952
759	963
759	987
759	991
760	44
760	369
760	565
760	753
760	772
760	784
760	789
760	863
760	875
760	877
760	936
760	992
760	993
761	73
761	108
761	447
761	567
761	578
761	582
761	631
761	790
761	866
761	942
761	954
761	969
761	991
762	455
762	601
762	640
762	753
762	792
762	855
762	863
762	875
762	880
762	936
762	950
762	992
762	993
763	189
763	590
763	623
763	704
763	717
763	818
763	825
763	876
763	889
763	907
763	910
763	919
763	935
764	35
764	50
764	436
764	467
764	473
764	544
764	745
764	758
764	801
764	835
764	855
764	949
764	962
765	178
765	382
765	432
765	688
765	725
765	740
765	793
765	796
765	806
765	887
765	929
765	956
765	978
766	368
766	477
766	552
766	664
766	723
766	798
766	860
766	866
766	930
766	931
766	942
766	954
766	969
767	298
767	336
767	487
767	508
767	606
767	613
767	716
767	718
767	754
767	797
767	850
767	869
767	900
768	281
768	495
768	594
768	617
768	752
768	795
768	807
768	874
768	894
768	937
768	940
768	966
768	1000
769	60
769	71
769	146
769	197
769	318
769	486
769	537
769	553
769	633
769	805
769	878
769	976
769	990
770	62
770	105
770	145
770	337
770	346
770	361
770	608
770	624
770	677
770	750
770	872
770	997
770	999
771	47
771	113
771	263
771	283
771	456
771	798
771	823
771	852
771	858
771	868
771	933
771	935
771	995
772	315
772	421
772	428
772	601
772	721
772	760
772	810
772	863
772	875
772	877
772	927
772	936
772	950
773	35
773	107
773	272
773	311
773	618
773	668
773	697
773	727
773	819
773	866
773	949
773	962
773	981
774	69
774	81
774	245
774	338
774	345
774	451
774	461
774	486
774	553
774	692
774	803
774	827
774	880
775	285
775	506
775	566
775	598
775	735
775	821
775	829
775	895
775	918
775	943
775	958
775	982
775	984
776	371
776	530
776	572
776	799
776	820
776	831
776	862
776	865
776	915
776	922
776	923
776	945
776	964
776	997
777	148
777	311
777	462
777	483
777	502
777	576
777	668
777	697
777	700
777	727
777	801
777	819
777	884
777	981
778	250
778	520
778	582
778	590
778	612
778	669
778	709
778	717
778	757
778	825
778	876
778	889
778	907
778	919
779	163
779	264
779	328
779	524
779	549
779	738
779	824
779	864
779	925
779	934
779	957
779	972
779	973
779	979
780	75
780	112
780	554
780	606
780	688
780	796
780	806
780	857
780	879
780	904
780	929
780	956
780	967
780	978
781	169
781	278
781	290
781	424
781	452
781	536
781	654
781	661
781	680
781	699
781	807
781	874
781	937
781	1000
782	74
782	388
782	454
782	494
782	583
782	596
782	651
782	659
782	722
782	733
782	809
782	871
782	897
782	969
783	221
783	242
783	243
783	373
783	464
783	540
783	574
783	584
783	611
783	799
783	839
783	917
783	964
783	971
784	217
784	577
784	721
784	760
784	785
784	863
784	875
784	877
784	880
784	936
784	950
784	992
784	993
784	994
785	24
785	49
785	172
785	351
785	403
785	585
785	660
785	715
785	720
785	784
785	808
785	844
785	851
785	896
786	302
786	402
786	492
786	513
786	550
786	554
786	561
786	614
786	857
786	859
786	879
786	887
786	967
786	978
787	95
787	183
787	275
787	326
787	355
787	360
787	379
787	490
787	599
787	672
787	679
787	742
787	856
787	892
788	27
788	109
788	295
788	356
788	418
788	498
788	602
788	657
788	684
788	706
788	707
788	713
788	938
788	985
789	46
789	156
789	248
789	425
789	575
789	577
789	753
789	760
789	792
789	810
789	936
789	950
789	992
789	994
790	8
790	307
790	405
790	421
790	425
790	428
790	589
790	753
790	761
790	863
790	936
790	950
790	992
790	993
791	121
791	227
791	352
791	357
791	385
791	558
791	592
791	593
791	663
791	811
791	921
791	968
791	977
791	988
792	315
792	428
792	455
792	601
792	635
792	762
792	789
792	863
792	874
792	880
792	950
792	992
792	993
792	994
793	264
793	277
793	374
793	493
793	561
793	614
793	765
793	859
793	879
793	887
793	904
793	920
793	956
793	967
794	113
794	247
794	398
794	666
794	680
794	702
794	703
794	739
794	759
794	903
794	941
794	952
794	963
794	987
795	14
795	74
795	157
795	347
795	478
795	571
795	586
795	768
795	812
795	816
795	846
795	913
795	946
795	947
796	492
796	515
796	550
796	561
796	689
796	725
796	758
796	765
796	780
796	859
796	879
796	904
796	929
796	989
797	5
797	173
797	314
797	334
797	472
797	597
797	613
797	695
797	767
797	807
797	814
797	850
797	959
797	996
798	213
798	263
798	283
798	443
798	471
798	539
798	626
798	766
798	771
798	823
798	852
798	935
798	975
798	995
799	61
799	136
799	299
799	362
799	521
799	545
799	560
799	574
799	678
799	776
799	783
799	917
799	964
799	971
800	73
800	143
800	301
800	368
800	582
800	639
800	723
800	748
800	930
800	931
800	942
800	954
800	969
800	993
801	134
801	425
801	473
801	604
801	618
801	630
801	643
801	668
801	764
801	777
801	819
801	855
801	884
801	981
802	15
802	126
802	230
802	253
802	262
802	329
802	416
802	438
802	460
802	528
802	832
802	918
802	984
802	998
803	132
803	268
803	287
803	320
803	331
803	338
803	486
803	580
803	635
803	692
803	774
803	878
803	891
803	990
804	88
804	99
804	124
804	259
804	517
804	613
804	630
804	716
804	814
804	836
804	869
804	900
804	959
804	996
805	69
805	147
805	197
805	200
805	291
805	320
805	338
805	489
805	504
805	769
805	844
805	878
805	976
805	990
806	31
806	264
806	274
806	277
806	420
806	543
806	555
806	561
806	689
806	758
806	765
806	780
806	879
806	887
806	978
807	138
807	342
807	424
807	527
807	535
807	536
807	699
807	734
807	768
807	781
807	797
807	874
807	894
807	940
807	1000
808	82
808	97
808	150
808	500
808	585
808	586
808	619
808	633
808	650
808	660
808	785
808	844
808	851
808	896
808	937
809	229
809	386
809	388
809	395
809	454
809	584
809	596
809	616
809	651
809	659
809	661
809	733
809	782
809	871
809	965
810	87
810	186
810	223
810	315
810	421
810	772
810	789
810	848
810	863
810	875
810	877
810	880
810	950
810	992
810	993
811	41
811	70
811	115
811	121
811	164
811	261
811	280
811	385
811	647
811	682
811	791
811	951
811	977
811	988
811	1000
812	14
812	168
812	380
812	497
812	571
812	701
812	729
812	795
812	816
812	846
812	912
812	939
812	946
812	950
812	970
813	474
813	476
813	525
813	622
813	683
813	694
813	828
813	870
813	882
813	893
813	902
813	905
813	938
813	948
813	958
814	90
814	99
814	236
814	259
814	334
814	340
814	378
814	472
814	597
814	606
814	642
814	797
814	804
814	885
814	959
815	45
815	219
815	303
815	327
815	470
815	516
815	542
815	600
815	698
815	888
815	899
815	941
815	963
815	991
815	999
816	34
816	74
816	255
816	380
816	430
816	729
816	795
816	812
816	819
816	912
816	913
816	946
816	947
816	955
816	970
817	20
817	285
817	377
817	419
817	585
817	736
817	737
817	744
817	843
817	873
817	890
817	901
817	914
817	943
817	983
818	28
818	51
818	109
818	175
818	258
818	429
818	520
818	669
818	704
818	763
818	824
818	876
818	889
818	907
818	910
819	103
819	343
819	436
819	473
819	538
819	618
819	643
819	727
819	745
819	773
819	777
819	801
819	816
819	855
819	949
820	7
820	161
820	371
820	453
820	459
820	710
820	743
820	776
820	862
820	915
820	922
820	945
820	961
820	974
820	997
821	54
821	319
821	506
821	523
821	539
821	547
821	566
821	588
821	775
821	829
821	832
821	861
821	882
821	924
821	984
822	103
822	214
822	343
822	462
822	473
822	502
822	555
822	576
822	618
822	643
822	668
822	700
822	835
822	855
822	879
823	6
823	110
823	205
823	246
823	363
823	539
823	771
823	798
823	828
823	852
823	858
823	933
823	935
823	975
823	995
824	269
824	288
824	662
824	676
824	708
824	724
824	779
824	818
824	853
824	925
824	934
824	957
824	972
824	973
824	979
825	59
825	66
825	250
825	359
825	463
825	520
825	615
825	670
825	704
825	747
825	757
825	763
825	778
825	827
825	927
826	83
826	114
826	226
826	371
826	383
826	437
826	530
826	743
826	837
826	862
826	915
826	923
826	945
826	974
826	997
827	147
827	185
827	197
827	320
827	451
827	537
827	556
827	573
827	580
827	637
827	774
827	825
827	878
827	976
827	990
828	181
828	468
828	524
828	683
828	694
828	705
828	728
828	734
828	751
828	813
828	823
828	893
828	902
828	905
828	948
829	262
829	296
829	444
829	523
829	566
829	576
829	588
829	735
829	775
829	821
829	861
829	918
829	943
829	982
829	984
830	1
830	18
830	56
830	333
830	440
830	477
830	505
830	520
830	591
830	634
830	645
830	673
830	681
830	703
830	739
830	916
831	226
831	413
831	480
831	632
831	662
831	710
831	776
831	833
831	862
831	865
831	915
831	922
831	923
831	945
831	974
831	997
832	126
832	222
832	271
832	329
832	376
832	397
832	570
832	685
832	741
832	802
832	821
832	895
832	943
832	982
832	984
832	998
833	5
833	191
833	239
833	422
833	505
833	634
833	641
833	645
833	665
833	673
833	674
833	703
833	756
833	831
833	916
833	932
834	3
834	52
834	92
834	96
834	165
834	266
834	294
834	355
834	381
834	401
834	513
834	730
834	838
834	906
834	909
834	953
835	72
835	128
835	317
835	380
835	501
835	538
835	600
835	668
835	700
835	727
835	745
835	764
835	822
835	855
835	884
835	949
836	36
836	88
836	124
836	298
836	334
836	378
836	414
836	718
836	804
836	850
836	869
836	885
836	900
836	959
836	985
836	996
837	46
837	48
837	91
837	96
837	305
837	410
837	450
837	474
837	482
837	499
837	629
837	648
837	826
837	867
837	926
837	953
838	48
838	55
838	96
838	165
838	266
838	294
838	406
838	410
838	499
838	513
838	605
838	834
838	906
838	907
838	926
838	953
839	61
839	104
839	125
839	193
839	231
839	243
839	362
839	464
839	496
839	545
839	560
839	678
839	733
839	783
839	964
839	971
840	328
840	348
840	396
840	549
840	653
840	662
840	708
840	724
840	725
840	738
840	853
840	864
840	934
840	957
840	972
840	979
841	24
841	375
841	384
841	412
841	534
841	636
841	652
841	654
841	693
841	714
841	736
841	873
841	890
841	901
841	983
841	986
842	151
842	166
842	377
842	445
842	534
842	548
842	691
842	693
842	744
842	844
842	891
842	901
842	914
842	928
842	983
842	986
843	232
843	244
843	280
843	376
843	457
843	691
843	693
843	712
843	714
843	817
843	890
843	891
843	914
843	928
843	983
843	986
844	84
844	139
844	148
844	310
844	367
844	500
844	650
844	711
844	720
844	785
844	805
844	808
844	842
844	851
844	896
844	960
845	69
845	80
845	130
845	147
845	200
845	287
845	331
845	335
845	338
845	489
845	537
845	635
845	692
845	876
845	976
845	990
846	85
846	187
846	332
846	430
846	457
846	478
846	497
846	571
846	746
846	795
846	812
846	912
846	939
846	946
846	947
846	970
847	33
847	85
847	170
847	297
847	326
847	336
847	466
847	507
847	564
847	599
847	609
847	653
847	656
847	679
847	698
847	908
847	927
848	104
848	210
848	220
848	242
848	299
848	373
848	387
848	521
848	560
848	574
848	611
848	678
848	810
848	860
848	917
848	964
848	971
849	77
849	176
849	225
849	386
849	438
849	454
849	479
849	596
849	625
849	659
849	722
849	733
849	871
849	897
849	902
849	920
849	975
850	259
850	298
850	365
850	378
850	508
850	568
850	613
850	695
850	767
850	797
850	836
850	852
850	869
850	876
850	885
850	959
850	996
851	54
851	150
851	296
851	300
851	310
851	351
851	367
851	619
851	649
851	660
851	711
851	715
851	785
851	808
851	844
851	896
851	960
852	252
852	263
852	443
852	471
852	509
852	539
852	546
852	771
852	798
852	823
852	850
852	858
852	868
852	933
852	935
852	975
852	995
853	4
853	328
853	409
853	423
853	508
853	532
853	662
853	676
853	687
853	738
853	824
853	840
853	864
853	925
853	934
853	972
853	979
854	224
854	270
854	293
854	349
854	392
854	470
854	516
854	600
854	686
854	698
854	881
854	888
854	892
854	899
854	903
854	987
854	991
855	72
855	144
855	199
855	214
855	478
855	538
855	604
855	658
855	668
855	700
855	762
855	764
855	801
855	819
855	822
855	835
855	949
856	120
856	160
856	183
856	192
856	297
856	379
856	426
856	433
856	564
856	609
856	653
856	655
856	672
856	742
856	787
856	861
856	908
857	31
857	402
857	492
857	493
857	543
857	550
857	598
857	758
857	780
857	786
857	859
857	879
857	929
857	956
857	967
857	978
857	988
858	44
858	110
858	205
858	252
858	267
858	292
858	363
858	456
858	626
858	771
858	823
858	852
858	859
858	868
858	933
858	935
858	994
859	178
859	302
859	372
859	374
859	402
859	493
859	543
859	550
859	597
859	740
859	786
859	793
859	796
859	857
859	858
859	956
859	978
860	143
860	204
860	313
860	411
860	447
860	582
860	664
860	723
860	766
860	848
860	866
860	867
860	930
860	931
860	942
860	954
860	969
861	200
861	262
861	458
861	503
861	523
861	566
861	569
861	588
861	748
861	821
861	829
861	856
861	895
861	898
861	918
861	982
861	998
862	21
862	114
862	413
862	628
862	632
862	637
862	776
862	820
862	826
862	831
862	865
862	911
862	921
862	922
862	923
862	945
862	997
863	237
863	307
863	405
863	721
863	745
863	753
863	760
863	762
863	772
863	784
863	790
863	792
863	810
863	877
863	880
863	924
863	936
863	994
864	195
864	396
864	409
864	518
864	522
864	549
864	687
864	689
864	724
864	779
864	840
864	853
864	925
864	937
864	957
864	972
864	973
864	979
865	129
865	161
865	216
865	316
865	371
865	437
865	453
865	530
865	710
865	743
865	776
865	831
865	862
865	911
865	915
865	923
865	997
865	998
866	215
866	301
866	411
866	415
866	552
866	567
866	646
866	717
866	748
866	761
866	766
866	773
866	860
866	930
866	931
866	942
866	954
866	969
867	165
867	188
867	193
867	211
867	381
867	390
867	401
867	406
867	450
867	474
867	499
867	629
867	648
867	730
867	837
867	860
867	909
867	953
868	44
868	47
868	104
868	263
868	283
868	443
868	456
868	469
868	539
868	546
868	618
868	771
868	852
868	858
868	933
868	935
868	975
868	995
869	40
869	88
869	202
869	298
869	472
869	484
869	517
869	597
869	641
869	674
869	716
869	718
869	767
869	804
869	836
869	850
869	900
869	959
870	112
870	151
870	338
870	359
870	439
870	476
870	488
870	511
870	519
870	525
870	705
870	813
870	882
870	905
870	921
870	938
870	961
870	993
871	53
871	77
871	176
871	225
871	276
871	388
871	427
871	448
871	479
871	485
871	514
871	546
871	782
871	809
871	849
871	920
871	965
871	990
872	37
872	273
872	312
872	330
872	337
872	344
872	346
872	353
872	361
872	491
872	512
872	562
872	675
872	681
872	770
872	944
872	989
872	999
873	20
873	75
873	118
873	548
873	551
873	636
873	691
873	712
873	736
873	737
873	744
873	817
873	841
873	890
873	891
873	928
873	983
873	986
874	278
874	286
874	290
874	342
874	495
874	594
874	617
874	654
874	661
874	680
874	768
874	781
874	792
874	807
874	937
874	966
874	997
874	1000
875	4
875	102
875	223
875	369
875	405
875	420
875	421
875	760
875	762
875	772
875	784
875	810
875	880
875	936
875	992
875	993
875	994
875	998
876	51
876	57
876	59
876	66
876	218
876	250
876	429
876	669
876	670
876	717
876	757
876	763
876	778
876	818
876	845
876	850
876	907
876	910
877	156
877	237
877	340
877	420
877	559
877	627
877	640
877	760
877	772
877	784
877	810
877	863
877	880
877	909
877	940
877	992
877	993
877	994
878	80
878	132
878	185
878	265
878	318
878	358
878	461
878	486
878	504
878	537
878	580
878	635
878	735
878	769
878	803
878	805
878	827
878	990
879	75
879	441
879	550
879	554
879	614
879	780
879	786
879	793
879	796
879	806
879	822
879	857
879	887
879	929
879	948
879	956
879	967
879	978
880	8
880	405
880	421
880	565
880	577
880	753
880	762
880	774
880	784
880	792
880	810
880	863
880	875
880	877
880	936
880	950
880	981
880	993
880	994
881	9
881	39
881	58
881	140
881	227
881	261
881	352
881	364
881	385
881	432
881	558
881	593
881	647
881	682
881	749
881	854
881	951
881	968
881	977
882	112
882	151
882	181
882	439
882	468
882	499
882	519
882	524
882	533
882	622
882	705
882	751
882	813
882	821
882	870
882	893
882	921
882	948
882	958
883	30
883	33
883	42
883	63
883	155
883	192
883	379
883	426
883	456
883	481
883	490
883	507
883	603
883	609
883	655
883	656
883	672
883	742
883	886
884	35
884	134
884	144
884	272
884	317
884	404
884	467
884	501
884	576
884	618
884	630
884	697
884	727
884	746
884	777
884	801
884	835
884	962
884	981
885	5
885	90
885	158
885	179
885	314
885	365
885	472
885	557
885	568
885	613
885	642
885	695
885	754
885	814
885	836
885	850
885	900
885	959
885	996
886	2
886	45
886	107
886	224
886	247
886	327
886	393
886	407
886	417
886	470
886	531
886	541
886	726
886	759
886	883
886	888
886	899
886	987
886	991
887	374
887	394
887	423
887	434
887	441
887	493
887	537
887	543
887	689
887	725
887	740
887	765
887	786
887	793
887	806
887	879
887	929
887	967
887	978
888	233
888	393
888	531
888	541
888	595
888	600
888	666
888	670
888	686
888	815
888	854
888	886
888	892
888	899
888	919
888	941
888	952
888	963
888	987
888	991
889	11
889	59
889	66
889	175
889	179
889	189
889	235
889	520
889	590
889	615
889	623
889	667
889	670
889	757
889	763
889	778
889	818
889	910
889	927
889	949
890	127
890	174
890	232
890	244
890	280
890	391
890	529
890	565
890	636
890	712
890	719
890	737
890	744
890	755
890	817
890	841
890	843
890	873
890	914
890	928
891	20
891	127
891	350
891	375
891	384
891	391
891	445
891	509
891	571
891	636
891	652
891	691
891	737
891	803
891	842
891	843
891	873
891	928
891	983
891	986
892	224
892	228
892	247
892	349
892	417
892	623
892	666
892	686
892	726
892	732
892	739
892	759
892	787
892	854
892	888
892	941
892	952
892	963
892	987
892	991
893	16
893	25
893	359
893	370
893	439
893	475
893	476
893	518
893	677
893	694
893	705
893	751
893	813
893	828
893	882
893	902
893	905
893	938
893	961
893	980
894	281
894	286
894	495
894	527
894	535
894	536
894	594
894	617
894	654
894	661
894	699
894	752
894	768
894	807
894	895
894	937
894	940
894	966
894	989
894	1000
895	198
895	230
895	296
895	397
895	416
895	506
895	547
895	588
895	685
895	731
895	735
895	741
895	775
895	832
895	861
895	894
895	898
895	924
895	982
895	998
896	49
896	139
896	150
896	172
896	262
896	351
896	403
896	500
896	563
896	585
896	633
896	649
896	650
896	704
896	711
896	715
896	785
896	808
896	844
896	851
897	10
897	53
897	229
897	388
897	427
897	448
897	479
897	514
897	584
897	614
897	616
897	625
897	644
897	651
897	733
897	757
897	782
897	849
897	920
897	965
898	329
898	397
898	506
898	523
898	566
898	569
898	570
898	575
898	598
898	613
898	621
898	685
898	735
898	861
898	895
898	899
898	918
898	924
898	982
898	998
899	224
899	228
899	270
899	303
899	470
899	638
899	702
899	732
899	739
899	758
899	759
899	815
899	854
899	886
899	888
899	898
899	903
899	952
899	963
899	991
900	32
900	40
900	124
900	202
900	236
900	259
900	487
900	508
900	547
900	568
900	606
900	695
900	718
900	767
900	804
900	836
900	869
900	885
900	932
900	996
901	149
901	166
901	244
901	280
901	285
901	391
901	548
901	652
901	693
901	714
901	719
901	722
901	755
901	817
901	841
901	842
901	904
901	912
901	914
901	928
902	117
902	149
902	151
902	284
902	468
902	488
902	544
902	622
902	694
902	728
902	734
902	751
902	813
902	828
902	849
902	893
902	905
902	921
902	938
902	961
903	2
903	91
903	270
903	293
903	297
903	390
903	407
903	417
903	470
903	638
903	666
903	686
903	698
903	726
903	732
903	794
903	854
903	899
903	952
903	991
904	26
904	31
904	190
904	402
904	434
904	441
904	493
904	526
904	543
904	550
904	555
904	561
904	656
904	688
904	725
904	780
904	793
904	796
904	901
904	914
904	967
905	122
905	137
905	181
905	249
905	284
905	411
905	468
905	519
905	525
905	533
905	751
905	813
905	828
905	870
905	893
905	902
905	907
905	921
905	948
905	958
905	961
906	48
906	55
906	92
906	188
906	260
906	266
906	294
906	323
906	381
906	401
906	406
906	517
906	629
906	648
906	730
906	834
906	838
906	909
906	926
906	946
906	953
907	11
907	51
907	119
907	179
907	429
907	463
907	615
907	623
907	667
907	669
907	670
907	747
907	757
907	763
907	778
907	818
907	838
907	876
907	905
907	910
907	927
908	33
908	42
908	120
908	183
908	304
908	336
908	355
908	379
908	426
908	467
908	490
908	542
908	564
908	603
908	609
908	655
908	672
908	679
908	847
908	856
908	917
909	3
909	165
909	188
909	238
909	266
909	279
909	294
909	381
909	383
909	410
909	450
909	475
909	482
909	499
909	671
909	730
909	834
909	867
909	877
909	906
909	926
910	11
910	57
910	66
910	218
910	250
910	258
910	395
910	429
910	520
910	590
910	667
910	669
910	670
910	704
910	717
910	763
910	818
910	876
910	889
910	907
910	916
911	119
911	161
911	177
911	216
911	226
911	234
911	322
911	413
911	530
911	572
911	628
911	710
911	730
911	743
911	862
911	865
911	922
911	923
911	945
911	974
911	997
912	14
912	157
912	168
912	201
912	255
912	267
912	394
912	442
912	478
912	497
912	551
912	701
912	812
912	816
912	846
912	901
912	913
912	939
912	947
912	955
912	970
913	124
913	153
913	167
913	332
913	399
913	430
913	442
913	457
913	478
913	497
913	571
913	746
913	795
913	816
913	912
913	939
913	946
913	947
913	955
913	968
913	970
914	89
914	127
914	149
914	280
914	376
914	391
914	412
914	419
914	534
914	587
914	652
914	714
914	736
914	817
914	842
914	843
914	890
914	901
914	904
914	916
914	928
915	86
915	114
915	216
915	234
915	316
915	322
915	459
915	527
915	572
915	607
915	628
915	632
915	776
915	820
915	826
915	831
915	865
915	922
915	945
915	974
915	997
916	1
916	18
916	123
916	171
916	239
916	288
916	333
916	422
916	440
916	477
916	591
916	634
916	665
916	673
916	681
916	703
916	830
916	833
916	910
916	914
916	932
917	7
917	61
917	136
917	231
917	243
917	299
917	373
917	387
917	461
917	464
917	540
917	545
917	560
917	611
917	678
917	783
917	799
917	848
917	908
917	964
917	971
918	79
918	253
918	271
918	448
918	458
918	460
918	569
918	570
918	588
918	598
918	731
918	735
918	775
918	802
918	829
918	861
918	898
918	943
918	950
918	970
918	984
918	998
919	11
919	28
919	57
919	59
919	66
919	119
919	175
919	189
919	250
919	463
919	590
919	612
919	615
919	670
919	671
919	704
919	709
919	747
919	763
919	778
919	888
919	927
920	53
920	77
920	276
920	388
920	395
920	438
920	479
920	494
920	514
920	583
920	584
920	596
920	644
920	651
920	659
920	723
920	733
920	793
920	849
920	871
920	897
920	965
921	131
921	235
921	309
921	468
921	476
921	524
921	525
921	622
921	683
921	694
921	705
921	751
921	791
921	862
921	870
921	882
921	902
921	905
921	938
921	948
921	958
921	980
922	17
922	21
922	114
922	129
922	161
922	234
922	322
922	437
922	453
922	480
922	607
922	743
922	776
922	820
922	831
922	862
922	911
922	915
922	936
922	967
922	974
922	997
923	17
923	86
923	226
923	316
923	322
923	371
923	413
923	480
923	523
923	530
923	628
923	632
923	710
923	716
923	743
923	776
923	826
923	831
923	862
923	865
923	911
923	945
924	55
924	79
924	222
924	319
924	397
924	458
924	503
924	523
924	566
924	570
924	588
924	621
924	685
924	731
924	741
924	821
924	863
924	895
924	898
924	943
924	982
924	984
925	163
925	207
925	257
925	328
925	354
925	396
925	409
925	518
925	532
925	647
925	687
925	707
925	708
925	724
925	779
925	824
925	853
925	864
925	934
925	957
925	973
925	979
926	52
926	96
926	238
926	260
926	279
926	294
926	324
926	381
926	390
926	401
926	406
926	410
926	474
926	513
926	671
926	730
926	837
926	838
926	906
926	909
926	947
926	953
927	28
927	51
927	57
927	119
927	131
927	175
927	218
927	429
927	463
927	520
927	612
927	623
927	704
927	709
927	717
927	747
927	772
927	825
927	847
927	889
927	907
927	919
928	20
928	118
928	127
928	244
928	324
928	376
928	445
928	548
928	636
928	648
928	714
928	736
928	737
928	842
928	843
928	873
928	890
928	891
928	901
928	914
928	979
928	983
929	75
929	141
929	190
929	277
929	302
929	339
929	372
929	374
929	382
929	402
929	442
929	526
929	740
929	765
929	780
929	796
929	857
929	879
929	887
929	931
929	956
929	967
930	43
930	82
930	108
930	143
930	215
930	301
930	415
930	431
930	447
930	567
930	578
930	579
930	646
930	664
930	723
930	756
930	766
930	800
930	860
930	866
930	931
930	954
931	43
931	215
931	313
931	368
931	411
931	415
931	431
931	446
931	552
931	567
931	582
931	639
931	646
931	664
931	723
931	748
931	766
931	800
931	860
931	866
931	929
931	930
931	993
932	18
932	239
932	288
932	308
932	333
932	440
932	505
932	591
932	610
932	620
932	641
932	645
932	665
932	674
932	681
932	690
932	703
932	756
932	833
932	900
932	916
932	964
932	971
933	6
933	110
933	203
933	246
933	252
933	283
933	363
933	378
933	443
933	456
933	469
933	471
933	539
933	546
933	626
933	771
933	823
933	852
933	858
933	868
933	935
933	975
933	995
934	106
934	163
934	269
934	348
934	354
934	396
934	409
934	522
934	532
934	612
934	676
934	687
934	728
934	738
934	779
934	824
934	840
934	853
934	925
934	957
934	972
934	973
934	979
935	47
935	110
935	198
935	252
935	263
935	267
935	283
935	292
935	469
935	539
935	546
935	626
935	709
935	763
935	771
935	798
935	823
935	852
935	858
935	868
935	933
935	975
935	995
936	129
936	217
936	223
936	237
936	315
936	420
936	425
936	577
936	589
936	627
936	753
936	760
936	762
936	772
936	784
936	789
936	790
936	863
936	875
936	880
936	922
936	950
936	994
937	15
937	78
937	278
937	286
937	452
937	470
937	495
937	527
937	535
937	536
937	617
937	654
937	661
937	752
937	768
937	781
937	808
937	864
937	874
937	894
937	940
937	966
937	1000
938	112
938	117
938	181
938	235
938	249
938	309
938	370
938	475
938	488
938	519
938	525
938	604
938	696
938	705
938	788
938	813
938	870
938	893
938	902
938	921
938	948
938	958
938	980
939	14
939	23
939	34
939	62
939	187
939	201
939	332
939	347
939	380
939	394
939	442
939	551
939	701
939	708
939	729
939	812
939	846
939	912
939	913
939	940
939	946
939	955
939	970
940	78
940	138
940	286
940	290
940	342
940	424
940	452
940	495
940	527
940	535
940	594
940	661
940	699
940	752
940	768
940	807
940	877
940	894
940	937
940	939
940	949
940	966
940	1000
941	2
941	219
941	233
941	247
941	270
941	312
941	327
941	393
941	398
941	531
941	541
941	595
941	663
941	698
941	732
941	739
941	748
941	759
941	794
941	815
941	888
941	892
941	952
941	982
942	43
942	108
942	128
942	215
942	313
942	411
942	415
942	447
942	578
942	579
942	631
942	639
942	646
942	664
942	723
942	748
942	761
942	766
942	800
942	860
942	866
942	954
942	959
942	969
943	54
943	79
943	222
943	262
943	296
943	319
943	416
943	503
943	506
943	561
943	569
943	575
943	598
943	621
943	685
943	731
943	775
943	817
943	829
943	832
943	918
943	924
943	984
943	998
944	19
944	62
944	105
944	145
944	241
944	330
944	337
944	344
944	346
944	429
944	435
944	491
944	512
944	529
944	562
944	581
944	624
944	675
944	677
944	701
944	750
944	872
944	989
944	999
945	83
945	86
945	177
945	226
945	240
945	371
945	413
945	437
945	572
945	607
945	628
945	710
945	743
945	776
945	820
945	826
945	831
945	862
945	911
945	915
945	923
945	974
945	995
945	997
946	17
946	23
946	74
946	153
946	157
946	201
946	203
946	209
946	347
946	430
946	457
946	478
946	551
946	729
946	795
946	812
946	816
946	846
946	906
946	913
946	939
946	947
946	955
946	970
947	12
947	167
947	168
947	187
947	209
947	255
947	332
947	347
947	394
947	442
947	478
947	497
947	701
947	729
947	795
947	816
947	846
947	912
947	913
947	926
947	946
947	951
947	955
947	970
948	16
948	25
948	131
948	137
948	235
948	249
948	533
948	544
948	622
948	683
948	696
948	705
948	728
948	813
948	828
948	879
948	882
948	905
948	921
948	938
948	952
948	958
948	961
948	980
949	50
949	72
949	76
949	107
949	108
949	128
949	199
949	317
949	473
949	501
949	604
949	630
949	643
949	658
949	697
949	764
949	773
949	819
949	835
949	855
949	889
949	940
949	962
949	981
950	98
950	217
950	248
950	340
950	369
950	405
950	559
950	589
950	601
950	627
950	762
950	772
950	784
950	789
950	790
950	792
950	810
950	812
950	880
950	918
950	936
950	981
950	992
950	994
951	39
951	41
951	58
951	111
951	121
951	159
951	164
951	169
951	228
951	261
951	282
951	352
951	357
951	385
951	592
951	593
951	647
951	682
951	749
951	750
951	811
951	881
951	947
951	968
951	977
952	2
952	45
952	224
952	228
952	270
952	293
952	312
952	321
952	398
952	410
952	516
952	531
952	600
952	739
952	759
952	794
952	888
952	892
952	899
952	903
952	941
952	948
952	963
952	987
952	991
953	3
953	8
953	46
953	48
953	55
953	92
953	165
953	238
953	294
953	305
953	323
953	383
953	390
953	401
953	406
953	482
953	560
953	605
953	671
953	834
953	837
953	838
953	867
953	906
953	926
954	73
954	143
954	301
954	415
954	431
954	446
954	447
954	567
954	578
954	579
954	582
954	631
954	639
954	664
954	666
954	678
954	723
954	761
954	766
954	800
954	860
954	866
954	930
954	942
954	969
955	117
955	153
955	157
955	167
955	187
955	201
955	203
955	332
955	347
955	363
955	380
955	394
955	399
955	457
955	551
955	701
955	732
955	746
955	816
955	912
955	913
955	939
955	946
955	947
955	970
956	26
956	67
956	178
956	264
956	274
956	339
956	372
956	382
956	402
956	441
956	493
956	515
956	526
956	554
956	555
956	614
956	649
956	688
956	765
956	780
956	793
956	857
956	859
956	879
956	929
957	106
957	195
957	208
957	257
957	269
957	289
957	518
957	522
957	532
957	549
957	662
957	676
957	708
957	724
957	738
957	779
957	824
957	840
957	864
957	925
957	934
957	972
957	973
957	979
957	983
958	16
958	25
958	122
958	151
958	172
958	249
958	439
958	475
958	511
958	533
958	544
958	622
958	683
958	696
958	728
958	734
958	775
958	813
958	882
958	905
958	921
958	938
958	948
958	961
958	980
959	5
959	32
959	90
959	99
959	116
959	124
959	236
959	365
959	472
959	568
959	613
959	695
959	716
959	718
959	719
959	754
959	797
959	804
959	814
959	836
959	850
959	869
959	885
959	942
959	992
960	24
960	29
960	82
960	84
960	150
960	162
960	172
960	300
960	306
960	310
960	351
960	403
960	500
960	531
960	563
960	585
960	595
960	619
960	633
960	649
960	715
960	720
960	844
960	851
960	962
961	25
961	65
961	117
961	195
961	235
961	246
961	249
961	309
961	359
961	468
961	475
961	488
961	519
961	524
961	728
961	734
961	751
961	820
961	870
961	893
961	902
961	905
961	948
961	958
961	980
962	35
962	50
962	144
962	199
962	214
962	311
962	317
962	404
962	435
962	436
962	462
962	465
962	467
962	538
962	604
962	630
962	658
962	673
962	745
962	764
962	773
962	884
962	949
962	960
962	981
963	2
963	113
963	116
963	174
963	219
963	270
963	293
963	303
963	312
963	392
963	393
963	470
963	531
963	600
963	638
963	698
963	702
963	726
963	759
963	794
963	815
963	888
963	892
963	899
963	952
964	104
964	125
964	136
964	193
964	220
964	221
964	231
964	242
964	243
964	373
964	464
964	521
964	540
964	545
964	560
964	574
964	611
964	678
964	776
964	783
964	799
964	839
964	848
964	917
964	932
964	968
965	10
965	53
965	77
965	276
965	325
965	386
965	388
965	395
965	427
965	438
965	448
965	454
965	479
965	583
965	584
965	596
965	616
965	644
965	658
965	722
965	733
965	809
965	871
965	897
965	920
965	966
966	13
966	15
966	78
966	138
966	278
966	281
966	290
966	342
966	389
966	424
966	452
966	495
966	527
966	535
966	594
966	654
966	680
966	699
966	752
966	768
966	874
966	894
966	937
966	940
966	965
966	1000
967	26
967	274
967	277
967	339
967	346
967	372
967	434
967	441
967	515
967	543
967	554
967	555
967	561
967	688
967	758
967	780
967	786
967	793
967	857
967	879
967	887
967	904
967	922
967	929
967	975
967	978
968	9
968	39
968	94
968	111
968	115
968	121
968	159
968	169
968	227
968	282
968	352
968	357
968	385
968	432
968	558
968	647
968	663
968	682
968	749
968	791
968	881
968	913
968	951
968	964
968	977
968	988
969	43
969	73
969	204
969	368
969	411
969	415
969	431
969	446
969	447
969	552
969	562
969	578
969	579
969	631
969	639
969	646
969	723
969	761
969	766
969	782
969	800
969	860
969	866
969	942
969	954
969	973
970	34
970	153
970	167
970	168
970	203
970	209
970	332
970	380
970	394
970	399
970	430
970	571
970	640
970	701
970	746
970	812
970	816
970	846
970	912
970	913
970	918
970	939
970	946
970	947
970	955
970	974
971	7
971	61
971	125
971	136
971	193
971	221
971	231
971	243
971	341
971	362
971	373
971	387
971	496
971	540
971	545
971	574
971	611
971	678
971	783
971	799
971	839
971	848
971	917
971	932
971	973
971	974
972	4
972	195
972	207
972	257
972	328
972	348
972	354
972	396
972	409
972	522
972	532
972	549
972	659
972	662
972	708
972	724
972	738
972	779
972	824
972	840
972	853
972	864
972	934
972	957
972	979
972	980
973	163
973	195
973	207
973	208
973	257
973	328
973	354
973	518
973	522
973	532
973	549
973	639
973	676
973	687
973	708
973	724
973	738
973	779
973	824
973	864
973	925
973	934
973	957
973	969
973	971
973	979
974	17
974	86
974	129
974	234
974	316
974	371
974	437
974	453
974	459
974	480
974	572
974	607
974	628
974	632
974	710
974	743
974	820
974	826
974	831
974	911
974	915
974	922
974	945
974	970
974	971
974	977
974	997
975	6
975	44
975	45
975	47
975	198
975	205
975	213
975	246
975	252
975	267
975	283
975	292
975	443
975	456
975	469
975	471
975	546
975	626
975	798
975	823
975	849
975	852
975	868
975	933
975	935
975	967
975	995
976	58
976	60
976	69
976	71
976	80
976	132
976	146
976	182
976	197
976	268
976	291
976	318
976	331
976	335
976	345
976	466
976	489
976	504
976	553
976	556
976	635
976	692
976	769
976	805
976	827
976	845
976	977
977	9
977	41
977	58
977	111
977	169
977	196
977	227
977	269
977	282
977	352
977	357
977	432
977	558
977	592
977	593
977	647
977	663
977	682
977	749
977	791
977	811
977	881
977	951
977	968
977	974
977	976
977	988
978	10
978	14
978	141
978	178
978	277
978	302
978	339
978	374
978	434
978	441
978	492
978	493
978	550
978	688
978	689
978	725
978	740
978	765
978	780
978	786
978	806
978	857
978	859
978	879
978	887
978	967
978	984
979	4
979	106
979	208
979	257
979	269
979	348
979	396
979	397
979	409
979	532
979	676
979	687
979	688
979	708
979	724
979	738
979	779
979	824
979	840
979	853
979	864
979	925
979	928
979	934
979	957
979	972
979	973
980	25
980	65
980	137
980	235
980	284
980	370
980	440
980	475
980	476
980	519
980	524
980	525
980	533
980	544
980	657
980	694
980	696
980	705
980	734
980	751
980	893
980	921
980	938
980	948
980	958
980	961
980	972
981	76
981	107
981	128
981	134
981	144
981	199
981	214
981	272
981	311
981	343
981	467
981	501
981	576
981	643
981	668
981	697
981	700
981	745
981	773
981	777
981	801
981	880
981	884
981	949
981	950
981	962
981	990
982	12
982	54
982	67
982	126
982	253
982	296
982	329
982	397
982	458
982	500
982	528
982	543
982	569
982	575
982	588
982	685
982	731
982	741
982	775
982	829
982	832
982	861
982	895
982	898
982	924
982	941
982	984
983	68
983	89
983	118
983	174
983	232
983	285
983	324
983	376
983	384
983	419
983	503
983	534
983	548
983	636
983	693
983	714
983	719
983	737
983	755
983	817
983	841
983	842
983	843
983	873
983	891
983	928
983	957
983	986
984	126
984	212
984	222
984	296
984	319
984	460
984	503
984	506
984	528
984	552
984	569
984	570
984	621
984	731
984	735
984	741
984	775
984	802
984	821
984	829
984	832
984	918
984	924
984	943
984	978
984	982
984	995
984	998
985	27
985	93
985	100
985	109
985	135
985	152
985	180
985	184
985	206
985	251
985	254
985	356
985	389
985	400
985	408
985	418
985	433
985	439
985	449
985	498
985	573
985	602
985	657
985	684
985	706
985	713
985	788
985	836
986	68
986	89
986	149
986	174
986	280
986	324
986	350
986	375
986	376
986	377
986	384
986	412
986	502
986	509
986	534
986	645
986	652
986	691
986	712
986	719
986	736
986	755
986	841
986	842
986	843
986	873
986	891
986	983
987	91
987	113
987	228
987	233
987	293
987	321
987	349
987	392
987	407
987	516
987	531
987	595
987	664
987	666
987	698
987	702
987	711
987	726
987	732
987	751
987	759
987	794
987	854
987	886
987	888
987	892
987	952
987	991
988	9
988	39
988	41
988	70
988	111
988	140
988	159
988	164
988	169
988	196
988	227
988	261
988	352
988	357
988	385
988	432
988	558
988	592
988	647
988	663
988	682
988	749
988	791
988	811
988	857
988	968
988	977
988	996
989	19
989	22
989	37
989	105
989	142
989	194
989	241
989	289
989	330
989	337
989	344
989	346
989	353
989	435
989	491
989	562
989	581
989	608
989	624
989	636
989	675
989	677
989	750
989	796
989	872
989	894
989	944
989	999
990	60
990	71
990	81
990	146
990	185
990	197
990	200
990	245
990	291
990	318
990	322
990	331
990	345
990	358
990	451
990	504
990	537
990	556
990	580
990	637
990	692
990	769
990	803
990	805
990	827
990	845
990	871
990	878
990	981
991	91
991	219
991	228
991	293
991	303
991	393
991	407
991	417
991	428
991	516
991	595
991	638
991	666
991	686
991	698
991	726
991	739
991	759
991	761
991	815
991	854
991	886
991	888
991	892
991	899
991	903
991	952
991	987
991	992
992	98
992	265
992	340
992	366
992	369
992	420
992	425
992	428
992	455
992	559
992	565
992	577
992	589
992	601
992	628
992	640
992	721
992	760
992	762
992	784
992	789
992	790
992	792
992	810
992	875
992	877
992	950
992	959
992	991
993	8
993	64
993	87
993	98
993	248
993	265
993	307
993	340
993	366
993	369
993	559
993	565
993	577
993	589
993	601
993	627
993	753
993	760
993	762
993	784
993	790
993	792
993	800
993	810
993	870
993	875
993	877
993	880
993	931
994	64
994	87
994	98
994	102
994	156
994	186
994	217
994	248
994	265
994	315
994	323
994	366
994	369
994	421
994	455
994	565
994	577
994	627
994	640
994	784
994	789
994	792
994	858
994	863
994	875
994	877
994	880
994	936
994	950
995	6
995	44
995	110
995	198
995	205
995	213
995	246
995	252
995	267
995	292
995	363
995	443
995	456
995	469
995	471
995	539
995	546
995	626
995	652
995	771
995	798
995	823
995	852
995	868
995	933
995	935
995	945
995	975
995	984
996	32
996	36
996	40
996	88
996	99
996	158
996	298
996	314
996	365
996	378
996	460
996	472
996	484
996	487
996	508
996	517
996	568
996	606
996	642
996	716
996	718
996	754
996	797
996	804
996	836
996	850
996	885
996	900
996	988
997	17
997	21
997	83
997	129
997	161
997	177
997	234
997	316
997	413
997	459
997	480
997	530
997	607
997	628
997	632
997	754
997	770
997	776
997	820
997	826
997	831
997	862
997	865
997	874
997	911
997	915
997	922
997	945
997	974
998	12
998	54
998	222
998	230
998	262
998	271
998	319
998	329
998	333
998	416
998	444
998	460
998	503
998	506
998	528
998	547
998	598
998	621
998	731
998	741
998	802
998	832
998	861
998	865
998	875
998	895
998	898
998	918
998	943
998	984
999	22
999	37
999	62
999	105
999	133
999	142
999	194
999	241
999	261
999	273
999	289
999	330
999	337
999	353
999	361
999	491
999	512
999	529
999	562
999	581
999	624
999	675
999	677
999	750
999	753
999	770
999	815
999	872
999	944
999	989
1000	13
1000	15
1000	78
1000	138
1000	281
1000	286
1000	290
1000	342
1000	403
1000	424
1000	452
1000	495
1000	527
1000	535
1000	536
1000	594
1000	617
1000	654
1000	680
1000	699
1000	752
1000	768
1000	781
1000	807
1000	811
1000	874
1000	894
1000	937
1000	940
1000	966
