1	487
1	854
1	897
1	910
1	954
2	258
2	651
2	784
2	801
2	999
3	223
3	456
3	621
3	935
3	948
4	566
4	679
4	809
4	963
4	995
5	686
5	749
5	888
5	904
5	915
6	309
6	708
6	726
6	760
6	935
7	145
7	583
7	732
7	910
7	938
8	499
8	787
8	870
8	962
8	972
9	389
9	638
9	708
9	760
9	913
10	331
10	415
10	680
10	832
10	1000
11	110
11	601
11	809
11	852
11	982
12	113
12	768
12	853
12	946
12	973
13	16
13	59
13	539
13	736
13	827
14	214
14	242
14	246
14	351
14	851
15	273
15	895
15	930
15	958
15	998
16	13
16	565
16	741
16	773
16	963
17	605
17	640
17	752
17	879
17	980
18	470
18	498
18	670
18	766
18	980
19	245
19	270
19	393
19	871
19	976
20	275
20	765
20	899
20	902
20	957
21	241
21	362
21	679
21	681
21	948
22	816
22	839
22	943
22	960
22	974
23	311
23	433
23	676
23	900
23	929
24	570
24	684
24	743
24	800
24	1000
25	126
25	308
25	462
25	535
25	586
26	653
26	677
26	886
26	896
26	985
27	593
27	601
27	781
27	934
27	999
28	228
28	251
28	431
28	527
28	643
29	85
29	427
29	826
29	881
29	988
30	809
30	818
30	833
30	846
30	886
31	89
31	187
31	573
31	628
31	718
32	419
32	603
32	645
32	692
32	743
33	38
33	164
33	487
33	820
33	930
34	538
34	801
34	855
34	912
34	930
35	378
35	699
35	720
35	845
35	924
36	327
36	728
36	812
36	880
36	966
37	347
37	370
37	621
37	642
37	916
38	33
38	194
38	215
38	833
38	989
39	139
39	611
39	837
39	842
39	969
40	351
40	790
40	850
40	978
40	981
41	391
41	419
41	503
41	629
41	874
42	269
42	472
42	778
42	894
42	907
43	95
43	314
43	469
43	574
43	991
44	475
44	487
44	918
44	945
44	997
45	67
45	84
45	432
45	515
45	889
46	399
46	612
46	806
46	816
46	872
47	405
47	757
47	809
47	910
47	919
48	347
48	366
48	508
48	681
48	976
49	618
49	620
49	798
49	894
49	961
50	621
50	632
50	652
50	880
50	968
51	422
51	474
51	822
51	937
51	948
52	132
52	346
52	583
52	988
52	993
53	363
53	886
53	896
53	901
53	981
54	209
54	821
54	845
54	868
54	977
55	154
55	399
55	611
55	788
55	953
56	140
56	604
56	643
56	861
56	898
57	244
57	521
57	928
57	985
57	997
58	65
58	340
58	723
58	828
58	904
59	13
59	815
59	857
59	956
59	992
60	163
60	418
60	483
60	586
60	984
61	315
61	330
61	420
61	824
61	985
62	392
62	578
62	842
62	955
62	960
63	70
63	577
63	938
63	969
63	1000
64	91
64	278
64	530
64	885
64	946
65	58
65	501
65	772
65	920
65	958
66	465
66	766
66	883
66	939
66	996
67	45
67	432
67	965
67	984
67	992
68	718
68	879
68	894
68	942
68	962
69	448
69	531
69	679
69	732
69	859
70	63
70	786
70	859
70	956
70	959
71	353
71	383
71	601
71	813
71	913
72	251
72	414
72	810
72	886
72	922
73	103
73	871
73	911
73	936
73	973
74	701
74	791
74	812
74	836
74	998
75	419
75	539
75	862
75	884
75	917
76	385
76	495
76	780
76	974
76	978
77	270
77	682
77	814
77	875
77	895
78	257
78	455
78	504
78	692
78	800
79	309
79	371
79	918
79	936
79	994
80	112
80	283
80	767
80	875
80	918
81	153
81	370
81	500
81	622
81	876
82	588
82	657
82	755
82	982
82	1000
83	254
83	566
83	615
83	705
83	796
84	45
84	640
84	800
84	917
84	940
85	29
85	202
85	449
85	805
85	989
86	253
86	762
86	889
86	901
86	946
87	142
87	692
87	865
87	893
87	979
88	512
88	607
88	685
88	837
88	924
89	31
89	143
89	451
89	767
89	979
90	735
90	798
90	835
90	870
90	970
91	64
91	445
91	745
91	952
91	961
92	597
92	767
92	927
92	931
92	936
93	288
93	674
93	826
93	892
93	909
94	314
94	423
94	809
94	864
94	970
95	43
95	313
95	408
95	539
95	981
96	197
96	644
96	888
96	915
96	975
97	117
97	732
97	740
97	905
97	968
98	131
98	418
98	673
98	829
98	831
99	108
99	751
99	850
99	966
99	977
100	122
100	720
100	843
100	957
100	996
101	353
101	434
101	605
101	823
101	993
102	747
102	867
102	958
102	976
102	988
103	73
103	247
103	361
103	513
103	553
104	391
104	431
104	554
104	641
104	939
105	618
105	783
105	887
105	893
105	944
106	746
106	756
106	948
106	959
106	1000
107	437
107	750
107	817
107	991
107	994
108	99
108	176
108	310
108	570
108	911
109	558
109	626
109	701
109	908
109	990
110	11
110	181
110	471
110	721
110	723
111	243
111	696
111	910
111	967
111	988
112	80
112	451
112	752
112	933
112	977
113	12
113	488
113	598
113	762
113	926
114	175
114	208
114	345
114	547
114	789
115	233
115	691
115	771
115	807
115	938
116	123
116	589
116	667
116	948
116	949
117	97
117	569
117	884
117	895
117	973
118	155
118	503
118	534
118	878
118	936
119	499
119	681
119	792
119	919
119	955
120	718
120	821
120	848
120	866
120	892
121	871
121	925
121	958
121	976
121	986
122	100
122	707
122	803
122	883
122	888
123	116
123	647
123	830
123	854
123	996
124	406
124	605
124	664
124	768
124	876
125	508
125	665
125	692
125	882
125	962
126	25
126	660
126	792
126	841
126	907
127	373
127	792
127	872
127	947
127	970
128	228
128	489
128	514
128	812
128	897
129	456
129	596
129	851
129	923
129	932
130	348
130	732
130	851
130	936
130	945
131	98
131	383
131	666
131	685
131	807
132	52
132	474
132	484
132	757
132	843
133	430
133	868
133	870
133	899
133	971
134	240
134	324
134	413
134	815
134	992
135	790
135	829
135	889
135	902
135	937
136	457
136	465
136	594
136	768
136	897
137	286
137	358
137	421
137	889
137	990
138	504
138	777
138	882
138	908
138	979
139	39
139	603
139	891
139	894
139	961
140	56
140	242
140	830
140	921
140	953
141	208
141	622
141	779
141	945
141	955
142	87
142	232
142	311
142	370
142	966
143	89
143	195
143	613
143	752
143	948
144	738
144	771
144	791
144	799
144	975
145	7
145	281
145	636
145	881
145	965
146	602
146	802
146	904
146	916
146	943
147	373
147	590
147	751
147	841
147	910
148	549
148	609
148	958
148	965
148	976
149	168
149	244
149	435
149	901
149	917
150	564
150	648
150	839
150	899
150	981
151	298
151	805
151	851
151	860
151	942
152	376
152	512
152	794
152	903
152	977
153	81
153	452
153	526
153	649
153	663
154	55
154	284
154	683
154	820
154	864
155	118
155	267
155	274
155	958
155	976
156	753
156	770
156	783
156	862
156	998
157	245
157	799
157	905
157	943
157	985
158	388
158	587
158	712
158	828
158	969
159	519
159	863
159	925
159	926
159	932
160	573
160	637
160	931
160	937
160	971
161	356
161	689
161	739
161	744
161	996
162	491
162	621
162	725
162	740
162	848
163	60
163	329
163	662
163	821
163	928
164	33
164	208
164	372
164	801
164	856
165	357
165	563
165	776
165	794
165	883
166	239
166	550
166	582
166	738
166	1000
167	404
167	482
167	578
167	772
167	822
168	149
168	220
168	298
168	433
168	568
169	648
169	697
169	754
169	899
169	916
170	402
170	699
170	761
170	781
170	960
171	349
171	403
171	785
171	790
171	817
172	557
172	563
172	831
172	875
172	903
173	219
173	510
173	553
173	835
173	885
174	286
174	555
174	641
174	802
174	957
175	114
175	352
175	729
175	922
175	924
176	108
176	415
176	920
176	922
176	998
177	811
177	852
177	887
177	938
177	982
178	380
178	414
178	497
178	617
178	838
179	292
179	718
179	749
179	871
179	985
180	292
180	547
180	665
180	703
180	864
181	110
181	687
181	800
181	964
181	998
182	227
182	327
182	716
182	797
182	995
183	337
183	382
183	452
183	769
183	815
184	476
184	700
184	817
184	946
184	980
185	357
185	635
185	958
185	963
185	966
186	488
186	654
186	807
186	936
186	985
187	31
187	334
187	523
187	893
187	970
188	599
188	790
188	885
188	888
188	986
189	238
189	381
189	520
189	977
189	997
190	654
190	791
190	841
190	895
190	930
191	453
191	561
191	669
191	922
191	956
192	310
192	326
192	491
192	612
192	822
193	320
193	749
193	954
193	958
193	975
194	38
194	778
194	802
194	988
194	996
195	143
195	423
195	562
195	843
195	992
196	320
196	574
196	932
196	967
196	999
197	96
197	875
197	904
197	909
197	960
198	303
198	339
198	755
198	892
198	950
199	216
199	408
199	818
199	890
199	973
200	493
200	649
200	801
200	856
200	958
201	542
201	605
201	812
201	858
201	877
201	949
202	85
202	478
202	590
202	757
202	918
202	958
203	205
203	311
203	339
203	712
203	825
203	871
204	724
204	729
204	798
204	809
204	815
204	877
205	203
205	311
205	411
205	585
205	901
205	1000
206	250
206	617
206	841
206	860
206	874
206	897
207	309
207	543
207	736
207	758
207	949
207	965
208	114
208	141
208	164
208	460
208	751
208	949
209	54
209	592
209	731
209	927
209	945
209	983
210	258
210	423
210	552
210	837
210	862
210	898
211	416
211	685
211	812
211	912
211	914
211	971
212	479
212	690
212	806
212	900
212	944
212	997
213	573
213	649
213	659
213	906
213	983
213	984
214	14
214	361
214	668
214	877
214	972
214	993
215	38
215	368
215	661
215	858
215	897
215	962
216	199
216	467
216	674
216	782
216	865
216	890
217	295
217	661
217	858
217	893
217	914
217	962
218	523
218	556
218	623
218	759
218	836
218	988
219	173
219	266
219	504
219	776
219	935
219	990
220	168
220	535
220	664
220	931
220	957
220	964
221	608
221	649
221	827
221	863
221	874
221	883
222	670
222	691
222	751
222	837
222	921
222	932
223	3
223	744
223	792
223	866
223	935
223	990
224	226
224	422
224	546
224	614
224	875
224	987
225	375
225	773
225	894
225	944
225	989
225	991
226	224
226	376
226	594
226	646
226	685
226	751
227	182
227	335
227	337
227	769
227	876
227	927
228	28
228	128
228	293
228	810
228	966
228	969
229	580
229	614
229	663
229	961
229	962
229	995
230	442
230	585
230	717
230	823
230	911
230	916
231	380
231	749
231	797
231	877
231	957
231	985
232	142
232	332
232	503
232	545
232	722
232	855
233	115
233	464
233	618
233	693
233	978
233	996
234	281
234	314
234	319
234	721
234	787
234	972
235	327
235	377
235	390
235	632
235	819
235	918
236	275
236	459
236	709
236	797
236	853
236	881
237	396
237	733
237	903
237	907
237	984
237	987
238	189
238	373
238	426
238	533
238	880
238	946
239	166
239	549
239	690
239	884
239	903
239	923
240	134
240	415
240	746
240	817
240	882
240	901
241	21
241	678
241	804
241	838
241	943
241	951
242	14
242	140
242	655
242	702
242	785
242	957
243	111
243	854
243	866
243	929
243	982
243	990
244	57
244	149
244	463
244	793
244	822
244	898
245	19
245	157
245	431
245	704
245	871
245	989
246	14
246	471
246	706
246	818
246	953
246	967
247	103
247	394
247	562
247	592
247	811
247	923
248	285
248	758
248	827
248	908
248	974
248	996
249	665
249	712
249	749
249	756
249	772
249	994
250	206
250	548
250	956
250	971
250	973
250	982
251	28
251	72
251	438
251	787
251	822
251	966
252	501
252	574
252	774
252	877
252	892
252	907
253	86
253	564
253	694
253	729
253	899
253	996
254	83
254	322
254	720
254	868
254	922
254	971
255	437
255	696
255	773
255	965
255	988
255	996
256	257
256	541
256	684
256	837
256	864
256	913
257	78
257	256
257	722
257	740
257	892
257	921
258	2
258	210
258	460
258	462
258	727
258	791
259	645
259	680
259	796
259	806
259	834
259	986
260	310
260	511
260	612
260	640
260	816
260	934
261	374
261	561
261	676
261	810
261	859
261	980
262	458
262	542
262	674
262	689
262	734
262	964
263	353
263	617
263	844
263	876
263	917
263	954
264	709
264	922
264	931
264	957
264	972
264	985
265	614
265	672
265	786
265	929
265	931
265	957
266	219
266	317
266	488
266	615
266	942
266	944
267	155
267	749
267	808
267	849
267	928
267	958
268	439
268	653
268	717
268	862
268	899
268	960
269	42
269	448
269	779
269	854
269	867
269	925
270	19
270	77
270	529
270	715
270	848
270	990
271	412
271	557
271	707
271	832
271	910
271	988
272	596
272	698
272	760
272	900
272	911
272	947
273	15
273	632
273	704
273	713
273	976
273	995
274	155
274	363
274	444
274	582
274	934
274	999
275	20
275	236
275	303
275	393
275	864
275	957
276	468
276	770
276	791
276	819
276	953
276	967
277	583
277	789
277	849
277	935
277	954
277	960
278	64
278	623
278	762
278	867
278	982
278	984
279	539
279	634
279	808
279	872
279	901
279	994
280	379
280	663
280	873
280	917
280	964
280	993
281	145
281	234
281	813
281	878
281	950
281	999
282	463
282	479
282	639
282	720
282	801
282	904
283	80
283	417
283	667
283	738
283	824
283	943
284	154
284	296
284	411
284	655
284	788
284	913
285	248
285	440
285	729
285	904
285	919
285	955
286	137
286	174
286	773
286	919
286	956
286	990
287	571
287	597
287	815
287	867
287	901
287	994
288	93
288	310
288	515
288	577
288	804
288	951
289	371
289	522
289	702
289	763
289	843
289	879
290	332
290	427
290	891
290	937
290	942
290	983
291	722
291	866
291	890
291	927
291	957
291	982
292	179
292	180
292	402
292	442
292	749
292	969
293	228
293	390
293	430
293	500
293	709
293	896
294	307
294	510
294	626
294	719
294	725
294	859
295	217
295	406
295	414
295	662
295	665
295	979
296	284
296	375
296	440
296	560
296	736
296	912
297	514
297	618
297	755
297	872
297	947
297	987
298	151
298	168
298	526
298	898
298	923
298	987
299	405
299	579
299	636
299	643
299	908
299	926
300	302
300	410
300	596
300	844
300	960
300	969
301	429
301	826
301	875
301	876
301	942
301	997
302	300
302	464
302	725
302	731
302	812
302	912
303	198
303	275
303	311
303	706
303	719
303	805
304	680
304	683
304	786
304	802
304	950
304	965
305	651
305	796
305	906
305	925
305	981
305	989
306	341
306	862
306	879
306	942
306	972
306	983
307	294
307	350
307	668
307	732
307	898
307	965
308	25
308	380
308	445
308	756
308	847
308	954
309	6
309	79
309	207
309	413
309	655
309	732
310	108
310	192
310	260
310	288
310	516
310	1000
311	23
311	142
311	203
311	205
311	303
311	870
312	777
312	850
312	869
312	902
312	931
312	981
313	95
313	408
313	689
313	813
313	831
313	911
314	43
314	94
314	234
314	574
314	758
314	955
315	61
315	342
315	687
315	689
315	841
315	896
316	336
316	574
316	625
316	671
316	854
316	978
317	266
317	631
317	652
317	905
317	914
317	941
318	405
318	648
318	649
318	661
318	816
318	986
319	234
319	502
319	744
319	915
319	930
319	955
320	193
320	196
320	540
320	871
320	910
320	976
321	323
321	501
321	653
321	721
321	873
321	894
322	254
322	422
322	712
322	844
322	860
322	974
323	321
323	390
323	564
323	656
323	671
323	975
324	134
324	582
324	626
324	771
324	782
324	994
325	491
325	734
325	754
325	835
325	852
325	929
326	192
326	429
326	439
326	559
326	801
326	966
327	36
327	182
327	235
327	382
327	482
327	921
328	354
328	789
328	800
328	844
328	928
328	988
329	163
329	684
329	716
329	902
329	908
329	956
330	61
330	356
330	490
330	582
330	669
330	775
331	10
331	558
331	690
331	706
331	885
331	983
332	232
332	290
332	603
332	633
332	734
332	891
333	372
333	406
333	424
333	512
333	775
333	876
334	187
334	335
334	344
334	647
334	705
334	820
335	227
335	334
335	465
335	510
335	681
335	790
336	316
336	473
336	612
336	679
336	770
336	874
337	183
337	227
337	339
337	491
337	974
337	999
338	665
338	888
338	890
338	950
338	952
338	961
339	198
339	203
339	337
339	400
339	662
339	873
340	58
340	498
340	581
340	652
340	727
340	782
341	306
341	587
341	852
341	879
341	970
341	997
342	315
342	400
342	534
342	625
342	675
342	869
343	658
343	767
343	789
343	901
343	941
343	979
344	334
344	705
344	713
344	874
344	942
344	997
345	114
345	583
345	677
345	860
345	955
345	962
346	52
346	678
346	831
346	842
346	939
346	968
347	37
347	48
347	579
347	723
347	836
347	899
348	130
348	505
348	604
348	780
348	808
348	896
349	171
349	447
349	675
349	711
349	944
349	951
350	307
350	726
350	801
350	802
350	971
350	990
351	14
351	40
351	808
351	835
351	853
351	862
352	175
352	620
352	837
352	939
352	951
352	959
353	71
353	101
353	263
353	466
353	904
353	947
354	328
354	630
354	710
354	862
354	968
354	969
355	560
355	647
355	768
355	808
355	882
355	926
356	161
356	330
356	416
356	544
356	685
356	725
356	994
357	165
357	185
357	909
357	910
357	939
357	983
357	987
358	137
358	626
358	666
358	708
358	776
358	838
358	864
359	538
359	806
359	906
359	918
359	953
359	983
359	986
360	431
360	575
360	646
360	705
360	769
360	820
360	969
361	103
361	214
361	604
361	906
361	932
361	953
361	967
362	21
362	575
362	606
362	704
362	739
362	783
362	861
363	53
363	274
363	719
363	805
363	825
363	843
363	969
364	572
364	687
364	759
364	834
364	946
364	990
364	997
365	609
365	623
365	715
365	776
365	802
365	935
365	990
366	48
366	397
366	490
366	499
366	778
366	975
366	992
367	421
367	446
367	676
367	816
367	911
367	945
367	981
368	215
368	575
368	738
368	751
368	783
368	838
368	943
369	543
369	602
369	757
369	804
369	866
369	929
369	982
370	37
370	81
370	142
370	645
370	677
370	767
370	991
371	79
371	289
371	406
371	449
371	505
371	848
371	925
372	164
372	333
372	585
372	616
372	766
372	827
372	846
373	127
373	147
373	238
373	388
373	473
373	532
373	884
374	261
374	645
374	808
374	834
374	922
374	942
374	996
375	225
375	296
375	615
375	893
375	930
375	944
375	991
376	152
376	226
376	379
376	701
376	784
376	796
376	912
377	235
377	612
377	642
377	717
377	737
377	899
377	978
378	35
378	435
378	747
378	849
378	911
378	930
378	969
379	280
379	376
379	644
379	669
379	819
379	963
379	989
380	178
380	231
380	308
380	746
380	818
380	882
380	961
381	189
381	403
381	463
381	676
381	737
381	891
381	973
382	183
382	327
382	442
382	564
382	599
382	835
382	947
383	71
383	131
383	528
383	763
383	792
383	895
383	896
384	438
384	668
384	704
384	734
384	794
384	832
384	874
385	76
385	421
385	645
385	746
385	862
385	962
385	979
386	473
386	505
386	628
386	682
386	878
386	894
386	948
387	674
387	744
387	769
387	850
387	887
387	905
387	953
388	158
388	373
388	587
388	607
388	713
388	830
388	964
389	9
389	630
389	750
389	800
389	899
389	952
389	991
390	235
390	293
390	323
390	498
390	883
390	888
390	941
391	41
391	104
391	638
391	662
391	769
391	943
391	997
392	62
392	482
392	571
392	777
392	778
392	891
392	926
393	19
393	275
393	479
393	607
393	858
393	919
393	924
394	247
394	440
394	730
394	922
394	931
394	933
394	959
395	409
395	433
395	541
395	551
395	789
395	863
395	884
396	237
396	455
396	696
396	698
396	803
396	895
396	910
397	366
397	827
397	911
397	915
397	961
397	969
397	974
398	426
398	427
398	625
398	652
398	698
398	818
398	989
399	46
399	55
399	624
399	792
399	927
399	988
399	994
400	339
400	342
400	646
400	675
400	735
400	949
400	978
401	440
401	450
401	730
401	733
401	758
401	907
401	1000
402	170
402	292
402	511
402	611
402	739
402	912
402	960
403	171
403	381
403	684
403	764
403	864
403	892
403	896
404	167
404	702
404	780
404	795
404	821
404	896
404	978
405	47
405	299
405	318
405	610
405	867
405	912
405	986
406	124
406	295
406	333
406	371
406	735
406	808
406	926
407	608
407	649
407	700
407	731
407	780
407	948
407	987
408	95
408	199
408	313
408	438
408	832
408	835
408	983
409	395
409	640
409	674
409	834
409	886
409	887
409	989
410	300
410	428
410	434
410	664
410	796
410	933
410	969
411	205
411	284
411	530
411	560
411	700
411	880
411	967
412	271
412	571
412	858
412	907
412	916
412	942
412	975
413	134
413	309
413	531
413	691
413	758
413	927
413	996
414	72
414	178
414	295
414	660
414	712
414	746
414	908
415	10
415	176
415	240
415	544
415	707
415	883
415	901
416	211
416	356
416	857
416	879
416	887
416	894
416	895
417	283
417	701
417	775
417	853
417	873
417	932
417	953
418	60
418	98
418	657
418	829
418	940
418	984
418	996
419	32
419	41
419	75
419	731
419	839
419	947
419	992
420	61
420	443
420	468
420	679
420	718
420	861
420	976
421	137
421	367
421	385
421	593
421	890
421	979
421	1000
422	51
422	224
422	322
422	649
422	658
422	742
422	800
423	94
423	195
423	210
423	584
423	730
423	766
423	986
424	333
424	577
424	876
424	906
424	909
424	966
424	980
425	537
425	593
425	672
425	805
425	937
425	950
425	996
426	238
426	398
426	613
426	815
426	875
426	982
426	992
427	29
427	290
427	398
427	478
427	645
427	871
427	989
428	410
428	563
428	611
428	712
428	766
428	799
428	849
429	301
429	326
429	447
429	795
429	851
429	953
429	973
430	133
430	293
430	528
430	715
430	748
430	856
430	969
431	28
431	104
431	245
431	360
431	452
431	511
431	802
432	45
432	67
432	469
432	622
432	704
432	764
432	946
433	23
433	168
433	395
433	486
433	815
433	907
433	939
434	101
434	410
434	686
434	699
434	723
434	828
434	854
435	149
435	378
435	574
435	583
435	814
435	849
435	960
436	508
436	548
436	600
436	954
436	966
436	967
436	994
437	107
437	255
437	609
437	774
437	813
437	863
437	911
438	251
438	384
438	408
438	608
438	891
438	903
438	967
439	268
439	326
439	480
439	648
439	655
439	880
439	943
440	285
440	296
440	394
440	401
440	496
440	525
440	637
441	672
441	680
441	728
441	839
441	847
441	912
441	984
442	230
442	292
442	382
442	450
442	613
442	859
442	899
443	420
443	663
443	671
443	704
443	859
443	885
443	976
444	274
444	446
444	468
444	555
444	583
444	588
444	969
445	91
445	308
445	501
445	712
445	714
445	979
445	981
446	367
446	444
446	555
446	743
446	798
446	828
446	960
447	349
447	429
447	610
447	710
447	795
447	975
447	980
448	69
448	269
448	737
448	757
448	815
448	833
448	984
449	85
449	371
449	589
449	605
449	817
449	870
449	900
450	401
450	442
450	622
450	645
450	730
450	761
450	777
451	89
451	112
451	474
451	550
451	886
451	920
451	941
452	153
452	183
452	431
452	662
452	675
452	696
452	765
453	191
453	551
453	832
453	854
453	857
453	860
453	901
454	529
454	543
454	586
454	611
454	682
454	814
454	992
455	78
455	396
455	572
455	666
455	910
455	983
455	988
456	3
456	129
456	548
456	616
456	811
456	844
456	954
457	136
457	578
457	589
457	720
457	911
457	937
457	956
458	262
458	598
458	660
458	756
458	817
458	967
458	972
459	236
459	558
459	690
459	693
459	821
459	869
459	902
460	208
460	258
460	638
460	670
460	875
460	926
460	987
461	656
461	692
461	695
461	716
461	859
461	918
461	988
462	25
462	258
462	525
462	778
462	820
462	956
462	959
463	244
463	282
463	381
463	595
463	859
463	882
463	902
464	233
464	302
464	673
464	869
464	900
464	903
464	981
465	66
465	136
465	335
465	655
465	758
465	935
465	996
466	353
466	511
466	685
466	925
466	928
466	933
466	966
467	216
467	565
467	723
467	792
467	805
467	831
467	904
468	276
468	420
468	444
468	533
468	821
468	839
468	992
469	43
469	432
469	556
469	753
469	775
469	863
469	932
469	967
470	18
470	595
470	793
470	893
470	922
470	946
470	969
470	980
471	110
471	246
471	514
471	618
471	634
471	666
471	948
471	961
472	42
472	529
472	848
472	852
472	855
472	892
472	924
472	993
473	336
473	373
473	386
473	670
473	728
473	729
473	792
473	943
474	51
474	132
474	451
474	728
474	739
474	943
474	963
474	984
475	44
475	596
475	624
475	807
475	858
475	869
475	900
475	911
476	184
476	479
476	589
476	889
476	891
476	946
476	967
476	984
477	483
477	492
477	627
477	635
477	829
477	860
477	920
477	984
478	202
478	427
478	540
478	557
478	656
478	807
478	912
478	963
479	212
479	282
479	393
479	476
479	681
479	710
479	711
479	790
480	439
480	530
480	639
480	813
480	898
480	908
480	980
480	981
481	705
481	771
481	825
481	934
481	938
481	945
481	984
481	993
482	167
482	327
482	392
482	664
482	700
482	772
482	830
482	988
483	60
483	477
483	486
483	572
483	657
483	781
483	889
483	946
484	132
484	509
484	730
484	733
484	941
484	964
484	975
484	993
485	487
485	588
485	653
485	654
485	803
485	825
485	828
485	975
486	433
486	483
486	589
486	727
486	742
486	776
486	793
486	838
487	1
487	33
487	44
487	485
487	701
487	754
487	976
487	999
488	113
488	186
488	266
488	493
488	578
488	634
488	944
488	975
489	128
489	580
489	655
489	808
489	828
489	851
489	920
489	926
490	330
490	366
490	497
490	752
490	775
490	905
490	970
490	983
491	162
491	192
491	325
491	337
491	722
491	738
491	869
491	929
492	477
492	495
492	516
492	520
492	728
492	743
492	762
492	885
493	200
493	488
493	534
493	561
493	570
493	658
493	666
493	952
494	532
494	552
494	557
494	756
494	839
494	865
494	881
494	992
495	76
495	492
495	505
495	531
495	819
495	846
495	870
495	924
496	440
496	497
496	721
496	782
496	797
496	820
496	959
496	985
497	178
497	490
497	496
497	796
497	882
497	929
497	979
497	1000
498	18
498	340
498	390
498	570
498	674
498	719
498	961
498	974
499	8
499	119
499	366
499	526
499	532
499	578
499	919
499	955
500	81
500	293
500	541
500	641
500	682
500	686
500	832
500	856
501	65
501	252
501	321
501	445
501	571
501	653
501	798
501	966
502	319
502	559
502	594
502	688
502	716
502	735
502	820
502	918
503	41
503	118
503	232
503	855
503	861
503	866
503	940
503	982
504	78
504	138
504	219
504	600
504	686
504	917
504	947
504	994
505	348
505	371
505	386
505	495
505	509
505	726
505	748
505	768
506	532
506	565
506	783
506	847
506	874
506	949
506	957
506	979
507	576
507	636
507	680
507	690
507	863
507	893
507	925
507	976
508	48
508	125
508	436
508	529
508	688
508	781
508	883
508	952
509	484
509	505
509	800
509	828
509	830
509	964
509	985
509	993
510	173
510	294
510	335
510	752
510	821
510	824
510	868
510	916
511	260
511	402
511	431
511	466
511	724
511	763
511	834
511	988
512	88
512	152
512	333
512	558
512	759
512	765
512	834
512	913
513	103
513	664
513	670
513	875
513	917
513	943
513	987
513	995
514	128
514	297
514	471
514	629
514	686
514	886
514	947
514	952
515	45
515	288
515	527
515	714
515	806
515	940
515	971
515	998
516	310
516	492
516	575
516	762
516	813
516	885
516	910
516	976
517	544
517	742
517	762
517	771
517	814
517	950
517	965
517	989
518	519
518	545
518	697
518	797
518	803
518	862
518	892
518	942
519	159
519	518
519	627
519	630
519	837
519	858
519	911
519	992
520	189
520	492
520	536
520	643
520	650
520	793
520	818
520	922
521	57
521	558
521	720
521	733
521	762
521	839
521	845
521	971
522	289
522	579
522	585
522	924
522	952
522	976
522	978
522	996
523	187
523	218
523	823
523	891
523	942
523	944
523	985
523	1000
524	592
524	644
524	708
524	776
524	826
524	914
524	935
524	990
525	440
525	462
525	532
525	669
525	701
525	725
525	757
525	943
526	153
526	298
526	499
526	695
526	863
526	867
526	979
526	996
527	28
527	515
527	608
527	615
527	625
527	711
527	804
527	823
528	383
528	430
528	553
528	565
528	712
528	872
528	886
528	995
529	270
529	454
529	472
529	508
529	748
529	801
529	916
529	972
530	64
530	411
530	480
530	585
530	655
530	752
530	793
530	843
531	69
531	413
531	495
531	559
531	585
531	830
531	854
531	951
532	373
532	494
532	499
532	506
532	525
532	822
532	840
532	994
533	238
533	468
533	613
533	672
533	693
533	743
533	774
533	943
534	118
534	342
534	493
534	642
534	672
534	675
534	716
534	915
535	25
535	220
535	537
535	581
535	797
535	827
535	845
535	931
536	520
536	689
536	744
536	824
536	828
536	851
536	897
536	925
537	425
537	535
537	576
537	610
537	691
537	729
537	938
537	999
538	34
538	359
538	567
538	574
538	617
538	669
538	717
538	812
539	13
539	75
539	95
539	279
539	772
539	857
539	902
539	980
540	320
540	478
540	604
540	714
540	727
540	810
540	853
540	991
541	256
541	395
541	500
541	682
541	849
541	856
541	972
541	998
542	201
542	262
542	663
542	802
542	830
542	915
542	936
542	941
543	207
543	369
543	454
543	687
543	744
543	755
543	856
543	944
544	356
544	415
544	517
544	691
544	908
544	912
544	965
544	999
545	232
545	518
545	627
545	636
545	674
545	869
545	963
545	970
546	224
546	620
546	743
546	750
546	826
546	880
546	959
546	1000
547	114
547	180
547	703
547	711
547	751
547	828
547	943
547	969
548	250
548	436
548	456
548	658
548	803
548	810
548	935
548	994
549	148
549	239
549	890
549	920
549	926
549	933
549	936
549	995
550	166
550	451
550	726
550	840
550	861
550	900
550	926
550	936
551	395
551	453
551	677
551	698
551	810
551	854
551	857
551	954
552	210
552	494
552	584
552	708
552	739
552	783
552	920
552	992
553	103
553	173
553	528
553	573
553	698
553	828
553	933
553	973
554	104
554	687
554	748
554	755
554	818
554	858
554	943
554	998
555	174
555	444
555	446
555	556
555	737
555	828
555	849
555	888
556	218
556	469
556	555
556	574
556	711
556	787
556	911
556	997
557	172
557	271
557	478
557	494
557	717
557	814
557	963
557	988
558	109
558	331
558	459
558	512
558	521
558	763
558	771
558	810
559	326
559	502
559	531
559	690
559	763
559	868
559	913
559	937
560	296
560	355
560	411
560	585
560	693
560	797
560	866
560	879
561	191
561	261
561	493
561	763
561	826
561	956
561	971
561	985
562	195
562	247
562	602
562	728
562	741
562	822
562	929
562	958
563	165
563	172
563	428
563	785
563	921
563	932
563	965
563	967
564	150
564	253
564	323
564	382
564	687
564	916
564	958
564	990
565	16
565	467
565	506
565	528
565	643
565	811
565	896
565	947
566	4
566	83
566	575
566	891
566	942
566	944
566	970
566	971
567	538
567	593
567	724
567	859
567	950
567	961
567	979
567	999
568	168
568	632
568	635
568	810
568	876
568	878
568	886
568	977
569	117
569	606
569	752
569	824
569	826
569	861
569	968
569	980
570	24
570	108
570	493
570	498
570	650
570	653
570	883
570	984
571	287
571	392
571	412
571	501
571	798
571	834
571	838
571	940
572	364
572	455
572	483
572	644
572	779
572	819
572	904
572	991
573	31
573	160
573	213
573	553
573	737
573	790
573	912
573	937
574	43
574	196
574	252
574	314
574	316
574	435
574	538
574	556
574	993
575	360
575	362
575	368
575	516
575	566
575	885
575	889
575	968
575	984
576	507
576	537
576	579
576	690
576	707
576	832
576	865
576	918
576	983
577	63
577	288
577	424
577	722
577	760
577	787
577	850
577	950
577	999
578	62
578	167
578	457
578	488
578	499
578	695
578	904
578	955
578	992
579	299
579	347
579	522
579	576
579	636
579	850
579	869
579	952
579	981
580	229
580	489
580	734
580	740
580	761
580	825
580	941
580	945
580	993
581	340
581	535
581	797
581	808
581	835
581	837
581	881
581	949
581	995
582	166
582	274
582	324
582	330
582	844
582	865
582	947
582	954
582	994
583	7
583	52
583	277
583	345
583	435
583	444
583	831
583	933
583	969
584	423
584	552
584	624
584	708
584	736
584	742
584	752
584	895
584	970
585	205
585	230
585	372
585	522
585	530
585	531
585	560
585	691
585	968
586	25
586	60
586	454
586	660
586	671
586	676
586	921
586	935
586	953
587	158
587	341
587	388
587	723
587	784
587	792
587	816
587	896
587	980
588	82
588	444
588	485
588	657
588	691
588	709
588	753
588	930
588	998
589	116
589	449
589	457
589	476
589	486
589	643
589	747
589	940
589	1000
590	147
590	202
590	651
590	660
590	785
590	832
590	875
590	964
590	972
591	635
591	711
591	714
591	864
591	873
591	913
591	991
591	992
591	998
592	209
592	247
592	524
592	595
592	637
592	650
592	753
592	931
592	985
593	27
593	421
593	425
593	567
593	771
593	786
593	986
593	989
593	994
594	136
594	226
594	502
594	624
594	630
594	631
594	754
594	907
594	912
595	463
595	470
595	592
595	763
595	907
595	956
595	963
595	971
595	973
596	129
596	272
596	300
596	475
596	869
596	908
596	911
596	951
596	987
597	92
597	287
597	598
597	673
597	878
597	886
597	933
597	950
597	958
598	113
598	458
598	597
598	764
598	808
598	840
598	936
598	938
598	972
599	188
599	382
599	616
599	619
599	829
599	933
599	946
599	984
599	996
600	436
600	504
600	666
600	815
600	841
600	852
600	923
600	954
600	967
601	11
601	27
601	71
601	778
601	862
601	892
601	908
601	929
601	982
602	146
602	369
602	562
602	764
602	833
602	839
602	847
602	885
602	992
603	32
603	139
603	332
603	701
603	705
603	738
603	826
603	944
603	989
604	56
604	348
604	361
604	540
604	711
604	790
604	817
604	877
604	991
605	17
605	101
605	124
605	201
605	449
605	690
605	913
605	940
605	966
606	362
606	569
606	630
606	676
606	837
606	879
606	899
606	938
606	944
607	88
607	388
607	393
607	716
607	777
607	905
607	949
607	952
607	998
608	221
608	407
608	438
608	527
608	680
608	748
608	866
608	945
608	968
609	148
609	365
609	437
609	611
609	613
609	806
609	822
609	874
609	948
610	405
610	447
610	537
610	714
610	844
610	865
610	890
610	906
610	983
611	39
611	55
611	402
611	428
611	454
611	609
611	757
611	886
611	960
612	46
612	192
612	260
612	336
612	377
612	879
612	898
612	928
612	997
613	143
613	426
613	442
613	533
613	609
613	744
613	776
613	906
613	944
614	224
614	229
614	265
614	622
614	734
614	761
614	781
614	830
614	941
615	83
615	266
615	375
615	527
615	657
615	705
615	758
615	772
615	894
616	372
616	456
616	599
616	673
616	755
616	829
616	951
616	977
616	984
617	178
617	206
617	263
617	538
617	735
617	791
617	836
617	878
617	944
618	49
618	105
618	233
618	297
618	471
618	761
618	893
618	894
618	991
619	599
619	678
619	680
619	707
619	800
619	857
619	860
619	923
619	933
620	49
620	352
620	546
620	699
620	794
620	861
620	909
620	929
620	959
621	3
621	37
621	50
621	162
621	879
621	880
621	899
621	902
621	929
622	81
622	141
622	432
622	450
622	614
622	631
622	712
622	829
622	1000
623	218
623	278
623	365
623	660
623	709
623	750
623	932
623	934
623	972
624	399
624	475
624	584
624	594
624	803
624	816
624	886
624	947
624	972
625	316
625	342
625	398
625	527
625	780
625	827
625	854
625	927
625	978
626	109
626	294
626	324
626	358
626	637
626	726
626	776
626	890
626	985
627	477
627	519
627	545
627	812
627	895
627	901
627	968
627	969
627	988
628	31
628	386
628	808
628	862
628	933
628	965
628	977
628	982
628	997
629	41
629	514
629	631
629	640
629	718
629	853
629	950
629	955
629	968
630	354
630	389
630	519
630	594
630	606
630	634
630	835
630	955
630	970
631	317
631	594
631	622
631	629
631	674
631	789
631	797
631	837
631	968
632	50
632	235
632	273
632	568
632	694
632	766
632	880
632	916
632	990
633	332
633	702
633	826
633	894
633	909
633	939
633	953
633	959
633	964
634	279
634	471
634	488
634	630
634	648
634	952
634	974
634	975
634	977
635	185
635	477
635	568
635	591
635	782
635	810
635	853
635	898
635	931
636	145
636	299
636	507
636	545
636	579
636	646
636	908
636	911
636	949
637	160
637	440
637	592
637	626
637	665
637	672
637	873
637	985
637	995
638	9
638	391
638	460
638	742
638	754
638	823
638	889
638	913
638	991
639	282
639	480
639	676
639	745
639	749
639	900
639	903
639	961
639	981
640	17
640	84
640	260
640	409
640	629
640	817
640	887
640	904
640	970
641	104
641	174
641	500
641	646
641	716
641	748
641	769
641	878
641	888
642	37
642	377
642	534
642	662
642	675
642	716
642	788
642	890
642	965
643	28
643	56
643	299
643	520
643	565
643	589
643	898
643	930
643	968
643	997
644	96
644	379
644	524
644	572
644	646
644	779
644	797
644	818
644	962
644	989
645	32
645	259
645	370
645	374
645	385
645	427
645	450
645	685
645	806
645	882
646	226
646	360
646	400
646	636
646	641
646	644
646	716
646	765
646	769
646	993
647	123
647	334
647	355
647	683
647	733
647	788
647	789
647	903
647	992
647	995
648	150
648	169
648	318
648	439
648	634
648	717
648	768
648	916
648	955
648	956
649	153
649	200
649	213
649	221
649	318
649	407
649	422
649	784
649	942
649	986
650	520
650	570
650	592
650	652
650	776
650	782
650	881
650	915
650	935
650	957
651	2
651	305
651	590
651	742
651	750
651	804
651	823
651	845
651	966
651	991
652	50
652	317
652	340
652	398
652	650
652	672
652	696
652	811
652	869
652	881
653	26
653	268
653	321
653	485
653	501
653	570
653	795
653	803
653	811
653	915
654	186
654	190
654	485
654	715
654	783
654	788
654	881
654	888
654	915
654	961
655	242
655	284
655	309
655	439
655	465
655	489
655	530
655	786
655	854
655	903
656	323
656	461
656	478
656	668
656	706
656	840
656	867
656	873
656	906
656	986
657	82
657	418
657	483
657	588
657	615
657	709
657	715
657	884
657	942
657	998
658	343
658	422
658	493
658	548
658	860
658	880
658	884
658	899
658	904
658	950
659	213
659	703
659	777
659	798
659	884
659	895
659	907
659	919
659	948
659	955
660	126
660	414
660	458
660	586
660	590
660	623
660	692
660	806
660	884
660	974
661	215
661	217
661	318
661	665
661	741
661	772
661	919
661	935
661	962
661	984
662	163
662	295
662	339
662	391
662	452
662	642
662	716
662	846
662	877
662	956
663	153
663	229
663	280
663	443
663	542
663	668
663	678
663	740
663	765
663	966
664	124
664	220
664	410
664	482
664	513
664	777
664	876
664	907
664	919
664	924
665	125
665	180
665	249
665	295
665	338
665	637
665	661
665	692
665	788
665	979
666	131
666	358
666	455
666	471
666	493
666	600
666	778
666	952
666	974
666	978
667	116
667	283
667	693
667	707
667	746
667	799
667	844
667	874
667	948
667	999
668	214
668	307
668	384
668	656
668	663
668	670
668	764
668	834
668	863
668	945
669	191
669	330
669	379
669	525
669	538
669	727
669	784
669	888
669	897
669	972
670	18
670	222
670	460
670	473
670	513
670	668
670	794
670	842
670	920
670	987
671	316
671	323
671	443
671	586
671	836
671	856
671	921
671	932
671	953
671	961
672	265
672	425
672	441
672	533
672	534
672	637
672	652
672	777
672	957
672	985
673	98
673	464
673	597
673	616
673	762
673	773
673	923
673	946
673	949
673	984
674	93
674	216
674	262
674	387
674	409
674	498
674	545
674	631
674	732
674	905
675	342
675	349
675	400
675	452
675	534
675	642
675	686
675	697
675	737
675	775
676	23
676	261
676	367
676	381
676	586
676	606
676	639
676	911
676	981
676	987
677	26
677	345
677	370
677	551
677	816
677	872
677	896
677	904
677	955
677	963
678	241
678	346
678	619
678	663
678	688
678	829
678	848
678	941
678	964
678	993
679	4
679	21
679	69
679	336
679	420
679	682
679	683
679	738
679	847
679	992
680	10
680	259
680	304
680	441
680	507
680	608
680	619
680	739
680	855
680	865
681	21
681	48
681	119
681	335
681	479
681	720
681	739
681	845
681	856
681	868
682	77
682	386
682	454
682	500
682	541
682	679
682	748
682	770
682	919
682	931
683	154
683	304
683	647
683	679
683	788
683	875
683	907
683	909
683	929
683	988
684	24
684	256
684	329
684	403
684	758
684	912
684	932
684	940
684	966
684	991
685	88
685	131
685	211
685	226
685	356
685	466
685	645
685	735
685	841
685	846
686	5
686	434
686	500
686	504
686	514
686	675
686	792
686	816
686	904
686	947
687	181
687	315
687	364
687	543
687	554
687	564
687	694
687	753
687	793
687	814
688	502
688	508
688	678
688	713
688	761
688	773
688	932
688	936
688	941
688	993
689	161
689	262
689	313
689	315
689	536
689	694
689	832
689	841
689	930
689	974
690	212
690	239
690	331
690	459
690	507
690	559
690	576
690	605
690	877
690	973
691	115
691	222
691	413
691	537
691	544
691	585
691	588
691	840
691	934
691	999
692	32
692	78
692	87
692	125
692	461
692	660
692	665
692	743
692	919
692	983
693	233
693	459
693	533
693	560
693	667
693	758
693	780
693	870
693	874
693	984
694	253
694	632
694	687
694	689
694	843
694	856
694	880
694	889
694	899
694	916
695	461
695	526
695	578
695	764
695	796
695	896
695	926
695	964
695	969
695	983
696	111
696	255
696	396
696	452
696	652
696	755
696	795
696	850
696	910
696	963
697	169
697	518
697	675
697	853
697	872
697	887
697	905
697	906
697	914
697	935
698	272
698	396
698	398
698	551
698	553
698	773
698	809
698	865
698	928
698	989
699	35
699	170
699	434
699	620
699	703
699	715
699	745
699	828
699	870
699	945
700	184
700	407
700	411
700	482
700	772
700	794
700	843
700	846
700	870
700	946
701	74
701	109
701	376
701	417
701	487
701	525
701	603
701	930
701	944
701	954
701	960
702	242
702	289
702	404
702	633
702	758
702	766
702	857
702	870
702	947
702	951
702	996
703	180
703	547
703	659
703	699
703	731
703	820
703	849
703	930
703	941
703	960
703	994
704	245
704	273
704	362
704	384
704	432
704	443
704	718
704	787
704	871
704	911
704	958
705	83
705	334
705	344
705	360
705	481
705	603
705	615
705	755
705	803
705	821
705	830
706	246
706	303
706	331
706	656
706	806
706	821
706	845
706	864
706	953
706	956
706	971
707	122
707	271
707	415
707	576
707	619
707	667
707	716
707	773
707	857
707	884
707	994
708	6
708	9
708	358
708	524
708	552
708	584
708	726
708	855
708	857
708	922
708	990
709	236
709	264
709	293
709	588
709	623
709	657
709	715
709	755
709	814
709	815
709	850
710	354
710	447
710	479
710	794
710	810
710	831
710	842
710	868
710	903
710	909
710	987
711	349
711	479
711	527
711	547
711	556
711	591
711	604
711	713
711	823
711	838
711	906
712	158
712	203
712	249
712	322
712	414
712	428
712	445
712	528
712	622
712	730
712	951
713	273
713	344
713	388
713	688
713	711
713	761
713	765
713	914
713	922
713	964
713	993
714	445
714	515
714	540
714	591
714	610
714	747
714	913
714	943
714	959
714	981
714	991
715	270
715	365
715	430
715	654
715	657
715	699
715	709
715	753
715	802
715	875
715	998
716	182
716	329
716	461
716	502
716	534
716	607
716	641
716	642
716	646
716	662
716	707
717	230
717	268
717	377
717	538
717	557
717	648
717	793
717	825
717	880
717	916
717	980
718	31
718	68
718	120
718	179
718	420
718	629
718	704
718	749
718	827
718	871
718	958
719	294
719	303
719	363
719	498
719	786
719	819
719	859
719	902
719	928
719	934
719	946
720	35
720	100
720	254
720	282
720	457
720	521
720	681
720	894
720	937
720	988
720	996
721	110
721	234
721	321
721	496
721	732
721	781
721	794
721	803
721	807
721	974
721	997
722	232
722	257
722	291
722	491
722	577
722	734
722	740
722	889
722	929
722	938
722	998
723	58
723	110
723	347
723	434
723	467
723	587
723	822
723	886
723	918
723	947
723	972
724	204
724	511
724	567
724	771
724	774
724	810
724	888
724	922
724	977
724	980
724	997
725	162
725	294
725	302
725	356
725	525
725	735
725	761
725	791
725	818
725	934
725	947
726	6
726	350
726	505
726	550
726	626
726	708
726	750
726	935
726	952
726	956
726	966
727	258
727	340
727	486
727	540
727	669
727	742
727	804
727	882
727	938
727	949
727	991
728	36
728	441
728	473
728	474
728	492
728	562
728	847
728	858
728	877
728	940
728	992
729	175
729	204
729	253
729	285
729	473
729	537
729	777
729	788
729	812
729	834
729	924
730	394
730	401
730	423
730	450
730	484
730	712
730	760
730	842
730	843
730	979
730	1000
731	209
731	302
731	407
731	419
731	703
731	736
731	748
731	766
731	843
731	925
731	996
732	7
732	69
732	97
732	130
732	307
732	309
732	674
732	721
732	896
732	950
732	965
733	237
733	401
733	484
733	521
733	647
733	802
733	841
733	939
733	951
733	959
733	995
734	262
734	325
734	332
734	384
734	580
734	614
734	722
734	741
734	765
734	919
734	964
735	90
735	400
735	406
735	502
735	617
735	685
735	725
735	737
735	824
735	902
735	995
736	13
736	207
736	296
736	584
736	731
736	738
736	827
736	870
736	935
736	978
736	979
737	377
737	381
737	448
737	555
737	573
737	675
737	735
737	763
737	902
737	918
737	971
738	144
738	166
738	283
738	368
738	491
738	603
738	679
738	736
738	899
738	963
738	992
739	161
739	362
739	402
739	474
739	552
739	680
739	681
739	785
739	822
739	847
739	992
740	97
740	162
740	257
740	580
740	663
740	722
740	783
740	848
740	855
740	892
740	986
741	16
741	562
741	661
741	734
741	761
741	764
741	765
741	830
741	863
741	922
741	941
742	422
742	486
742	517
742	584
742	638
742	651
742	727
742	750
742	926
742	940
742	956
743	24
743	32
743	446
743	492
743	533
743	546
743	692
743	746
743	786
743	895
743	1000
744	161
744	223
744	319
744	387
744	536
744	543
744	613
744	820
744	912
744	930
744	980
745	91
745	639
745	699
745	757
745	803
745	824
745	893
745	915
745	961
745	974
745	998
746	106
746	240
746	380
746	385
746	414
746	667
746	743
746	757
746	782
746	872
746	990
747	102
747	378
747	589
747	714
747	748
747	864
747	928
747	940
747	950
747	951
747	987
748	430
748	505
748	529
748	554
748	608
748	641
748	682
748	731
748	747
748	755
748	801
748	953
749	5
749	179
749	193
749	231
749	249
749	267
749	292
749	639
749	718
749	764
749	958
749	976
750	107
750	389
750	546
750	623
750	651
750	726
750	742
750	753
750	864
750	940
750	979
750	990
751	99
751	147
751	208
751	222
751	226
751	368
751	547
751	770
751	787
751	867
751	921
751	972
752	17
752	112
752	143
752	490
752	510
752	530
752	569
752	584
752	825
752	873
752	905
752	928
753	156
753	469
753	588
753	592
753	687
753	715
753	750
753	814
753	900
753	921
753	986
753	998
754	169
754	325
754	487
754	594
754	638
754	756
754	784
754	791
754	824
754	847
754	850
754	912
755	82
755	198
755	297
755	543
755	554
755	616
755	696
755	705
755	709
755	748
755	868
755	998
756	106
756	249
756	308
756	458
756	494
756	754
756	796
756	848
756	882
756	892
756	979
756	1000
757	47
757	132
757	202
757	369
757	448
757	525
757	611
757	745
757	746
757	955
757	963
757	989
758	207
758	248
758	314
758	401
758	413
758	465
758	615
758	684
758	693
758	702
758	938
758	991
759	218
759	364
759	512
759	847
759	898
759	909
759	913
759	928
759	950
759	974
759	977
759	997
760	6
760	9
760	272
760	577
760	730
760	805
760	825
760	848
760	874
760	938
760	950
760	999
761	170
761	450
761	580
761	614
761	618
761	688
761	713
761	725
761	741
761	874
761	952
761	993
762	86
762	113
762	278
762	492
762	516
762	517
762	521
762	673
762	825
762	829
762	860
762	924
763	289
763	383
763	511
763	558
763	559
763	561
763	595
763	737
763	769
763	900
763	937
763	961
764	403
764	432
764	598
764	602
764	668
764	695
764	741
764	749
764	865
764	867
764	918
764	986
765	20
765	452
765	512
765	646
765	663
765	713
765	734
765	741
765	855
765	899
765	964
765	993
766	18
766	66
766	372
766	423
766	428
766	632
766	702
766	731
766	769
766	854
766	945
766	978
767	80
767	89
767	92
767	343
767	370
767	770
767	852
767	864
767	878
767	881
767	920
767	936
768	12
768	124
768	136
768	355
768	505
768	648
768	814
768	840
768	878
768	889
768	890
768	986
769	183
769	227
769	360
769	387
769	391
769	641
769	646
769	763
769	766
769	883
769	928
769	978
770	156
770	276
770	336
770	682
770	751
770	767
770	836
770	876
770	932
770	948
770	953
770	967
771	115
771	144
771	324
771	481
771	517
771	558
771	593
771	724
771	776
771	807
771	825
771	859
772	65
772	167
772	249
772	482
772	539
772	615
772	661
772	700
772	863
772	896
772	949
772	962
773	16
773	225
773	255
773	286
773	673
773	688
773	698
773	707
773	778
773	779
773	893
773	963
774	252
774	437
774	533
774	724
774	842
774	871
774	875
774	878
774	939
774	959
774	987
774	995
775	330
775	333
775	417
775	469
775	490
775	675
775	780
775	847
775	895
775	905
775	914
775	968
776	165
776	219
776	358
776	365
776	486
776	524
776	613
776	626
776	650
776	771
776	981
776	990
777	138
777	312
777	392
777	450
777	607
777	659
777	664
777	672
777	729
777	784
777	787
777	949
778	42
778	194
778	366
778	392
778	462
778	601
778	666
778	773
778	780
778	818
778	819
778	989
779	141
779	269
779	572
779	644
779	773
779	819
779	872
779	885
779	887
779	905
779	963
779	974
780	76
780	348
780	404
780	407
780	625
780	693
780	775
780	778
780	854
780	866
780	915
780	957
780	996
781	27
781	170
781	483
781	508
781	614
781	721
781	852
781	883
781	888
781	961
781	964
781	974
781	975
782	216
782	324
782	340
782	496
782	635
782	650
782	746
782	811
782	881
782	887
782	905
782	927
782	985
783	105
783	156
783	362
783	368
783	506
783	552
783	654
783	740
783	799
783	800
783	851
783	877
783	948
784	2
784	376
784	587
784	649
784	669
784	754
784	777
784	812
784	824
784	930
784	950
784	956
784	986
785	171
785	242
785	563
785	590
785	739
785	836
785	885
785	946
785	953
785	972
785	977
785	980
785	995
786	70
786	265
786	304
786	593
786	655
786	719
786	743
786	795
786	859
786	897
786	934
786	965
786	1000
787	8
787	234
787	251
787	556
787	577
787	704
787	751
787	777
787	833
787	946
787	953
787	972
787	985
788	55
788	284
788	642
788	647
788	654
788	665
788	683
788	729
788	826
788	879
788	939
788	976
788	995
789	114
789	277
789	328
789	343
789	395
789	631
789	647
789	800
789	860
789	898
789	954
789	957
789	994
790	40
790	135
790	171
790	188
790	335
790	479
790	573
790	604
790	845
790	934
790	947
790	952
790	971
791	74
791	144
791	190
791	258
791	276
791	617
791	725
791	754
791	845
791	902
791	909
791	912
791	993
792	119
792	126
792	127
792	223
792	383
792	399
792	467
792	473
792	587
792	686
792	816
792	867
792	870
793	244
793	470
793	486
793	520
793	530
793	687
793	717
793	805
793	928
793	977
793	980
793	996
793	997
794	152
794	165
794	384
794	620
794	670
794	700
794	710
794	721
794	826
794	901
794	959
794	964
794	995
795	404
795	429
795	447
795	653
795	696
795	786
795	859
795	876
795	966
795	977
795	980
795	988
795	990
796	83
796	259
796	305
796	376
796	410
796	497
796	695
796	756
796	832
796	868
796	890
796	905
796	927
797	182
797	231
797	236
797	496
797	518
797	535
797	560
797	581
797	631
797	644
797	811
797	843
797	881
798	49
798	90
798	204
798	446
798	501
798	571
798	659
798	877
798	949
798	960
798	962
798	989
798	995
799	144
799	157
799	428
799	667
799	783
799	838
799	874
799	875
799	917
799	923
799	943
799	952
799	971
800	24
800	78
800	84
800	181
800	328
800	389
800	422
800	509
800	619
800	783
800	789
800	923
800	975
801	2
801	34
801	164
801	200
801	282
801	326
801	350
801	529
801	748
801	856
801	864
801	947
801	998
802	146
802	174
802	194
802	304
802	350
802	365
802	431
802	542
802	715
802	733
802	881
802	935
802	990
803	122
803	396
803	485
803	518
803	548
803	624
803	653
803	705
803	721
803	745
803	915
803	964
803	974
804	241
804	288
804	369
804	527
804	651
804	727
804	808
804	857
804	881
804	907
804	951
804	981
804	991
805	85
805	151
805	303
805	363
805	425
805	467
805	760
805	793
805	825
805	938
805	959
805	965
805	982
806	46
806	212
806	259
806	359
806	515
806	609
806	645
806	660
806	706
806	821
806	845
806	868
806	971
807	115
807	131
807	186
807	475
807	478
807	721
807	771
807	858
807	883
807	937
807	952
807	971
807	975
808	267
808	279
808	348
808	351
808	355
808	374
808	406
808	489
808	581
808	598
808	628
808	804
808	878
809	4
809	11
809	30
809	47
809	94
809	204
809	698
809	819
809	833
809	855
809	923
809	988
809	997
810	72
810	228
810	261
810	540
810	548
810	551
810	558
810	568
810	635
810	710
810	724
810	865
810	928
811	177
811	247
811	456
811	565
811	652
811	653
811	782
811	797
811	846
811	870
811	905
811	931
811	985
812	36
812	74
812	128
812	201
812	211
812	302
812	538
812	627
812	729
812	784
812	824
812	840
812	998
813	71
813	281
813	313
813	437
813	480
813	516
813	822
813	836
813	850
813	905
813	908
813	926
813	981
814	77
814	435
814	454
814	517
814	557
814	687
814	709
814	753
814	768
814	863
814	875
814	920
814	998
815	59
815	134
815	183
815	204
815	287
815	426
815	433
815	448
815	600
815	709
815	824
815	884
815	963
816	22
816	46
816	260
816	318
816	367
816	587
816	624
816	677
816	686
816	792
816	867
816	886
816	917
817	107
817	171
817	184
817	240
817	449
817	458
817	604
817	640
817	819
817	838
817	913
817	938
817	951
818	30
818	199
818	246
818	380
818	398
818	520
818	554
818	644
818	725
818	778
818	833
818	903
818	989
819	235
819	276
819	379
819	495
819	572
819	719
819	778
819	779
819	809
819	817
819	846
819	910
819	989
820	33
820	154
820	334
820	360
820	462
820	496
820	502
820	703
820	744
820	841
820	897
820	940
820	1000
821	54
821	120
821	163
821	404
821	459
821	468
821	510
821	705
821	706
821	806
821	936
821	958
821	973
821	979
822	51
822	167
822	192
822	244
822	251
822	532
822	562
822	609
822	723
822	739
822	813
822	844
822	874
822	943
823	101
823	230
823	523
823	527
823	638
823	651
823	711
823	838
823	847
823	908
823	921
823	951
823	976
823	992
824	61
824	283
824	510
824	536
824	569
824	735
824	745
824	754
824	784
824	812
824	815
824	897
824	937
824	998
825	203
825	363
825	481
825	485
825	580
825	717
825	752
825	760
825	762
825	771
825	805
825	962
825	965
825	999
826	29
826	93
826	301
826	524
826	546
826	561
826	569
826	603
826	633
826	788
826	794
826	851
826	959
826	995
827	13
827	221
827	248
827	372
827	397
827	535
827	625
827	718
827	736
827	829
827	843
827	846
827	952
827	978
828	58
828	158
828	434
828	446
828	485
828	489
828	509
828	536
828	547
828	553
828	555
828	699
828	969
828	972
829	98
829	135
829	418
829	477
829	599
829	616
829	622
829	678
829	762
829	827
829	885
829	889
829	962
829	976
830	123
830	140
830	388
830	482
830	509
830	531
830	542
830	614
830	705
830	741
830	842
830	939
830	941
830	993
831	98
831	172
831	313
831	346
831	467
831	583
831	710
831	868
831	903
831	933
831	959
831	975
831	987
831	995
832	10
832	271
832	384
832	408
832	453
832	500
832	576
832	590
832	689
832	796
832	867
832	927
832	937
832	977
833	30
833	38
833	448
833	602
833	787
833	809
833	818
833	861
833	865
833	897
833	910
833	918
833	963
833	986
834	259
834	364
834	374
834	409
834	511
834	512
834	571
834	668
834	729
834	861
834	876
834	917
834	928
834	939
835	90
835	173
835	325
835	351
835	382
835	408
835	581
835	630
835	837
835	841
835	853
835	862
835	873
835	973
836	74
836	218
836	347
836	617
836	671
836	770
836	785
836	813
836	840
836	921
836	940
836	953
836	967
836	994
837	39
837	88
837	210
837	222
837	256
837	352
837	519
837	581
837	606
837	631
837	835
837	895
837	914
837	947
838	178
838	241
838	358
838	368
838	486
838	571
838	711
838	799
838	817
838	823
838	864
838	868
838	898
838	951
839	22
839	150
839	419
839	441
839	468
839	494
839	521
839	602
839	842
839	944
839	948
839	954
839	965
839	983
840	532
840	550
840	598
840	656
840	691
840	768
840	812
840	836
840	851
840	866
840	892
840	920
840	933
840	936
841	126
841	147
841	190
841	206
841	315
841	600
841	685
841	689
841	733
841	820
841	835
841	882
841	898
841	930
842	39
842	62
842	346
842	670
842	710
842	730
842	774
842	830
842	839
842	903
842	915
842	965
842	987
842	995
843	100
843	132
843	195
843	289
843	363
843	530
843	694
843	700
843	730
843	731
843	797
843	827
843	870
843	959
844	263
844	300
844	322
844	328
844	456
844	582
844	610
844	667
844	822
844	855
844	884
844	954
844	967
844	983
845	35
845	54
845	521
845	535
845	651
845	681
845	706
845	790
845	791
845	806
845	898
845	938
845	961
845	973
846	30
846	372
846	495
846	662
846	685
846	700
846	811
846	819
846	827
846	848
846	870
846	919
846	978
846	996
847	308
847	441
847	506
847	602
847	679
847	728
847	739
847	754
847	759
847	775
847	823
847	896
847	948
847	988
848	120
848	162
848	270
848	371
848	472
848	678
848	740
848	756
848	760
848	846
848	852
848	855
848	866
848	928
849	267
849	277
849	378
849	428
849	435
849	541
849	555
849	703
849	859
849	915
849	926
849	934
849	948
849	960
850	40
850	99
850	312
850	387
850	577
850	579
850	696
850	709
850	754
850	813
850	869
850	900
850	908
850	986
851	14
851	129
851	130
851	151
851	429
851	489
851	536
851	783
851	826
851	840
851	878
851	920
851	926
851	933
852	11
852	177
852	325
852	341
852	472
852	600
852	767
852	781
852	848
852	855
852	923
852	929
852	962
852	979
853	12
853	236
853	351
853	417
853	540
853	629
853	635
853	697
853	835
853	856
853	879
853	914
853	955
853	961
853	968
854	1
854	123
854	243
854	269
854	316
854	434
854	453
854	531
854	551
854	625
854	655
854	766
854	780
854	978
854	989
855	34
855	232
855	472
855	503
855	680
855	708
855	740
855	765
855	809
855	844
855	848
855	852
855	892
855	977
855	982
856	164
856	200
856	430
856	500
856	541
856	543
856	671
856	681
856	694
856	801
856	853
856	899
856	916
856	970
856	998
857	59
857	416
857	453
857	539
857	551
857	619
857	702
857	707
857	708
857	804
857	901
857	917
857	923
857	934
857	961
858	201
858	215
858	217
858	393
858	412
858	475
858	519
858	554
858	728
858	807
858	877
858	916
858	949
858	950
858	962
859	69
859	70
859	261
859	294
859	442
859	443
859	461
859	463
859	567
859	719
859	771
859	786
859	795
859	849
859	934
860	151
860	206
860	322
860	345
860	453
860	477
860	619
860	658
860	762
860	789
860	909
860	917
860	941
860	970
860	994
861	56
861	362
861	420
861	503
861	550
861	569
861	620
861	833
861	834
861	884
861	922
861	928
861	966
861	977
861	997
862	75
862	156
862	210
862	268
862	306
862	351
862	354
862	385
862	518
862	601
862	628
862	835
862	905
862	956
862	968
863	159
863	221
863	395
863	437
863	469
863	507
863	526
863	668
863	741
863	772
863	814
863	865
863	918
863	922
863	927
864	94
864	154
864	180
864	256
864	275
864	358
864	403
864	591
864	706
864	747
864	750
864	767
864	801
864	838
864	951
865	87
865	216
865	494
865	576
865	582
865	610
865	680
865	698
865	764
865	810
865	833
865	863
865	925
865	962
865	967
866	120
866	223
866	243
866	291
866	369
866	503
866	560
866	608
866	780
866	840
866	848
866	914
866	934
866	957
866	982
867	102
867	269
867	278
867	287
867	405
867	526
867	656
867	751
867	764
867	792
867	816
867	832
867	906
867	925
867	967
868	54
868	133
868	254
868	510
868	559
868	681
868	710
868	755
868	796
868	806
868	831
868	838
868	909
868	956
868	994
869	312
869	342
869	459
869	464
869	475
869	491
869	545
869	579
869	596
869	652
869	850
869	871
869	900
869	911
869	914
870	8
870	90
870	133
870	311
870	449
870	495
870	693
870	699
870	700
870	702
870	736
870	792
870	811
870	843
870	846
871	19
871	73
871	121
871	179
871	203
871	245
871	320
871	427
871	704
871	718
871	774
871	869
871	931
871	976
871	999
872	46
872	127
872	279
872	297
872	528
872	677
872	697
872	746
872	779
872	873
872	886
872	904
872	941
872	987
872	990
873	280
873	321
873	339
873	417
873	591
873	637
873	656
873	752
873	835
873	872
873	879
873	887
873	891
873	914
873	970
874	41
874	206
874	221
874	336
874	344
874	384
874	506
874	609
874	667
874	693
874	760
874	761
874	799
874	822
874	948
874	951
875	77
875	80
875	172
875	197
875	224
875	301
875	426
875	460
875	513
875	590
875	683
875	715
875	774
875	799
875	814
875	995
876	81
876	124
876	227
876	263
876	301
876	333
876	424
876	568
876	664
876	770
876	795
876	834
876	897
876	898
876	966
876	978
877	201
877	204
877	214
877	231
877	252
877	604
877	662
877	690
877	728
877	783
877	798
877	858
877	907
877	932
877	955
877	962
878	118
878	281
878	386
878	568
878	597
878	617
878	641
878	767
878	768
878	774
878	808
878	851
878	889
878	933
878	965
878	986
879	17
879	68
879	289
879	306
879	341
879	416
879	560
879	606
879	612
879	621
879	788
879	853
879	873
879	887
879	925
879	977
880	36
880	50
880	238
880	411
880	439
880	546
880	621
880	632
880	658
880	694
880	717
880	916
880	917
880	941
880	959
880	970
881	29
881	145
881	236
881	494
881	581
881	650
881	652
881	654
881	767
881	782
881	797
881	802
881	804
881	931
881	945
881	985
882	125
882	138
882	240
882	355
882	380
882	463
882	497
882	645
882	727
882	756
882	841
882	949
882	964
882	967
882	979
882	1000
883	66
883	122
883	165
883	221
883	390
883	415
883	508
883	570
883	769
883	781
883	807
883	938
883	952
883	958
883	974
883	992
884	75
884	117
884	239
884	373
884	395
884	657
884	658
884	659
884	660
884	707
884	815
884	844
884	861
884	885
884	901
884	997
885	64
885	173
885	188
885	331
885	443
885	492
885	516
885	575
885	602
885	779
885	785
885	829
885	884
885	889
885	978
885	984
886	26
886	30
886	53
886	72
886	409
886	451
886	514
886	528
886	568
886	597
886	611
886	624
886	723
886	816
886	872
886	987
887	105
887	177
887	387
887	409
887	416
887	640
887	697
887	779
887	782
887	873
887	879
887	914
887	957
887	978
887	982
887	997
888	5
888	96
888	122
888	188
888	338
888	390
888	555
888	641
888	654
888	669
888	724
888	781
888	897
888	920
888	952
888	955
889	45
889	86
889	135
889	137
889	476
889	483
889	575
889	638
889	694
889	722
889	768
889	829
889	878
889	885
889	946
889	978
890	199
890	216
890	291
890	338
890	421
890	549
890	610
890	626
890	642
890	768
890	796
890	893
890	918
890	927
890	945
890	986
891	139
891	290
891	332
891	381
891	392
891	438
891	476
891	523
891	566
891	873
891	893
891	901
891	909
891	942
891	944
891	998
892	93
892	120
892	198
892	252
892	257
892	403
892	472
892	518
892	601
892	740
892	756
892	840
892	855
892	929
892	982
892	999
893	87
893	105
893	187
893	217
893	375
893	470
893	507
893	618
893	745
893	773
893	890
893	891
893	894
893	942
893	944
893	973
894	42
894	49
894	68
894	139
894	225
894	321
894	386
894	416
894	615
894	618
894	633
894	720
894	893
894	897
894	942
894	991
895	15
895	77
895	117
895	190
895	383
895	396
895	416
895	584
895	627
895	659
895	743
895	775
895	837
895	914
895	920
895	966
895	970
896	26
896	53
896	293
896	315
896	348
896	383
896	403
896	404
896	565
896	587
896	677
896	695
896	732
896	772
896	847
896	904
896	947
897	1
897	128
897	136
897	206
897	215
897	536
897	669
897	786
897	820
897	824
897	833
897	876
897	888
897	894
897	906
897	912
897	980
898	56
898	210
898	244
898	298
898	307
898	480
898	612
898	635
898	643
898	759
898	789
898	838
898	841
898	845
898	876
898	922
898	980
899	20
899	133
899	150
899	169
899	253
899	268
899	347
899	377
899	389
899	442
899	606
899	621
899	658
899	694
899	738
899	765
899	856
900	23
900	212
900	272
900	449
900	464
900	475
900	550
900	639
900	753
900	763
900	850
900	869
900	908
900	921
900	949
900	981
900	983
901	53
901	86
901	149
901	205
901	240
901	279
901	287
901	343
901	415
901	453
901	627
901	794
901	857
901	884
901	891
901	945
901	978
902	20
902	135
902	312
902	329
902	459
902	463
902	539
902	621
902	719
902	735
902	737
902	791
902	937
902	950
902	956
902	973
902	991
903	152
903	172
903	237
903	239
903	438
903	464
903	639
903	647
903	655
903	710
903	818
903	831
903	842
903	938
903	939
903	987
903	995
904	5
904	58
904	146
904	197
904	282
904	285
904	353
904	467
904	572
904	578
904	640
904	658
904	677
904	686
904	872
904	896
904	947
905	97
905	157
905	317
905	387
905	490
905	607
905	674
905	697
905	752
905	775
905	779
905	782
905	796
905	811
905	813
905	862
905	906
906	213
906	305
906	359
906	361
906	424
906	610
906	613
906	656
906	697
906	711
906	867
906	897
906	905
906	925
906	927
906	983
906	993
907	42
907	126
907	237
907	252
907	401
907	412
907	433
907	594
907	595
907	659
907	664
907	683
907	804
907	877
907	924
907	949
907	955
908	109
908	138
908	248
908	299
908	329
908	414
908	480
908	544
908	596
908	601
908	636
908	813
908	823
908	850
908	900
908	954
908	981
909	93
909	197
909	357
909	424
909	620
909	633
909	683
909	710
909	759
909	791
909	860
909	868
909	891
909	910
909	953
909	959
909	995
910	1
910	7
910	47
910	111
910	147
910	271
910	320
910	357
910	396
910	455
910	516
910	696
910	819
910	833
910	909
910	988
910	999
911	73
911	108
911	230
911	272
911	313
911	367
911	378
911	397
911	437
911	457
911	475
911	519
911	556
911	596
911	636
911	676
911	704
911	869
912	34
912	211
912	296
912	302
912	376
912	402
912	405
912	441
912	478
912	544
912	573
912	594
912	684
912	744
912	754
912	791
912	897
912	963
913	9
913	71
913	256
913	284
913	512
913	559
913	591
913	605
913	638
913	714
913	759
913	817
913	914
913	915
913	940
913	967
913	971
913	991
914	211
914	217
914	317
914	524
914	697
914	713
914	775
914	837
914	853
914	866
914	869
914	873
914	887
914	895
914	913
914	919
914	968
914	993
915	5
915	96
915	319
915	397
915	534
915	542
915	650
915	653
915	654
915	745
915	780
915	803
915	842
915	849
915	913
915	955
915	974
915	975
916	37
916	146
916	169
916	230
916	412
916	510
916	529
916	564
916	632
916	648
916	694
916	717
916	856
916	858
916	880
916	919
916	930
916	936
917	75
917	84
917	149
917	263
917	280
917	504
917	513
917	799
917	816
917	834
917	857
917	860
917	880
917	919
917	923
917	924
917	954
917	990
918	44
918	79
918	80
918	202
918	235
918	359
918	461
918	502
918	576
918	723
918	737
918	764
918	833
918	863
918	890
918	945
918	963
918	986
919	47
919	119
919	285
919	286
919	393
919	499
919	659
919	661
919	664
919	682
919	692
919	734
919	846
919	914
919	916
919	917
919	924
919	962
920	65
920	176
920	451
920	477
920	489
920	549
920	552
920	670
920	767
920	814
920	840
920	851
920	888
920	895
920	926
920	929
920	933
920	936
921	140
921	222
921	257
921	327
921	563
921	586
921	671
921	751
921	753
921	823
921	836
921	900
921	923
921	926
921	967
921	972
921	982
921	993
922	72
922	175
922	176
922	191
922	254
922	264
922	374
922	394
922	470
922	520
922	708
922	713
922	724
922	741
922	861
922	863
922	898
922	928
923	129
923	239
923	247
923	298
923	600
923	619
923	673
923	799
923	800
923	809
923	852
923	857
923	917
923	921
923	924
923	971
923	976
923	994
924	35
924	88
924	175
924	393
924	472
924	495
924	522
924	664
924	729
924	762
924	907
924	917
924	919
924	923
924	949
924	962
924	980
924	998
925	121
925	159
925	269
925	305
925	371
925	466
925	507
925	536
925	731
925	865
925	867
925	879
925	906
925	945
925	958
925	978
925	983
925	986
926	113
926	159
926	299
926	355
926	392
926	406
926	460
926	489
926	549
926	550
926	695
926	742
926	813
926	849
926	851
926	920
926	921
926	933
927	92
927	209
927	227
927	291
927	399
927	413
927	625
927	782
927	796
927	832
927	863
927	890
927	906
927	937
927	944
927	945
927	983
927	986
928	57
928	163
928	267
928	328
928	466
928	612
928	698
928	719
928	747
928	752
928	759
928	769
928	793
928	810
928	834
928	848
928	861
928	922
929	23
929	243
929	265
929	325
929	369
929	491
929	497
929	562
929	601
929	620
929	621
929	683
929	722
929	852
929	892
929	920
929	982
929	987
930	15
930	33
930	34
930	190
930	319
930	375
930	378
930	588
930	643
930	689
930	701
930	703
930	744
930	784
930	841
930	916
930	931
930	939
931	92
931	160
931	220
931	264
931	265
931	312
931	394
931	535
931	592
931	635
931	682
931	811
931	871
931	881
931	930
931	936
931	957
931	975
931	985
932	129
932	159
932	196
932	222
932	361
932	417
932	469
932	563
932	623
932	671
932	684
932	688
932	770
932	877
932	935
932	941
932	950
932	967
932	968
933	112
933	394
933	410
933	466
933	549
933	553
933	583
933	597
933	599
933	619
933	628
933	831
933	840
933	851
933	878
933	920
933	926
933	976
933	987
934	27
934	260
934	274
934	481
934	623
934	691
934	719
934	725
934	786
934	790
934	849
934	857
934	859
934	866
934	938
934	946
934	950
934	968
934	973
935	3
935	6
935	219
935	223
935	277
935	365
935	465
935	524
935	548
935	586
935	650
935	661
935	697
935	726
935	736
935	802
935	932
935	972
935	990
936	73
936	79
936	92
936	118
936	130
936	186
936	542
936	549
936	550
936	598
936	688
936	767
936	821
936	840
936	916
936	920
936	931
936	972
936	981
937	51
937	135
937	160
937	290
937	425
937	457
937	559
937	573
937	720
937	763
937	807
937	824
937	832
937	902
937	927
937	956
937	966
937	973
937	993
938	7
938	63
938	115
938	177
938	481
938	537
938	598
938	606
938	722
938	727
938	758
938	760
938	805
938	817
938	845
938	883
938	903
938	934
938	999
939	66
939	104
939	346
939	352
939	357
939	433
939	633
939	733
939	774
939	788
939	830
939	834
939	903
939	930
939	959
939	960
939	964
939	975
939	987
940	84
940	418
940	503
940	515
940	571
940	589
940	605
940	684
940	728
940	742
940	747
940	750
940	820
940	836
940	913
940	942
940	951
940	992
940	994
941	317
941	343
941	390
941	451
941	484
941	542
941	580
941	614
941	678
941	688
941	703
941	741
941	830
941	860
941	872
941	880
941	932
941	964
941	978
941	993
942	68
942	151
942	266
942	290
942	301
942	306
942	344
942	374
942	412
942	518
942	523
942	566
942	649
942	657
942	891
942	893
942	894
942	940
942	944
942	984
943	22
943	146
943	157
943	241
943	283
943	368
943	391
943	439
943	473
943	474
943	513
943	525
943	533
943	547
943	554
943	714
943	799
943	822
943	968
943	992
944	105
944	212
944	225
944	266
944	349
944	375
944	488
944	523
944	543
944	566
944	603
944	606
944	613
944	617
944	701
944	839
944	891
944	893
944	927
944	942
945	44
945	130
945	141
945	209
945	367
945	481
945	580
945	608
945	668
945	699
945	766
945	881
945	890
945	901
945	918
945	925
945	927
945	983
945	986
945	991
946	12
946	64
946	86
946	184
946	238
946	364
946	432
946	470
946	476
946	483
946	599
946	673
946	700
946	719
946	785
946	787
946	889
946	934
946	984
946	999
947	127
947	272
947	297
947	353
947	382
947	419
947	504
947	514
947	565
947	582
947	624
947	686
947	702
947	723
947	725
947	790
947	801
947	837
947	896
947	904
948	3
948	21
948	51
948	106
948	116
948	143
948	386
948	407
948	471
948	609
948	659
948	667
948	770
948	783
948	839
948	847
948	849
948	874
948	971
948	997
949	116
949	201
949	207
949	208
949	400
949	506
949	581
949	607
949	636
949	673
949	727
949	772
949	777
949	798
949	858
949	882
949	900
949	907
949	924
949	955
950	198
950	281
950	304
950	338
950	425
950	517
950	567
950	577
950	597
950	629
950	658
950	732
950	747
950	759
950	760
950	784
950	858
950	902
950	932
950	934
951	241
951	288
951	349
951	352
951	531
951	596
951	616
951	702
951	712
951	733
951	747
951	804
951	817
951	823
951	838
951	864
951	874
951	940
951	959
951	974
952	91
952	338
952	389
952	493
952	508
952	514
952	522
952	579
952	607
952	634
952	666
952	726
952	761
952	790
952	799
952	807
952	827
952	883
952	888
952	961
953	55
953	140
953	246
953	276
953	359
953	361
953	387
953	417
953	429
953	586
953	633
953	671
953	706
953	748
953	770
953	785
953	787
953	836
953	909
953	963
953	972
954	1
954	193
954	263
954	277
954	308
954	436
954	456
954	551
954	582
954	600
954	701
954	789
954	839
954	844
954	908
954	917
954	957
954	970
954	973
954	987
954	994
955	62
955	119
955	141
955	285
955	314
955	319
955	345
955	499
955	578
955	629
955	630
955	648
955	659
955	677
955	757
955	853
955	877
955	888
955	907
955	915
955	949
956	59
956	70
956	191
956	250
956	286
956	329
956	457
956	462
956	561
956	595
956	648
956	662
956	706
956	726
956	742
956	784
956	862
956	868
956	902
956	937
956	973
957	20
957	100
957	174
957	220
957	231
957	242
957	264
957	265
957	275
957	291
957	506
957	650
957	672
957	780
957	789
957	866
957	887
957	931
957	954
957	970
957	985
958	15
958	65
958	102
958	121
958	148
958	155
958	185
958	193
958	200
958	202
958	267
958	562
958	564
958	597
958	704
958	718
958	749
958	821
958	883
958	925
958	990
959	70
959	106
959	352
959	394
959	462
959	496
959	546
959	620
959	633
959	714
959	733
959	774
959	794
959	805
959	826
959	831
959	843
959	880
959	909
959	939
959	951
960	22
960	62
960	170
960	197
960	268
960	277
960	300
960	402
960	435
960	446
960	611
960	701
960	703
960	798
960	849
960	939
960	968
960	969
960	970
960	974
960	999
961	49
961	91
961	139
961	229
961	338
961	380
961	397
961	471
961	498
961	567
961	639
961	654
961	671
961	745
961	763
961	781
961	845
961	853
961	857
961	952
961	975
962	8
962	68
962	125
962	215
962	217
962	229
962	345
962	385
962	644
962	661
962	772
962	798
962	825
962	829
962	852
962	858
962	865
962	877
962	919
962	924
962	975
963	4
963	16
963	185
963	379
963	474
963	478
963	545
963	557
963	595
963	677
963	696
963	738
963	757
963	773
963	779
963	815
963	833
963	912
963	918
963	953
963	981
964	181
964	220
964	262
964	280
964	388
964	484
964	509
964	590
964	633
964	678
964	695
964	713
964	734
964	765
964	781
964	794
964	803
964	882
964	939
964	941
964	993
965	67
965	145
965	148
965	207
965	255
965	304
965	307
965	517
965	544
965	563
965	628
965	642
965	732
965	786
965	805
965	825
965	839
965	842
965	878
965	971
965	999
966	36
966	99
966	142
966	185
966	228
966	251
966	326
966	424
966	436
966	466
966	501
966	605
966	651
966	663
966	684
966	726
966	795
966	861
966	876
966	895
966	937
966	980
967	111
967	196
967	246
967	276
967	361
967	411
967	436
967	438
967	458
967	469
967	476
967	563
967	600
967	770
967	836
967	844
967	865
967	867
967	882
967	913
967	921
967	932
968	50
968	97
968	346
968	354
968	569
968	575
968	585
968	608
968	627
968	629
968	631
968	643
968	775
968	853
968	862
968	914
968	932
968	934
968	943
968	960
968	970
968	979
969	39
969	63
969	158
969	228
969	292
969	300
969	354
969	360
969	363
969	378
969	397
969	410
969	430
969	444
969	470
969	547
969	583
969	627
969	695
969	828
969	960
969	983
970	90
970	94
970	127
970	187
970	341
970	490
970	545
970	566
970	584
970	630
970	640
970	856
970	860
970	873
970	880
970	895
970	954
970	957
970	960
970	968
970	979
970	989
971	133
971	160
971	211
971	250
971	254
971	350
971	515
971	521
971	561
971	566
971	595
971	706
971	737
971	790
971	799
971	806
971	807
971	913
971	923
971	948
971	965
971	989
972	8
972	214
972	234
972	264
972	306
972	458
972	529
972	541
972	590
972	598
972	623
972	624
972	669
972	723
972	751
972	785
972	787
972	828
972	921
972	935
972	936
972	953
973	12
973	73
973	117
973	199
973	250
973	381
973	429
973	553
973	595
973	690
973	821
973	835
973	845
973	893
973	902
973	934
973	937
973	954
973	956
973	982
973	984
973	999
974	22
974	76
974	248
974	322
974	337
974	397
974	498
974	634
974	660
974	666
974	689
974	721
974	745
974	759
974	779
974	781
974	803
974	883
974	915
974	951
974	960
974	975
975	96
975	144
975	193
975	323
975	366
975	412
975	447
975	484
975	485
975	488
975	634
975	781
975	800
975	807
975	831
975	915
975	931
975	939
975	961
975	962
975	974
975	976
976	19
976	48
976	102
976	121
976	148
976	155
976	273
976	320
976	420
976	443
976	487
976	507
976	516
976	522
976	749
976	788
976	823
976	829
976	871
976	923
976	933
976	975
976	977
977	54
977	99
977	112
977	152
977	189
977	568
977	616
977	628
977	634
977	724
977	759
977	785
977	793
977	795
977	832
977	855
977	861
977	879
977	976
977	980
977	982
977	994
977	997
978	40
978	76
978	233
978	316
978	377
978	400
978	404
978	522
978	625
978	666
978	736
978	766
978	769
978	827
978	846
978	854
978	876
978	885
978	887
978	889
978	901
978	925
978	941
979	87
979	89
979	138
979	295
979	343
979	385
979	421
979	445
979	497
979	506
979	526
979	567
979	665
979	730
979	736
979	750
979	756
979	821
979	852
979	882
979	968
979	970
979	1000
980	17
980	18
980	184
980	261
980	424
980	447
980	470
980	480
980	539
980	569
980	587
980	717
980	724
980	744
980	785
980	793
980	795
980	897
980	898
980	924
980	966
980	977
980	997
981	40
981	53
981	95
981	150
981	305
981	312
981	367
981	445
981	464
981	480
981	579
981	639
981	676
981	714
981	776
981	804
981	813
981	900
981	908
981	936
981	963
981	991
981	995
982	11
982	82
982	177
982	243
982	250
982	278
982	291
982	369
982	426
982	503
982	601
982	628
982	805
982	855
982	866
982	887
982	892
982	921
982	929
982	973
982	977
982	999
982	1000
983	209
983	213
983	290
983	306
983	331
983	357
983	359
983	408
983	455
983	490
983	576
983	610
983	692
983	695
983	839
983	844
983	900
983	906
983	925
983	927
983	945
983	969
983	1000
984	60
984	67
984	213
984	237
984	278
984	418
984	441
984	448
984	474
984	476
984	477
984	481
984	570
984	575
984	599
984	616
984	661
984	673
984	693
984	885
984	942
984	946
984	973
985	26
985	57
985	61
985	157
985	179
985	186
985	231
985	264
985	496
985	509
985	523
985	561
985	592
985	626
985	637
985	672
985	782
985	787
985	811
985	881
985	931
985	957
985	996
986	121
986	188
986	259
986	318
986	359
986	405
986	423
986	593
986	649
986	656
986	740
986	753
986	764
986	768
986	784
986	833
986	850
986	878
986	890
986	918
986	925
986	927
986	945
987	224
987	237
987	297
987	298
987	357
987	407
987	460
987	513
987	596
987	670
987	676
987	710
987	747
987	774
987	831
987	842
987	872
987	886
987	903
987	929
987	933
987	939
987	954
988	29
988	52
988	102
988	111
988	194
988	218
988	255
988	271
988	328
988	399
988	455
988	461
988	482
988	511
988	557
988	627
988	683
988	720
988	795
988	809
988	847
988	910
988	989
989	38
989	85
989	225
989	245
989	305
989	379
989	398
989	409
989	427
989	517
989	593
989	603
989	644
989	698
989	757
989	778
989	798
989	818
989	819
989	854
989	970
989	971
989	988
990	109
990	137
990	219
990	223
990	243
990	270
990	286
990	350
990	364
990	365
990	524
990	564
990	632
990	708
990	746
990	750
990	776
990	795
990	802
990	872
990	917
990	935
990	958
991	43
991	107
991	225
991	370
991	375
991	389
991	540
991	572
991	591
991	604
991	618
991	638
991	651
991	684
991	714
991	727
991	758
991	804
991	894
991	902
991	913
991	945
991	981
992	59
992	67
992	134
992	195
992	366
992	419
992	426
992	454
992	468
992	494
992	519
992	552
992	578
992	591
992	602
992	647
992	679
992	728
992	738
992	739
992	823
992	883
992	940
992	943
993	52
993	101
993	214
993	280
993	472
993	481
993	484
993	509
993	574
993	580
993	646
993	678
993	688
993	713
993	761
993	765
993	791
993	830
993	906
993	914
993	921
993	937
993	941
993	964
994	79
994	107
994	249
994	279
994	287
994	324
994	356
994	399
994	436
994	504
994	532
994	548
994	582
994	593
994	703
994	707
994	789
994	836
994	860
994	868
994	923
994	940
994	954
994	977
995	4
995	182
995	229
995	273
995	513
995	528
995	549
995	581
995	637
995	647
995	733
995	735
995	774
995	785
995	788
995	794
995	798
995	826
995	831
995	842
995	875
995	903
995	909
995	981
996	66
996	100
996	123
996	161
996	194
996	233
996	248
996	253
996	255
996	374
996	413
996	418
996	425
996	465
996	522
996	526
996	599
996	702
996	720
996	731
996	780
996	793
996	846
996	985
997	44
997	57
997	189
997	212
997	301
997	341
997	344
997	364
997	391
997	556
997	612
997	628
997	643
997	721
997	724
997	759
997	793
997	809
997	861
997	884
997	887
997	948
997	977
997	980
998	15
998	74
998	156
998	176
998	181
998	515
998	541
998	554
998	588
998	591
998	607
998	657
998	715
998	722
998	745
998	753
998	755
998	801
998	812
998	814
998	824
998	856
998	891
998	924
999	2
999	27
999	196
999	274
999	281
999	337
999	487
999	537
999	544
999	567
999	577
999	667
999	691
999	760
999	825
999	871
999	892
999	910
999	938
999	946
999	960
999	965
999	973
999	982
1000	10
1000	24
1000	63
1000	82
1000	106
1000	166
1000	205
1000	310
1000	401
1000	421
1000	497
1000	523
1000	546
1000	589
1000	622
1000	730
1000	743
1000	756
1000	786
1000	820
1000	882
1000	979
1000	982
1000	983
