0	2.8977007894310094
1	1.4496485597908664
2	2.5037236810462424
3	4.132185174031935
4	0.8983394374731398
5	5.012150984023706
6	2.4119400097401003
7	1.2403732071165015
8	7.837435968837914
9	1.8864285298802292
10	1.5465951601964618
11	0.7521764376273893
12	4.401295067695943
13	2.560787575883234
14	3.929758729508036
15	1.7017608781867621
16	1.8757400883403381
17	4.378627594631222
18	3.915883713163264
19	3.041536841450949
20	2.545339094933413
21	4.098929156267807
22	1.014803920159807
23	1.3977116485603323
24	4.649326955021211
25	0.6681038013990034
26	2.0702124357704608
27	2.2968082406310715
28	0.697827008237743
29	0.7910751230618915
30	0.261401440149213
31	1.6794840396594737
32	0.696496417064092
33	1.7648690648547483
34	2.409581850526095
35	1.2992348966482252
36	3.9432249721606047
37	0.47657795222926924
38	3.677601103000956
39	3.1055725639656804
40	4.635738220493142
41	1.551081736454333
42	1.133193673139745
43	2.9671823335654084
44	0.0
45	0.8344223657781805
46	6.219053801376107
47	3.0385841044936654
48	1.0078624962934684
49	2.35085041624457
50	3.237698764947088
51	0.0
52	4.082445762093314
53	0.45745472790498354
54	2.041712698004933
55	1.0271083034964816
56	1.7461609429936051
57	3.5707916223600864
58	0.34164270764144083
59	1.1905372989501588
60	6.264953278359648
61	3.015572345057387
62	0.1971932422362448
63	0.9944496819178967
64	1.408405733274748
65	1.005777066140907
66	0.6386847081978605
67	0.8125487026383441
68	1.4471118729406915
69	6.8833007271591455
70	1.2781642355628744
71	2.327978616229991
72	4.111165105084225
73	1.8288381247376724
74	1.991272223235849
75	0.7132238189918125
76	2.6628386788001555
77	5.036435311693804
78	2.002314806366173
79	1.1829158696156765
80	0.3914250832851706
81	0.7448517349152395
82	4.387620065105671
83	1.2687025412193764
84	0.0
85	5.582200101789288
86	0.35619258772669343
87	3.2913845424465995
88	1.1904064917668795
89	3.6246622807526885
90	1.497583542314306
91	2.574690280668239
92	2.0121515556367955
93	0.4783275315543582
94	1.3024888230319709
95	2.9468629714896983
96	2.1154973413249842
97	1.1195080669565232
98	1.9673519676586801
99	2.7942099377915435
100	0.25020580356548733
101	0.421540169479698
102	0.6352870306913602
103	2.2792913576519394
104	3.669417791022278
105	4.324910880580593
106	3.091664990786424
107	1.1812965013152064
108	2.216695660075487
109	8.372700860196288
110	6.156935099908961
111	0.8274001164630941
112	1.2982092699464132
113	2.483539075811971
114	1.8060052536062892
115	1.3289809384177678
116	1.8689539036670932
117	2.1597634946167927
118	2.4476365965004545
119	1.2492930153027613
120	3.04293531948793
121	1.409712387650124
122	4.908758931865119
123	2.7645571584460074
124	1.4396542410122828
125	2.5823046340081244
126	2.4436230449784517
127	1.2771012731211326
128	3.1470176897176834
129	0.26767119428318853
130	1.7330376471568183
131	0.4057980831523962
132	1.609928153365261
133	2.476062826441339
134	2.0931818974729453
135	5.0331267762460445
136	1.1095966862218187
137	3.9403504438467465
138	2.275043638378349
139	0.914407138648603
140	1.5384949334864668
141	2.2456982208053557
142	4.140371715490865
143	1.8315392199239078
144	0.4184158388486053
145	2.739147815911014
146	0.3039792738639672
147	1.5103450698985563
148	0.3570808771601447
149	4.634230981202499
150	0.8796488025182994
151	1.3447732786747155
152	5.716925816196407
153	0.25020580356548733
154	0.2745304193766544
155	1.100628230233902
156	2.275834370817574
157	2.6309504598515834
158	4.120582456514783
159	0.25488354104296174
160	4.673413772175519
161	2.3015285086428827
162	5.041866855411972
163	5.022438750756458
164	3.1488127733323745
165	1.1430341399249113
166	4.0226526474157165
167	4.077608610865319
168	3.3655950624123436
169	0.0
170	1.909201351756766
171	1.4713254088246348
172	0.3135648045015359
173	0.7576083810761453
174	2.201659011553052
175	1.3763275544812665
176	4.261132670399508
177	1.7547072800502546
178	1.028989635787496
179	2.148279750273633
180	0.4995209553671202
181	1.5095577367083493
182	2.634716955503071
183	2.080487078456287
184	2.1570813342699267
185	0.32935646081122044
186	2.367438443875435
187	0.8948341899089538
188	1.8049549575096127
189	0.3114064510969571
190	0.7627662252900458
191	0.48141561504075403
192	3.314053650051151
193	3.190345115426421
194	4.16473092647093
195	3.1670767559137327
196	3.1860288333846762
197	4.88605851636784
198	2.9548357548722506
199	0.6833790028760828
200	4.462011741938803
201	1.749128520071969
202	3.227556826229327
203	2.3082115833107766
204	5.887261839119868
205	1.9294978434553545
206	2.179498812448648
207	3.937193727555782
208	4.059348279607245
209	0.8596630138559386
210	0.3073856477308042
211	0.9929187787215542
212	3.6799400396245696
213	0.680212260114641
214	2.6191347672231364
215	2.486862724015133
216	3.9279807649940386
217	3.147441099842378
218	3.118195172916288
219	2.334414536596865
220	1.6535996072428252
221	5.583763181576335
222	2.036712435299916
223	2.6219714314944365
224	2.805887682298156
225	5.006888358322029
226	10.114716180868397
227	4.779759377200889
228	0.7520600263711857
229	2.9211152844091965
230	4.999318324781065
231	2.4440596312218528
232	1.6947995691518118
233	7.840245613990595
234	4.556729937830716
235	0.7036575355369834
236	1.4093815574523794
237	4.975666932608176
238	6.662621564317675
239	0.26753406187036216
240	5.622948141222695
241	2.052153741317869
242	5.274738556626036
243	4.199598562455902
244	1.4485219525921698
245	6.362024078485626
246	1.2712356036667596
247	2.689012522399091
248	4.565335751893642
249	3.8835907874718716
250	2.5215551723160905
251	12.342641721059177
252	2.300414100997858
253	3.416789329396249
254	3.676378385364584
255	1.7448667789858598
256	8.634712171918784
257	1.3690402676480486
258	1.2679549893592776
259	3.877987339867592
260	2.642398904440307
261	2.4432803459433856
262	11.549044189294861
263	0.7418539993348541
264	1.4882633669499508
265	5.479847685345721
266	5.501379167937452
267	1.0875434159316728
268	8.461351556117958
269	4.315965079522898
270	1.1548363054397597
271	2.9164526711693646
272	3.1253190767104835
273	0.2796332749545639
274	0.25517995745054317
275	5.057049102467837
276	2.727971107024386
277	5.124657247554012
278	2.8622336453507367
279	2.3930687809023516
280	10.793191970077709
281	8.655925257717755
282	11.641889756326464
283	3.6136801850649025
284	2.084570284803923
285	9.782696659398415
286	3.3351802282070517
287	3.3856036540627534
288	1.9522171508849149
289	7.117796292769373
290	0.9998012450112096
291	8.045140320588569
292	5.17851131283716
293	7.618271264800239
294	1.366432706344987
295	3.2197472396521514
296	0.1986456712557784
297	4.41097297724369
298	2.1494993872613857
299	1.7370854521863888
300	4.824170912383769
301	1.9248173028672753
302	3.092645187782823
303	1.0962690945394327
304	2.1718682688422577
305	1.014605962681691
306	1.398353506512119
307	5.748237486154588
308	1.7343838370614106
309	3.216610333038175
310	2.58284399109448
311	3.12861087442967
312	5.280806630465662
313	2.326689447597799
314	2.3273100157371043
315	3.806368826755447
316	3.2183708818972203
317	3.7637126160936267
318	4.0807328582660425
319	0.6125514561844188
320	2.969414379859789
321	3.0941997248622912
322	1.7950680060273267
323	2.3617238520642965
324	1.9945305088443397
325	1.1011216860807824
326	0.619432248758959
327	6.31231063660757
328	4.053085394634758
329	9.372868864629828
330	1.658304941315942
331	8.465836815105268
332	3.501044670431436
333	0.9366131607060842
334	1.303757938886966
335	0.299831510580611
336	6.5792818842779806
337	1.203855266038334
338	2.5321249140793807
339	1.5467068721310513
340	0.7473990024731696
341	8.145607247781363
342	1.3859427364738106
343	5.707408767740348
344	0.5992188280713548
345	2.911034208909226
346	4.925991534918045
347	8.462454450824715
348	3.909967233806736
349	1.1496003799213246
350	4.5736531004666325
351	7.867812319709598
352	5.233781646735596
353	7.501938802814737
354	1.4668141910136754
355	3.357134000353619
356	9.40493552401239
357	1.9569069677715472
358	0.8302168213744648
359	0.19002487895034828
360	2.1655954193488096
361	2.5657015329560275
362	6.696222840119014
363	0.8922265810363683
364	5.0045802427069335
365	0.8907348673653592
366	3.253451474455544
367	5.022902949723287
368	3.917336983275005
369	2.8543721128698425
370	8.727031924019322
371	3.4617911225525693
372	8.5287605676528
373	3.1173293839589813
374	1.51856792671916
375	6.914335452242388
376	1.5361861092748599
377	1.3819020430306366
378	1.7819080426250684
379	5.768553632700622
380	4.820628630503121
381	2.2524238247664528
382	1.6818317995147498
383	4.364866238603173
384	10.399333905861004
385	4.805214109760971
386	5.043127319433184
387	6.082438187551854
388	2.248648516439425
389	3.2814184359756657
390	1.9494007005082752
391	2.767438698166916
392	2.998345070453608
393	7.208661482372867
394	3.6990862620205798
395	12.46548293567013
396	4.577558930612403
397	4.62085651998754
398	2.726810230657165
399	0.825599674890403
400	4.170957400125488
401	4.019104749838294
402	3.4307916566948737
403	1.8524350426018967
404	3.156423470354784
405	4.918223501868876
406	6.604558049133088
407	1.1436345741743759
408	17.94834036941658
409	2.445253619592021
410	9.362727208565444
411	2.745248749906181
412	11.992665112430023
413	0.3828431886769678
414	11.031162036334631
415	3.3819902699516486
416	2.331201975758402
417	3.917695651924312
418	1.136722340039692
419	4.006425989028304
420	5.0103725174606835
421	4.281353867682302
422	0.6981193858066509
423	7.7855358687988945
424	2.44121927567321
425	2.3911628270300684
426	4.9283025749727125
427	3.170245043071291
428	5.7851217558239885
429	8.27545286716709
430	2.182719982929189
431	4.369084501512244
432	2.204176646806075
433	3.080260924781221
434	4.187560008817261
435	4.151464349240338
436	7.988000470808518
437	2.9339972998096107
438	2.7526875315852504
439	1.7076947954017003
440	4.679394843689396
441	4.742789621972024
442	11.76185589523258
443	1.2166317937426543
444	2.7680746632442275
445	3.8965141626140847
446	8.588157422112236
447	2.728359910010772
448	3.399551697357955
449	3.701717982255573
450	2.117204692241132
451	10.616908980389955
452	4.154012592936416
453	1.649812595385651
454	2.8142872151891014
455	10.302233515203381
456	4.862502598477826
457	3.218588099704693
458	6.670033062458435
459	4.5388039999406065
460	0.3052119594645201
461	2.484204290758375
462	5.449984240923399
463	3.4243966931515715
464	2.3732873260910377
465	0.4906275630386302
466	4.277020393945785
467	6.098949129886635
468	13.480292139903536
469	4.975376223802679
470	13.30445188429807
471	7.578577107785552
472	5.7063206161913955
473	4.01813266896805
474	6.268681090461183
475	6.312155058005072
476	5.026629342148621
477	9.402011115093552
478	8.20256753058644
479	8.98904141593806
480	0.9332877096506075
481	1.9607798897743158
482	0.6812368214437364
483	1.2386262622496338
484	0.5869958757499286
485	4.937185817816001
486	2.8485226426479207
487	2.7131914330494045
488	4.233293603128144
489	1.5785273845710197
490	13.39319192541619
491	3.069657127683111
492	5.858283462618458
493	4.826192774116194
494	23.704351829202043
495	2.856928194796432
496	6.843300033115362
497	6.460190187549741
498	2.8930478605871888
499	5.542974565228047
500	4.9539758110057415
501	1.1556174660931782
502	4.898195137940229
503	2.7082812244883967
504	2.8784444940771867
505	6.266328840807298
506	1.1634421366402936
507	4.764719505807728
508	4.154328961626726
509	1.7614326909058895
510	1.6988613835483233
511	9.383500343935262
512	1.6797251292674351
513	2.268879104825575
514	2.060295913820292
515	6.149322608283628
516	2.526193619610767
517	11.86012047820972
518	4.734834532345917
519	4.911525083892393
520	6.85786787471251
521	9.488703593744948
522	2.9959039977165247
523	3.179857779134851
524	9.117584788977824
525	1.244554640990641
526	15.432263214000992
527	3.5788453485716505
528	2.7645972965764556
529	8.474869985692543
530	5.004021603540897
531	15.258340485018945
532	6.748985481820972
533	3.943053784713785
534	19.239405452232933
535	9.54728103410437
536	4.404164476879673
537	2.690561468873478
538	18.146200696385453
539	8.126434536039337
540	2.1206525366640387
541	2.105655105954831
542	2.4468145783234077
543	3.4678448051910697
544	9.462865041213464
545	15.426765999816393
546	2.4283305673522726
547	6.528300069174205
548	18.084332128551246
549	6.303743396779603
550	6.7904992948231895
551	7.480091207157619
552	1.368413815024473
553	4.826547684233473
554	1.1295754158571245
555	2.7813577084419503
556	3.0962938529286728
557	11.30717148033371
558	3.826019819859438
559	7.171102800665994
560	3.8325691701727935
561	15.956385650322085
562	4.599241534633882
563	3.702053523674099
564	3.836530368891543
565	6.248846115301395
566	9.02032694546422
567	7.114180061858629
568	5.7348155929861635
569	4.4043431570048055
570	5.950198653651504
571	10.950038413031276
572	6.928917385561129
573	11.72691873461908
574	2.7890328745642297
575	5.55436235166701
576	7.596336059608151
577	11.674568401281164
578	12.26320645418788
579	6.265323055327249
580	6.840545895311647
581	8.198548967937736
582	2.330068894089187
583	3.4603153263465702
584	5.457916639662352
585	2.6402029950403243
586	3.171791480978346
587	7.237046480647844
588	4.055199685757284
589	6.663717182962573
590	7.495374223082796
591	7.363089301479192
592	7.678818028409822
593	20.437836638853554
594	5.35111695256165
595	5.625183769622132
596	2.4327741551392212
597	7.459980272092142
598	1.1905519261395268
599	5.946176313176831
600	6.698893996445626
601	8.855796294393032
602	1.9957081419169813
603	6.856685348041241
604	1.8080778738590186
605	3.3943176492601856
606	16.98297828975004
607	8.623283482112921
608	3.8697168219170597
609	2.6539388440195997
610	11.789949000921656
611	5.2881227198811285
612	3.9823293469778815
613	2.937060989594286
614	6.136526740120534
615	6.411682401055544
616	18.4916860173557
617	5.51389231429772
618	5.031477692187575
619	4.339808319650343
620	9.060702792218953
621	10.78855546372609
622	6.261855525394443
623	13.94136332495903
624	4.547731633468899
625	17.3260019507658
626	6.874695391939351
627	17.693074187782273
628	3.487308048529261
629	7.620622417347921
630	11.210775583328823
631	12.736344897343525
632	5.822472966485914
633	7.100874830530651
634	3.5004602893686414
635	11.369430355707243
636	2.2056843663406545
637	5.05678942043041
638	15.011431127365107
639	4.531137616723992
640	12.55693702966964
641	4.658824377253277
642	3.917882787894884
643	6.5717405162807605
644	4.94940671562344
645	9.388760919046742
646	19.54070763109338
647	1.6126261370903234
648	8.242482704832923
649	5.527075727172675
650	3.1638992201627048
651	4.411063208584524
652	2.0719626475169535
653	20.37787108969898
654	1.5746883331399455
655	1.4926587901133832
656	5.4933830920696325
657	3.3721758613372295
658	5.329559702585055
659	4.242148104844087
660	12.44131474765717
661	18.325364404283416
662	18.413994137651517
663	12.79112163747028
664	17.84195034814633
665	9.925397991827555
666	8.762995603542663
667	5.059530745681308
668	12.052719237767631
669	10.001945508141644
670	8.441112321839851
671	4.61536292229971
672	8.821708729091586
673	10.572465068342678
674	23.180245460444276
675	20.991930918001533
676	10.499169960093047
677	17.911178275364747
678	2.81451434857992
679	11.834773667942247
680	8.043290912064002
681	19.0966261225814
682	6.986310893060626
683	5.154168415927595
684	6.3886370154104375
685	9.3084072604597
686	22.900520384740798
687	6.790192718259493
688	3.446378357477745
689	6.439295255974849
690	9.95315206697203
691	7.097867128573231
692	7.154851610853602
693	10.078445974111915
694	5.513225748057637
695	10.764010906379605
696	6.7008554239073
697	8.278678442279471
698	15.301002585468332
699	4.792127757255062
700	11.827585674327214
701	4.0047184866281755
702	9.828081003825034
703	8.914462356829311
704	12.622609256661802
705	8.042573104510332
706	4.6017086346973155
707	28.682411713889184
708	6.299071497463777
709	13.394694009224805
710	7.724334387116675
711	6.963285768984474
712	9.88908753781832
713	14.361373215850296
714	6.997141398296108
715	5.027665693761008
716	5.528534181516424
717	9.240505339510204
718	6.1001767322848846
719	6.557490110197708
720	3.2188745992138155
721	4.1127941310156535
722	27.422152029063042
723	31.413380142621158
724	5.774032157196837
725	11.452326600803268
726	4.2467561258610775
727	9.049489124490815
728	10.948496744547304
729	8.137228664944432
730	10.960139511376147
731	6.69721885554351
732	8.232740485017995
733	9.681287256946602
734	10.864922396952373
735	9.906494949035027
736	8.711712229731365
737	28.692505011100657
738	10.385755242581988
739	4.236913663544258
740	9.850866292668655
741	3.355516372786828
742	17.0000705778852
743	6.663578112358206
744	4.518225645881892
745	7.284228301210791
746	7.7302341387699265
747	7.986317726743766
748	26.92665979892149
749	20.888593995050854
750	12.436107516071246
751	40.41546310674934
752	10.397868401643672
753	3.9833166135966174
754	6.0810895628940855
755	10.93344541260998
756	11.990043350962926
757	3.533559046100924
758	13.882533419831594
759	15.374893880192328
760	14.196810559007695
761	15.69553999721764
762	11.031311051466632
763	7.223157875423174
764	8.984790391122683
765	25.08905855435591
766	6.84372949247181
767	44.99423616596311
768	9.19754471853751
769	8.914615680710131
770	36.207509327944464
771	9.179599193936705
772	7.425569719440445
773	2.750037609525385
774	13.077572196755666
775	26.389585058794857
776	7.2529387381511015
777	10.865683150744362
778	35.7467896652415
779	13.610614975100042
780	20.48229930640128
781	6.559217180064542
782	19.445475050333943
783	22.36524660342601
784	12.458773341810966
785	14.139603573502498
786	3.059720269529323
787	15.244566698025977
788	9.091930523083386
789	7.496784792969695
790	19.547640582574363
791	12.278710877654143
792	9.41476793049712
793	9.291125263207112
794	14.20454002359056
795	5.553605781524376
796	6.9665943762250055
797	33.26547335334879
798	20.36852458920415
799	20.702593258847834
800	10.249508346449394
801	8.43391373876069
802	7.566373090833775
803	11.738135303761332
804	6.17988433037598
805	5.358980278422075
806	23.411144824053252
807	14.285958488439473
808	11.267705123163676
809	11.132071838432672
810	15.304577728359373
811	23.44077803627637
812	21.6902504863612
813	7.133939154701615
814	10.303661418335876
815	23.782311703068842
816	8.987087620789977
817	11.674104732196293
818	6.951676150932794
819	22.124225919521024
820	9.062814329531422
821	3.0817624867228974
822	41.02965657748401
823	45.38733235286632
824	5.412608214819038
825	17.609184242954647
826	5.747343753228728
827	16.833925723602267
828	16.411324635784794
829	12.02364635595324
830	33.17995141816045
831	13.516477182217695
832	17.557490245940425
833	14.3259645245422
834	7.649623554202358
835	15.491266300621007
836	8.86540923833983
837	14.259278124608324
838	13.974082188768035
839	37.72306823097951
840	11.897640486364763
841	10.332167163028233
842	18.136751248908965
843	14.7593056267737
844	5.2736003726429
845	22.152998659055168
846	3.195052745064223
847	16.119907456231008
848	8.793713736644563
849	15.747028829516397
850	19.34788674375161
851	58.053033718165835
852	39.056777408555895
853	17.89393290132971
854	8.42343832552435
855	6.664480174499503
856	17.971659910338378
857	24.729032248826343
858	10.385063160993173
859	30.287547325456043
860	13.07938879470292
861	30.935844307338957
862	19.189043776209935
863	44.95313471465032
864	20.990077282886837
865	33.66606178750349
866	7.717961320054065
867	45.88614612696277
868	14.308308678806371
869	12.091568198909966
870	12.4589233198872
871	26.427521991530945
872	25.573679006009254
873	34.04381680175798
874	19.345130824625688
875	16.53929983584019
876	15.439271913009199
877	11.200735386068091
878	23.20096477292572
879	29.21847659215932
880	24.001686953348056
881	14.569378341306738
882	2.823761663066779
883	13.899273494748792
884	20.32276058253573
885	8.889468844550773
886	17.157842574020208
887	27.18052271256214
888	11.798301914424956
889	13.96520430653832
890	16.262525514625995
891	25.087466865029146
892	19.04990384442249
893	63.999772117355505
894	18.01649894858142
895	20.397126120511246
896	15.529156161418815
897	17.803335122283467
898	21.281593402276204
899	14.08225641548718
900	10.214231726650205
901	22.314933809986908
902	15.943196983274877
903	6.541567304099555
904	22.084544490000393
905	20.71150644019837
906	20.658279691073073
907	10.901133328979292
908	15.844963991762498
909	23.272962774007617
910	34.22168557816627
911	31.64889285603089
912	32.54186564721574
913	13.287734151298956
914	37.89331810401233
915	22.1508733477416
916	32.75857132401732
917	20.10916226367819
918	10.387661612027259
919	23.71632076794218
920	25.816695920622635
921	30.533613709838928
922	29.883823038759548
923	20.180966497559073
924	56.37469323190946
925	20.028635489310343
926	12.719021618772446
927	26.5212136847599
928	14.114682207393361
929	28.52648169885843
930	26.5804166071615
931	26.39786640828329
932	65.06038997902411
933	66.62136616138854
934	71.25150870520355
935	27.832677448419982
936	59.94339811922093
937	20.874592879880723
938	28.293138156908274
939	55.96319094590213
940	12.826058681322598
941	42.46872685547271
942	23.047056271340704
943	36.70561747392773
944	60.31480676427049
945	38.57931780883624
946	34.78032556405806
947	35.50831784492969
948	17.844178144155258
949	20.821542122424844
950	31.176084019259637
951	31.35746788192576
952	19.71994664967125
953	53.28534284767565
954	36.642698250609776
955	13.407324874884461
956	83.61639286430773
957	29.61995851862407
958	18.969054044533298
959	12.867181863041594
960	21.432139035725847
961	15.59333874514711
962	16.583575335606806
963	31.687340795426465
964	27.5885520415678
965	64.05804876056119
966	22.57152971800269
967	49.76337525948913
968	41.690675862141646
969	47.71581253785559
970	28.79062685344133
971	61.182883979279225
972	57.63074394766684
973	48.47733293168485
974	55.563840774690874
975	8.570816512871994
976	54.950505127817486
977	23.668404473986502
978	86.18945910494742
979	29.25034578532442
980	17.768037830067517
981	22.880253447634733
982	27.318730973246126
983	34.53558346188531
984	25.209503521607676
985	21.868569910447253
986	29.213562412322204
987	38.44568431899105
988	41.07672671227156
989	14.288220344580647
990	41.91909386852351
991	20.769496804599505
992	15.681689142079366
993	19.036424527822014
994	65.402369725401
995	21.147356556534184
996	55.94291198994499
997	29.495633034000427
998	44.27994411183462
999	93.35681392164356
