0
105.625

1
181.875

2
56.5

3
117.625

4
92.25

5
132.125

6
104.375

7
123.125

8
134.25

9
93.5

10
190.0

11
81.0

12
142.625

13
145.5

14
136.875

15
60.0

16
146.75

17
120.25

18
88.625

19
155.0

20
107.75

21
132.375

22
116.375

23
82.75

24
211.125

25
106.25

26
114.375

27
99.375

28
72.0

29
90.25

30
118.75

31
168.875

32
119.125

33
111.375

34
145.0

35
110.375

36
133.625

37
87.0

38
134.625

39
108.875

40
179.125

41
124.5

42
160.0

43
121.25

44
137.5

45
60.75

46
99.875

47
88.75

48
113.5

49
137.125

50
139.25

51
58.5

52
71.5

53
132.75

54
42.125

55
95.5

56
152.75

57
127.875

58
156.375

59
138.25

60
141.75

61
114.125

62
56.625

63
153.5

64
142.0

65
123.0

66
76.75

67
103.5

68
124.625

69
112.5

70
128.75

71
86.75

72
152.375

73
130.5

74
112.0

75
127.875

76
163.5

77
63.75

78
152.125

79
146.625

80
95.375

81
50.875

82
134.75

83
98.75

84
64.75

85
139.5

86
150.75

87
152.875

88
169.0

89
86.0

90
119.0

91
97.25

92
112.75

93
72.875

94
91.125

95
95.875

96
87.75

97
148.0

98
148.25

99
105.875

100
38.625

101
135.0

102
77.25

103
110.625

104
120.625

105
135.25

106
96.625

107
103.5

108
78.375

109
88.5

110
214.0

111
94.875

112
112.375

113
105.0

114
73.5

115
81.75

116
109.875

117
148.25

118
130.25

119
111.375

120
150.625

121
78.75

122
110.75

123
147.5

124
130.875

125
120.5

126
180.0

127
131.875

128
109.75

129
56.875

130
107.25

131
113.875

132
94.875

133
116.75

134
69.375

135
188.0

136
162.375

137
121.25

138
109.625

139
98.125

140
119.0

141
123.375

142
121.875

143
192.5

144
53.375

145
115.0

146
17.5

147
89.0

148
112.25

149
139.875

150
68.125

151
97.0

152
123.625

153
58.625

154
101.25

155
136.0

156
123.875

157
115.75

158
167.25

159
60.5

160
166.25

161
48.25

162
127.0

163
153.125

164
76.0

165
74.0

166
142.75

167
105.625

168
201.625

169
56.375

170
114.75

171
111.875

172
117.5

173
115.5

174
162.75

175
81.75

176
148.75

177
99.0

178
139.5

179
89.75

180
153.5

181
128.0

182
78.5

183
122.625

184
84.75

185
92.625

186
104.5

187
136.875

188
114.375

189
128.125

190
71.0

191
98.625

192
116.75

193
112.875

194
134.25

195
137.375

196
154.375

197
118.25

198
140.625

199
42.125

200
149.25

201
87.875

202
100.0

203
79.625

204
101.875

205
85.875

206
109.625

207
139.75

208
134.375

209
80.75

210
69.25

211
46.5

212
103.75

213
158.5

214
103.375

215
148.625

216
180.25

217
110.25

218
174.375

219
116.5

220
97.25

221
235.25

222
139.0

223
180.375

224
128.25

225
130.5

226
214.375

227
133.875

228
91.875

229
167.0

230
131.25

231
205.0

232
148.0

233
215.25

234
227.0

235
132.125

236
106.75

237
120.5

238
155.125

239
82.0

240
140.375

241
131.625

242
185.0

243
205.0

244
100.0

245
148.75

246
156.125

247
134.125

248
192.0

249
173.125

250
119.75

251
137.75

252
147.25

253
51.875

254
87.0

255
92.75

256
141.125

257
112.125

258
132.0

259
139.875

260
151.375

261
173.5

262
166.625

263
117.25

264
141.125

265
129.875

266
115.75

267
114.375

268
175.25

269
150.375

270
161.75

271
155.0

272
101.75

273
71.75

274
44.875

275
170.375

276
180.125

277
145.625

278
134.5

279
207.0

280
197.25

281
183.125

282
200.625

283
168.375

284
138.75

285
207.625

286
108.625

287
150.875

288
126.5

289
191.875

290
83.75

291
176.75

292
239.5

293
140.75

294
70.375

295
153.125

296
87.625

297
121.125

298
143.375

299
96.25

300
145.5

301
130.5

302
203.375

303
121.125

304
73.5

305
74.25

306
152.625

307
87.625

308
166.0

309
87.375

310
170.5

311
120.5

312
165.0

313
189.0

314
228.5

315
186.25

316
197.375

317
66.5

318
191.25

319
98.25

320
144.625

321
180.75

322
116.0

323
203.25

324
160.0

325
66.625

326
125.875

327
166.625

328
221.75

329
138.625

330
158.125

331
223.25

332
81.5

333
95.25

334
121.5

335
103.5

336
146.75

337
108.5

338
55.125

339
192.125

340
119.25

341
187.25

342
155.0

343
61.375

344
148.25

345
94.125

346
225.25

347
188.375

348
70.125

349
136.75

350
170.5

351
252.875

352
161.125

353
177.625

354
82.5

355
159.125

356
238.25

357
108.75

358
155.125

359
71.375

360
70.125

361
90.0

362
144.25

363
91.375

364
205.125

365
210.625

366
92.625

367
194.375

368
261.75

369
181.0

370
282.0

371
177.125

372
228.0

373
203.125

374
191.25

375
261.0

376
149.625

377
159.625

378
157.5

379
201.875

380
177.75

381
118.75

382
107.625

383
103.5

384
175.125

385
200.25

386
125.875

387
215.125

388
137.75

389
147.0

390
194.0

391
120.75

392
220.875

393
144.625

394
186.625

395
160.625

396
210.25

397
180.625

398
113.875

399
90.125

400
144.25

401
195.5

402
170.875

403
123.375

404
147.375

405
108.875

406
215.25

407
52.375

408
219.625

409
145.0

410
231.875

411
193.5

412
161.125

413
129.125

414
276.5

415
230.25

416
183.125

417
164.5

418
169.25

419
100.0

420
174.0

421
154.25

422
139.25

423
132.0

424
126.0

425
178.125

426
188.75

427
158.625

428
188.75

429
158.625

430
176.75

431
139.75

432
137.75

433
182.875

434
56.75

435
73.0

436
263.0

437
174.25

438
179.0

439
98.0

440
154.375

441
188.875

442
145.625

443
106.375

444
180.0

445
200.5

446
232.75

447
137.5

448
137.125

449
153.25

450
145.5

451
133.125

452
137.125

453
169.0

454
203.75

455
137.75

456
234.0

457
201.25

458
109.75

459
139.5

460
97.375

461
190.375

462
89.75

463
171.0

464
178.0

465
70.0

466
137.5

467
270.5

468
219.75

469
229.625

470
200.875

471
261.75

472
121.5

473
131.625

474
232.0

475
222.125

476
162.875

477
269.125

478
224.75

479
210.125

480
151.125

481
129.375

482
119.0

483
68.0

484
99.5

485
198.5

486
128.875

487
128.0

488
205.25

489
85.25

490
174.125

491
117.375

492
155.125

493
113.75

494
177.5

495
124.125

496
223.5

497
218.625

498
127.75

499
193.875

500
233.25

501
171.375

502
259.25

503
132.5

504
99.75

505
211.0

506
178.5

507
201.625

508
225.125

509
142.75

510
72.75

511
149.125

512
144.875

513
158.0

514
176.5

515
174.75

516
213.875

517
190.75

518
184.125

519
203.25

520
215.5

521
210.25

522
113.375

523
262.375

524
248.5

525
195.25

526
218.625

527
218.875

528
148.75

529
245.75

530
192.0

531
235.875

532
191.625

533
191.625

534
166.5

535
217.75

536
182.5

537
191.75

538
243.75

539
250.375

540
196.625

541
159.375

542
204.125

543
144.75

544
242.375

545
234.125

546
193.625

547
213.125

548
107.75

549
228.25

550
309.625

551
224.5

552
195.625

553
196.75

554
202.875

555
196.125

556
123.375

557
197.5

558
170.125

559
171.25

560
239.75

561
202.875

562
171.25

563
185.5

564
297.75

565
212.875

566
108.5

567
276.5

568
258.25

569
185.375

570
264.5

571
198.5

572
117.5

573
192.25

574
168.125

575
225.0

576
342.0

577
167.875

578
211.75

579
231.75

580
136.125

581
177.25

582
144.625

583
198.125

584
80.0

585
144.75

586
96.0

587
229.75

588
258.125

589
174.625

590
227.25

591
242.125

592
167.5

593
273.25

594
158.875

595
263.625

596
154.875

597
284.75

598
146.375

599
273.625

600
207.25

601
154.125

602
222.75

603
241.0

604
169.875

605
169.25

606
210.25

607
202.375

608
245.125

609
180.75

610
197.75

611
214.5

612
241.375

613
210.125

614
266.25

615
245.25

616
287.375

617
228.625

618
200.75

619
156.875

620
323.75

621
194.25

622
268.125

623
222.125

624
193.75

625
281.5

626
317.375

627
355.0

628
207.5

629
186.0

630
276.375

631
282.875

632
158.5

633
170.25

634
248.125

635
173.75

636
217.75

637
271.0

638
299.75

639
253.375

640
158.75

641
151.125

642
263.25

643
225.0

644
214.25

645
218.0

646
295.875

647
221.625

648
238.0

649
221.5

650
220.0

651
320.0

652
118.0

653
293.0

654
131.25

655
193.75

656
249.125

657
298.125

658
238.125

659
143.25

660
160.5

661
94.25

662
215.25

663
295.125

664
268.75

665
325.25

666
330.25

667
289.125

668
287.0

669
361.875

670
217.0

671
171.375

672
188.75

673
238.375

674
221.375

675
216.75

676
235.25

677
131.625

678
250.25

679
257.5

680
259.0

681
324.625

682
298.75

683
225.125

684
342.0

685
337.625

686
313.375

687
262.625

688
278.5

689
234.125

690
358.375

691
279.125

692
325.0

693
327.875

694
309.875

695
299.375

696
218.875

697
349.75

698
305.75

699
283.75

700
350.25

701
187.375

702
273.25

703
338.25

704
384.0

705
165.0

706
238.875

707
319.0

708
287.875

709
376.875

710
305.875

711
349.125

712
264.625

713
388.125

714
251.125

715
325.0

716
277.75

717
343.25

718
252.5

719
173.25

720
205.0

721
186.875

722
388.625

723
331.125

724
285.75

725
246.5

726
284.5

727
314.75

728
365.625

729
278.625

730
413.125

731
283.5

732
139.0

733
345.375

734
331.0

735
339.75

736
365.5

737
357.625

738
336.375

739
187.0

740
375.375

741
165.125

742
432.75

743
282.625

744
341.25

745
336.875

746
325.375

747
265.75

748
170.5

749
231.0

750
442.5

751
239.875

752
415.0

753
308.5

754
258.5

755
300.375

756
347.75

757
260.625

758
301.75

759
502.0

760
225.5

761
332.5

762
428.625

763
205.25

764
230.75

765
424.5

766
224.625

767
373.125

768
322.125

769
195.25

770
255.75

771
399.25

772
391.875

773
281.75

774
317.0

775
459.875

776
250.5

777
182.625

778
393.5

779
355.375

780
377.0

781
207.625

782
393.375

783
559.75

784
336.25

785
367.0

786
171.125

787
379.0

788
437.75

789
293.125

790
388.375

791
461.5

792
385.375

793
374.25

794
395.75

795
288.375

796
378.0

797
379.75

798
390.375

799
320.5

800
154.5

801
379.875

802
244.0

803
434.75

804
220.125

805
415.625

806
274.25

807
257.375

808
415.625

809
543.0

810
291.5

811
506.5

812
344.5

813
264.0

814
446.75

815
501.0

816
196.75

817
399.125

818
393.0

819
484.625

820
62.625

821
346.125

822
412.5

823
416.0

824
340.875

825
437.25

826
367.75

827
491.125

828
162.5

829
250.875

830
367.375

831
501.875

832
392.875

833
146.375

834
320.5

835
503.125

836
219.0

837
322.125

838
267.125

839
428.125

840
489.125

841
523.625

842
603.5

843
393.5

844
255.625

845
519.875

846
278.625

847
450.0

848
422.625

849
361.5

850
435.125

851
346.25

852
317.125

853
495.5

854
437.0

855
259.25

856
165.0

857
405.5

858
371.625

859
390.875

860
434.875

861
552.0

862
607.75

863
503.125

864
571.875

865
534.125

866
396.375

867
482.375

868
314.75

869
331.375

870
494.375

871
165.75

872
607.125

873
520.75

874
629.375

875
343.625

876
628.125

877
428.875

878
505.5

879
688.0

880
332.5

881
545.0

882
464.25

883
551.5

884
620.75

885
539.625

886
562.0

887
716.625

888
591.375

889
594.375

890
679.625

891
667.375

892
662.625

893
603.625

894
733.25

895
563.25

896
230.75

897
662.25

898
458.25

899
593.625

900
537.25

901
445.5

902
425.25

903
567.75

904
705.875

905
532.5

906
651.75

907
533.0

908
382.125

909
658.875

910
704.625

911
690.625

912
707.875

913
654.875

914
697.0

915
591.5

916
616.5

917
712.0

918
576.5

919
646.0

920
787.5

921
703.5

922
735.375

923
715.25

924
281.375

925
416.75

926
438.875

927
803.25

928
593.125

929
407.125

930
687.0

931
420.875

932
690.375

933
752.0

934
731.75

935
819.75

936
429.375

937
540.875

938
791.25

939
417.0

940
487.25

941
788.375

942
834.5

943
251.375

944
840.0

945
839.375

946
523.625

947
843.5

948
727.25

949
547.375

950
724.75

951
854.25

952
254.0

953
819.0

954
779.625

955
266.25

956
560.25

957
553.25

958
778.625

959
445.125

960
859.625

961
794.75

962
815.25

963
771.75

964
843.875

965
521.625

966
556.625

967
802.25

968
862.125

969
569.375

970
730.5

971
566.875

972
835.0

973
920.375

974
543.375

975
812.75

976
857.875

977
515.625

978
916.125

979
987.0

980
890.625

981
583.125

982
981.0

983
631.25

984
838.5

985
1031.75

986
609.25

987
916.5

988
536.125

989
566.5

990
1063.0

991
973.5

992
1032.5

993
1108.375

994
599.125

995
1037.625

996
398.0

997
1202.0

998
926.75

999
1079.625

