1	524
1	611
1	855
1	895
1	994
2	538
2	746
2	901
2	963
2	981
3	307
3	809
3	834
3	867
3	916
4	146
4	170
4	393
4	566
4	976
5	624
5	720
5	874
5	894
5	897
6	450
6	650
6	713
6	890
6	893
7	17
7	798
7	889
7	912
7	975
8	153
8	781
8	803
8	928
8	948
9	604
9	635
9	855
9	945
9	952
10	123
10	343
10	447
10	565
10	806
11	21
11	375
11	437
11	826
11	876
12	583
12	825
12	866
12	989
12	998
13	464
13	793
13	857
13	996
13	998
14	671
14	707
14	737
14	784
14	965
15	308
15	696
15	704
15	824
15	912
16	26
16	735
16	736
16	935
16	953
17	7
17	162
17	715
17	731
17	975
18	326
18	604
18	618
18	752
18	976
19	287
19	588
19	747
19	838
19	972
20	98
20	396
20	662
20	864
20	956
21	11
21	131
21	137
21	889
21	978
22	788
22	925
22	970
22	977
22	982
23	152
23	153
23	880
23	936
23	955
24	136
24	158
24	924
24	959
24	975
25	197
25	614
25	863
25	916
25	981
26	16
26	114
26	250
26	819
26	886
27	29
27	594
27	698
27	900
27	917
28	367
28	645
28	649
28	922
28	928
29	27
29	681
29	694
29	895
29	961
30	643
30	845
30	939
30	968
30	989
31	409
31	458
31	784
31	859
31	940
32	44
32	478
32	579
32	959
32	989
33	308
33	465
33	630
33	672
33	770
34	500
34	529
34	535
34	861
34	993
35	587
35	722
35	861
35	899
35	912
36	138
36	794
36	830
36	946
36	990
37	237
37	286
37	399
37	776
37	999
38	482
38	601
38	914
38	955
38	992
39	165
39	650
39	798
39	847
39	975
40	306
40	432
40	532
40	578
40	949
41	481
41	738
41	822
41	830
41	944
42	323
42	545
42	660
42	702
42	875
43	313
43	551
43	602
43	852
43	954
44	32
44	589
44	720
44	831
44	893
45	595
45	606
45	798
45	942
45	960
46	265
46	403
46	712
46	830
46	870
47	436
47	753
47	930
47	934
47	989
48	520
48	672
48	774
48	874
48	954
49	120
49	799
49	815
49	887
49	945
50	132
50	408
50	503
50	589
50	874
51	766
51	789
51	792
51	888
51	901
52	100
52	532
52	644
52	845
52	975
53	273
53	675
53	844
53	868
53	968
54	123
54	277
54	578
54	681
54	901
55	104
55	524
55	665
55	825
55	947
56	257
56	785
56	809
56	896
56	909
57	211
57	833
57	921
57	962
57	990
58	224
58	629
58	633
58	822
58	863
59	447
59	456
59	673
59	796
59	959
60	222
60	396
60	426
60	800
60	834
61	103
61	501
61	719
61	724
61	860
62	673
62	746
62	757
62	976
62	990
63	155
63	288
63	616
63	986
63	991
64	471
64	667
64	674
64	744
64	926
65	567
65	706
65	886
65	955
65	976
66	700
66	891
66	900
66	952
66	965
67	481
67	671
67	727
67	849
67	861
68	222
68	727
68	737
68	800
68	974
69	190
69	779
69	922
69	971
69	985
70	549
70	579
70	648
70	917
70	995
71	135
71	415
71	755
71	772
71	902
72	316
72	367
72	758
72	883
72	945
73	687
73	756
73	850
73	947
73	960
74	177
74	256
74	281
74	636
74	934
75	615
75	707
75	729
75	852
75	982
76	249
76	656
76	703
76	753
76	977
77	758
77	872
77	972
77	981
77	1000
78	100
78	138
78	467
78	497
78	834
79	119
79	148
79	597
79	924
79	940
80	517
80	787
80	868
80	974
80	982
81	317
81	662
81	741
81	938
81	986
82	260
82	687
82	722
82	776
82	861
83	515
83	693
83	712
83	876
83	932
84	362
84	848
84	854
84	947
84	969
85	414
85	713
85	868
85	892
85	978
86	637
86	663
86	797
86	915
86	950
87	487
87	638
87	872
87	956
87	1000
88	394
88	470
88	526
88	740
88	936
89	406
89	738
89	799
89	836
89	983
90	106
90	635
90	736
90	906
90	908
91	412
91	559
91	740
91	764
91	984
92	318
92	400
92	954
92	959
92	985
93	691
93	804
93	889
93	966
93	986
94	410
94	668
94	857
94	945
94	957
95	482
95	523
95	833
95	940
95	962
96	118
96	406
96	588
96	916
96	937
97	552
97	829
97	836
97	889
97	997
98	20
98	593
98	792
98	896
98	948
99	382
99	638
99	753
99	881
99	981
100	52
100	78
100	577
100	910
100	936
101	257
101	533
101	869
101	949
101	954
102	139
102	353
102	426
102	787
102	795
103	61
103	369
103	544
103	586
103	617
104	55
104	207
104	606
104	901
104	938
105	677
105	713
105	756
105	932
105	998
106	90
106	411
106	562
106	787
106	969
107	140
107	554
107	858
107	953
107	968
108	202
108	485
108	780
108	794
108	924
109	738
109	927
109	933
109	938
109	991
110	549
110	708
110	809
110	925
110	988
111	213
111	430
111	594
111	621
111	877
112	430
112	715
112	821
112	861
112	907
113	626
113	755
113	875
113	932
113	962
114	26
114	253
114	287
114	393
114	483
115	400
115	881
115	883
115	885
115	963
116	548
116	568
116	676
116	758
116	870
117	542
117	550
117	553
117	753
117	989
118	96
118	229
118	693
118	842
118	954
119	79
119	413
119	539
119	690
119	924
120	49
120	124
120	668
120	899
120	991
121	451
121	582
121	878
121	889
121	920
122	187
122	290
122	601
122	800
122	806
123	10
123	54
123	786
123	831
123	995
124	120
124	738
124	880
124	971
124	987
125	180
125	308
125	891
125	940
125	984
126	580
126	741
126	899
126	925
126	970
127	133
127	660
127	685
127	718
127	969
128	484
128	529
128	723
128	786
128	941
129	632
129	802
129	823
129	847
129	870
130	679
130	707
130	714
130	781
130	959
131	21
131	349
131	483
131	712
131	990
132	50
132	247
132	766
132	799
132	933
133	127
133	225
133	759
133	782
133	897
134	316
134	893
134	903
134	956
134	986
135	71
135	752
135	886
135	912
135	971
136	24
136	145
136	544
136	726
136	735
137	21
137	398
137	454
137	519
137	965
138	36
138	78
138	892
138	932
138	987
139	102
139	810
139	924
139	965
139	968
140	107
140	385
140	755
140	850
140	985
141	476
141	618
141	743
141	832
141	849
142	627
142	823
142	882
142	918
142	998
143	193
143	304
143	532
143	807
143	917
144	598
144	691
144	858
144	883
144	997
145	136
145	221
145	902
145	910
145	937
146	4
146	321
146	862
146	918
146	990
147	875
147	908
147	957
147	988
147	994
148	79
148	168
148	369
148	525
148	941
149	429
149	769
149	817
149	915
149	968
150	219
150	387
150	452
150	987
150	995
151	533
151	749
151	907
151	948
151	996
152	23
152	610
152	665
152	763
152	860
153	8
153	23
153	885
153	894
153	955
154	377
154	683
154	799
154	808
154	992
155	63
155	508
155	555
155	623
155	738
156	281
156	426
156	627
156	852
156	967
157	391
157	547
157	655
157	964
157	999
158	24
158	384
158	944
158	959
158	968
159	409
159	474
159	650
159	817
159	933
160	653
160	856
160	878
160	888
160	935
161	472
161	534
161	920
161	942
161	976
162	17
162	750
162	776
162	793
162	972
163	164
163	236
163	743
163	887
163	952
164	163
164	704
164	712
164	820
164	976
165	39
165	438
165	651
165	660
165	802
166	291
166	576
166	823
166	953
166	985
167	378
167	509
167	686
167	865
167	993
168	148
168	176
168	311
168	941
168	947
169	414
169	439
169	505
169	836
169	857
170	4
170	402
170	608
170	684
170	797
171	526
171	708
171	755
171	794
171	930
172	684
172	752
172	885
172	976
172	993
173	179
173	563
173	643
173	868
173	972
174	456
174	593
174	670
174	691
174	785
175	777
175	799
175	866
175	922
175	996
176	168
176	350
176	356
176	664
176	898
177	74
177	412
177	644
177	806
177	960
178	319
178	355
178	972
178	978
178	1000
179	173
179	814
179	963
179	971
179	987
180	125
180	412
180	470
180	577
180	791
181	475
181	518
181	657
181	672
181	946
182	483
182	833
182	857
182	905
182	965
183	577
183	609
183	920
183	940
183	951
184	630
184	791
184	801
184	914
184	967
185	589
185	680
185	876
185	951
185	972
186	226
186	230
186	572
186	793
186	940
187	122
187	435
187	676
187	863
187	919
188	307
188	788
188	831
188	958
188	967
189	457
189	530
189	823
189	937
189	992
190	69
190	254
190	544
190	569
190	703
191	281
191	354
191	374
191	710
191	734
192	341
192	849
192	922
192	956
192	986
193	143
193	681
193	824
193	866
193	932
194	574
194	716
194	860
194	923
194	926
195	487
195	726
195	738
195	802
195	904
196	364
196	564
196	882
196	924
196	977
197	25
197	238
197	498
197	700
197	905
198	264
198	591
198	644
198	658
198	936
199	222
199	436
199	574
199	877
199	991
200	718
200	832
200	840
200	961
200	968
201	309
201	428
201	889
201	951
201	996
202	108
202	462
202	500
202	865
202	901
203	619
203	804
203	821
203	854
203	856
204	225
204	244
204	311
204	484
204	719
205	424
205	736
205	809
205	965
205	992
206	363
206	615
206	770
206	819
206	845
207	104
207	584
207	586
207	837
207	983
208	252
208	747
208	898
208	978
208	994
209	418
209	479
209	505
209	749
209	810
210	679
210	717
210	844
210	911
210	939
211	57
211	946
211	965
211	986
211	997
212	323
212	451
212	545
212	790
212	903
212	929
213	111
213	672
213	729
213	829
213	880
213	893
214	590
214	866
214	921
214	927
214	944
214	998
215	246
215	248
215	473
215	475
215	513
215	592
216	241
216	501
216	699
216	821
216	877
216	998
217	617
217	893
217	911
217	929
217	972
217	988
218	653
218	756
218	788
218	915
218	939
218	958
219	150
219	220
219	512
219	582
219	852
219	998
220	219
220	546
220	602
220	727
220	888
220	909
221	145
221	227
221	351
221	492
221	535
221	641
222	60
222	68
222	199
222	415
222	514
222	933
223	584
223	598
223	721
223	856
223	950
223	970
224	58
224	348
224	747
224	807
224	956
224	1000
225	133
225	204
225	869
225	912
225	931
225	981
226	186
226	482
226	609
226	792
226	865
226	964
227	221
227	267
227	380
227	502
227	841
227	886
228	438
228	579
228	621
228	640
228	677
228	822
229	118
229	468
229	508
229	541
229	898
229	904
230	186
230	454
230	667
230	705
230	976
230	994
231	405
231	504
231	682
231	906
231	944
231	996
232	447
232	664
232	807
232	828
232	917
232	983
233	422
233	769
233	841
233	864
233	921
233	979
234	696
234	731
234	837
234	934
234	989
234	995
235	635
235	697
235	956
235	970
235	994
235	998
236	163
236	495
236	645
236	892
236	996
236	997
237	37
237	558
237	918
237	921
237	963
237	977
238	197
238	330
238	845
238	884
238	887
238	987
239	591
239	766
239	771
239	792
239	969
239	971
240	334
240	676
240	751
240	858
240	913
240	917
241	216
241	519
241	752
241	948
241	967
241	993
242	592
242	644
242	689
242	698
242	724
242	978
243	527
243	651
243	658
243	773
243	927
243	935
244	204
244	511
244	580
244	691
244	845
244	976
245	256
245	305
245	732
245	847
245	916
245	961
246	215
246	288
246	298
246	771
246	944
246	975
247	132
247	272
247	532
247	677
247	907
247	961
248	215
248	302
248	607
248	705
248	861
248	915
249	76
249	285
249	368
249	719
249	750
249	835
250	26
250	536
250	702
250	780
250	871
250	954
251	533
251	644
251	717
251	891
251	907
251	947
252	208
252	253
252	914
252	980
252	984
252	996
253	114
253	252
253	404
253	591
253	771
253	787
254	190
254	400
254	485
254	509
254	881
254	981
255	629
255	716
255	777
255	843
255	872
255	927
256	74
256	245
256	548
256	847
256	933
256	966
257	56
257	101
257	386
257	811
257	887
257	936
258	695
258	929
258	953
258	969
258	982
258	997
259	390
259	583
259	934
259	939
259	988
259	989
260	82
260	700
260	734
260	751
260	912
260	973
261	493
261	738
261	817
261	910
261	988
261	1000
262	273
262	513
262	606
262	786
262	832
262	871
263	686
263	749
263	855
263	908
263	979
263	981
264	198
264	414
264	599
264	692
264	835
264	978
265	46
265	277
265	375
265	612
265	769
265	862
266	310
266	318
266	532
266	567
266	840
266	961
267	227
267	363
267	729
267	831
267	913
267	935
268	401
268	442
268	728
268	920
268	922
268	960
269	320
269	334
269	753
269	809
269	934
269	989
270	310
270	704
270	721
270	790
270	803
270	886
271	583
271	852
271	897
271	898
271	992
271	998
272	247
272	293
272	752
272	813
272	974
272	982
273	53
273	262
273	471
273	612
273	759
273	885
274	527
274	701
274	728
274	835
274	887
274	931
275	390
275	455
275	604
275	870
275	973
275	974
276	294
276	472
276	762
276	926
276	966
276	983
277	54
277	265
277	546
277	813
277	883
277	929
278	433
278	535
278	701
278	973
278	982
278	990
279	293
279	316
279	670
279	673
279	885
279	933
280	338
280	464
280	870
280	890
280	910
280	925
281	74
281	156
281	191
281	295
281	447
281	729
282	610
282	793
282	887
282	948
282	951
282	953
283	645
283	695
283	837
283	922
283	996
283	997
284	368
284	522
284	654
284	827
284	841
284	999
285	249
285	822
285	842
285	883
285	971
285	999
286	37
286	448
286	475
286	481
286	952
286	977
287	19
287	114
287	381
287	575
287	895
287	896
288	63
288	246
288	591
288	596
288	860
288	962
289	342
289	386
289	710
289	763
289	943
289	995
290	122
290	300
290	747
290	851
290	936
290	984
291	166
291	576
291	803
291	823
291	943
291	944
292	412
292	775
292	789
292	905
292	910
292	961
293	272
293	279
293	531
293	794
293	807
293	919
294	276
294	295
294	807
294	875
294	895
294	962
295	281
295	294
295	602
295	897
295	903
295	909
296	510
296	714
296	847
296	851
296	870
296	998
297	494
297	719
297	728
297	783
297	813
297	972
298	246
298	593
298	608
298	743
298	952
298	954
299	422
299	575
299	659
299	797
299	886
299	968
300	290
300	525
300	839
300	872
300	937
300	955
301	328
301	512
301	806
301	839
301	880
301	894
302	248
302	513
302	661
302	958
302	968
302	982
303	470
303	602
303	769
303	929
303	938
303	964
304	143
304	630
304	866
304	890
304	899
304	922
305	245
305	505
305	746
305	823
305	842
305	998
306	40
306	365
306	401
306	435
306	820
306	913
307	3
307	188
307	586
307	614
307	925
307	970
308	15
308	33
308	125
308	842
308	936
308	940
309	201
309	610
309	721
309	792
309	906
309	962
310	266
310	270
310	320
310	810
310	821
310	822
311	168
311	204
311	495
311	743
311	914
311	981
312	746
312	815
312	817
312	945
312	967
312	979
313	43
313	314
313	317
313	380
313	431
313	831
314	313
314	691
314	747
314	849
314	892
314	980
315	435
315	459
315	600
315	805
315	863
315	928
316	72
316	134
316	279
316	362
316	397
316	817
317	81
317	313
317	570
317	633
317	662
317	949
318	92
318	266
318	701
318	726
318	906
318	961
319	178
319	487
319	496
319	747
319	801
319	844
320	269
320	310
320	508
320	575
320	631
320	997
321	146
321	324
321	481
321	734
321	862
321	918
322	589
322	769
322	814
322	830
322	921
322	953
323	42
323	212
323	451
323	832
323	915
323	999
324	321
324	567
324	639
324	889
324	991
324	995
325	736
325	792
325	875
325	913
325	957
325	994
326	18
326	568
326	778
326	822
326	919
326	993
327	382
327	576
327	780
327	812
327	875
327	1000
328	301
328	377
328	773
328	805
328	925
328	953
329	395
329	715
329	828
329	840
329	877
329	879
330	238
330	338
330	676
330	904
330	952
330	984
331	356
331	365
331	463
331	694
331	868
331	985
332	422
332	537
332	701
332	871
332	914
332	928
333	525
333	594
333	738
333	877
333	885
333	912
334	240
334	269
334	560
334	579
334	674
334	974
335	418
335	466
335	589
335	872
335	874
335	927
336	922
336	949
336	950
336	952
336	956
336	976
337	714
337	731
337	766
337	907
337	910
337	989
338	280
338	330
338	826
338	873
338	928
338	933
339	340
339	681
339	775
339	833
339	936
339	995
340	339
340	500
340	748
340	811
340	856
340	919
341	192
341	725
341	761
341	773
341	869
341	876
342	289
342	749
342	869
342	926
342	953
342	976
343	10
343	346
343	486
343	532
343	774
343	985
344	434
344	680
344	721
344	868
344	963
344	974
345	688
345	707
345	898
345	967
345	969
345	981
346	343
346	521
346	789
346	922
346	949
346	956
347	406
347	710
347	876
347	900
347	919
347	963
348	224
348	378
348	643
348	936
348	944
348	970
349	131
349	392
349	579
349	760
349	897
349	903
350	176
350	453
350	521
350	772
350	891
350	963
351	221
351	457
351	839
351	880
351	894
351	998
352	605
352	642
352	656
352	832
352	861
352	932
353	102
353	440
353	450
353	608
353	804
353	920
354	191
354	380
354	742
354	869
354	906
354	959
355	178
355	768
355	873
355	922
355	924
355	956
356	176
356	331
356	733
356	909
356	931
356	984
357	718
357	779
357	814
357	827
357	863
357	988
358	558
358	625
358	804
358	853
358	980
358	996
359	640
359	702
359	752
359	860
359	933
359	971
360	529
360	586
360	732
360	890
360	957
360	979
361	572
361	583
361	615
361	701
361	896
361	997
362	84
362	316
362	641
362	700
362	737
362	994
363	206
363	267
363	713
363	723
363	768
363	945
364	196
364	402
364	713
364	888
364	930
364	939
365	306
365	331
365	400
365	490
365	590
365	633
366	461
366	864
366	922
366	924
366	975
366	981
367	28
367	72
367	549
367	651
367	779
367	963
368	249
368	284
368	421
368	661
368	936
368	947
369	103
369	148
369	560
369	689
369	928
369	940
370	578
370	640
370	748
370	752
370	807
370	834
371	715
371	830
371	912
371	934
371	948
371	967
372	503
372	668
372	892
372	940
372	953
372	996
373	533
373	624
373	631
373	821
373	858
373	943
374	191
374	702
374	706
374	856
374	964
374	973
375	11
375	265
375	519
375	917
375	960
375	995
376	418
376	526
376	550
376	552
376	612
376	940
377	154
377	328
377	749
377	838
377	876
377	911
378	167
378	348
378	626
378	641
378	909
378	962
379	541
379	773
379	871
379	931
379	935
379	997
380	227
380	313
380	354
380	590
380	891
380	897
381	287
381	790
381	816
381	840
381	879
381	901
382	99
382	327
382	698
382	900
382	960
382	995
383	497
383	638
383	843
383	872
383	927
383	969
384	158
384	401
384	644
384	796
384	968
384	976
384	996
385	140
385	467
385	508
385	568
385	860
385	902
385	910
386	257
386	289
386	595
386	659
386	841
386	906
386	992
387	150
387	424
387	429
387	624
387	741
387	833
387	980
388	468
388	591
388	627
388	782
388	939
388	941
388	981
389	496
389	522
389	762
389	773
389	837
389	874
389	935
390	259
390	275
390	442
390	488
390	661
390	709
390	765
391	157
391	491
391	549
391	637
391	949
391	956
391	986
392	349
392	422
392	509
392	564
392	578
392	860
392	1000
393	4
393	114
393	683
393	743
393	746
393	759
393	998
394	88
394	656
394	786
394	833
394	862
394	934
394	999
395	329
395	778
395	839
395	885
395	961
395	979
395	994
396	20
396	60
396	741
396	880
396	953
396	982
396	990
397	316
397	599
397	617
397	824
397	844
397	912
397	937
398	137
398	448
398	452
398	735
398	913
398	928
398	986
399	37
399	447
399	657
399	680
399	867
399	902
399	988
400	92
400	115
400	254
400	365
400	646
400	782
400	941
401	268
401	306
401	384
401	581
401	689
401	891
401	928
402	170
402	364
402	540
402	552
402	574
402	938
402	977
403	46
403	526
403	564
403	697
403	784
403	864
403	921
404	253
404	438
404	533
404	599
404	631
404	916
404	964
405	231
405	426
405	482
405	483
405	507
405	638
405	696
406	89
406	96
406	347
406	725
406	830
406	951
406	993
407	718
407	756
407	841
407	923
407	951
407	958
407	961
408	50
408	597
408	603
408	720
408	752
408	755
408	765
409	31
409	159
409	737
409	839
409	880
409	894
409	986
410	94
410	414
410	499
410	695
410	747
410	951
410	978
411	106
411	458
411	469
411	521
411	843
411	967
411	1000
412	91
412	177
412	180
412	292
412	826
412	917
412	937
413	119
413	486
413	548
413	569
413	576
413	783
413	842
414	85
414	169
414	264
414	410
414	451
414	933
414	999
415	71
415	222
415	557
415	730
415	912
415	955
415	986
416	555
416	790
416	791
416	834
416	840
416	914
416	919
417	421
417	588
417	693
417	861
417	876
417	919
417	932
418	209
418	335
418	376
418	444
418	716
418	829
418	883
419	533
419	748
419	772
419	784
419	848
419	863
419	949
420	613
420	760
420	841
420	853
420	897
420	903
420	916
421	368
421	417
421	605
421	742
421	822
421	907
421	956
422	233
422	299
422	332
422	392
422	509
422	524
422	795
423	522
423	605
423	608
423	808
423	832
423	892
423	929
424	205
424	387
424	525
424	556
424	609
424	826
424	930
425	783
425	807
425	847
425	875
425	957
425	962
425	998
426	60
426	102
426	156
426	405
426	722
426	727
426	976
427	764
427	800
427	809
427	813
427	851
427	859
427	950
428	201
428	594
428	615
428	846
428	951
428	958
428	959
429	149
429	387
429	492
429	740
429	764
429	788
429	940
430	111
430	112
430	488
430	660
430	840
430	987
430	991
431	313
431	774
431	812
431	915
431	941
431	944
431	962
432	40
432	693
432	811
432	904
432	937
432	978
432	993
433	278
433	622
433	694
433	784
433	930
433	974
433	990
434	344
434	802
434	854
434	901
434	942
434	964
434	989
435	187
435	306
435	315
435	506
435	540
435	625
435	983
436	47
436	199
436	490
436	740
436	803
436	840
436	967
437	11
437	547
437	686
437	834
437	904
437	909
437	990
438	165
438	228
438	404
438	584
438	646
438	810
438	848
439	169
439	493
439	594
439	703
439	877
439	884
439	942
440	353
440	477
440	612
440	758
440	905
440	914
440	969
441	488
441	568
441	655
441	660
441	783
441	844
441	945
442	268
442	390
442	556
442	688
442	742
442	853
442	922
443	465
443	539
443	652
443	818
443	877
443	927
443	999
444	418
444	596
444	642
444	688
444	695
444	786
444	966
445	448
445	776
445	804
445	899
445	903
445	932
445	991
446	457
446	530
446	552
446	645
446	654
446	798
446	934
447	10
447	59
447	232
447	281
447	399
447	581
447	883
448	286
448	398
448	445
448	618
448	623
448	755
448	933
449	594
449	886
449	927
449	938
449	955
449	983
449	987
450	6
450	353
450	461
450	597
450	693
450	735
450	736
451	121
451	212
451	323
451	414
451	782
451	865
451	901
452	150
452	398
452	798
452	913
452	925
452	931
452	984
453	350
453	464
453	804
453	851
453	889
453	954
453	966
454	137
454	230
454	706
454	746
454	861
454	924
454	952
455	275
455	619
455	712
455	957
455	960
455	965
455	1000
456	59
456	174
456	723
456	820
456	849
456	909
456	985
457	189
457	351
457	446
457	691
457	842
457	862
457	870
458	31
458	411
458	732
458	795
458	908
458	919
458	957
459	315
459	592
459	728
459	812
459	913
459	923
459	933
460	732
460	754
460	910
460	930
460	946
460	974
460	1000
461	366
461	450
461	508
461	798
461	805
461	915
461	975
462	202
462	647
462	683
462	750
462	874
462	895
462	908
463	331
463	490
463	514
463	593
463	763
463	819
463	896
464	13
464	280
464	453
464	815
464	890
464	963
464	1000
465	33
465	443
465	540
465	594
465	782
465	828
465	861
466	335
466	820
466	839
466	874
466	888
466	894
466	943
467	78
467	385
467	545
467	809
467	818
467	919
467	948
468	229
468	388
468	553
468	711
468	915
468	950
468	970
469	411
469	498
469	827
469	839
469	885
469	900
469	947
470	88
470	180
470	303
470	714
470	781
470	937
470	989
471	64
471	273
471	661
471	776
471	837
471	908
471	969
472	161
472	276
472	708
472	728
472	794
472	856
472	973
473	215
473	560
473	745
473	776
473	930
473	991
473	998
474	159
474	702
474	705
474	847
474	857
474	945
474	965
475	181
475	215
475	286
475	722
475	767
475	889
475	987
476	141
476	490
476	554
476	590
476	683
476	914
476	948
477	440
477	652
477	786
477	804
477	900
477	941
477	981
478	32
478	675
478	760
478	801
478	891
478	902
478	972
479	209
479	623
479	689
479	733
479	770
479	829
479	928
480	501
480	592
480	611
480	751
480	770
480	933
480	982
481	41
481	67
481	286
481	321
481	513
481	613
481	985
482	38
482	95
482	226
482	405
482	647
482	849
482	940
483	114
483	131
483	182
483	405
483	784
483	854
483	935
483	965
484	128
484	204
484	786
484	835
484	850
484	908
484	975
484	981
485	108
485	254
485	497
485	523
485	812
485	849
485	939
485	971
486	343
486	413
486	842
486	847
486	870
486	921
486	928
486	995
487	87
487	195
487	319
487	685
487	705
487	735
487	971
487	972
488	390
488	430
488	441
488	492
488	710
488	824
488	936
488	985
489	660
489	732
489	739
489	907
489	946
489	963
489	965
489	985
490	365
490	436
490	463
490	476
490	558
490	633
490	712
490	948
491	391
491	520
491	573
491	692
491	793
491	888
491	905
491	980
492	221
492	429
492	488
492	557
492	663
492	835
492	912
492	968
493	261
493	439
493	613
493	733
493	739
493	829
493	964
493	993
494	297
494	561
494	670
494	816
494	931
494	935
494	958
494	971
495	236
495	311
495	757
495	817
495	820
495	826
495	898
495	968
496	319
496	389
496	747
496	766
496	777
496	857
496	885
496	978
497	78
497	383
497	485
497	504
497	559
497	626
497	692
497	982
498	197
498	469
498	691
498	843
498	845
498	884
498	996
498	1000
499	410
499	595
499	649
499	659
499	728
499	804
499	941
499	956
500	34
500	202
500	340
500	522
500	725
500	770
500	834
500	857
501	61
501	216
501	480
501	811
501	913
501	929
501	981
501	984
502	227
502	615
502	831
502	903
502	904
502	922
502	935
502	963
503	50
503	372
503	699
503	866
503	899
503	941
503	991
503	997
504	231
504	497
504	625
504	771
504	787
504	864
504	942
504	972
505	169
505	209
505	305
505	692
505	853
505	856
505	924
505	978
506	435
506	507
506	678
506	725
506	733
506	891
506	923
506	988
507	405
507	506
507	641
507	681
507	696
507	737
507	836
507	920
508	155
508	229
508	320
508	385
508	461
508	646
508	834
508	904
509	167
509	254
509	392
509	422
509	574
509	762
509	869
509	906
510	296
510	548
510	576
510	764
510	777
510	805
510	842
510	846
511	244
511	627
511	763
511	793
511	821
511	845
511	905
511	966
512	219
512	301
512	541
512	612
512	676
512	758
512	804
512	900
513	215
513	262
513	302
513	481
513	591
513	772
513	901
513	926
514	222
514	463
514	641
514	712
514	751
514	823
514	965
514	972
515	83
515	746
515	761
515	876
515	925
515	970
515	975
515	993
516	693
516	701
516	758
516	889
516	896
516	911
516	920
516	966
517	80
517	582
517	584
517	653
517	794
517	854
517	942
517	982
518	181
518	554
518	587
518	724
518	733
518	936
518	958
518	984
519	137
519	241
519	375
519	599
519	840
519	877
519	948
519	967
520	48
520	491
520	571
520	671
520	892
520	980
520	994
520	996
521	346
521	350
521	411
521	546
521	661
521	707
521	902
521	940
522	284
522	389
522	423
522	500
522	654
522	861
522	939
522	985
523	95
523	485
523	559
523	762
523	812
523	944
523	970
523	976
524	1
524	55
524	422
524	837
524	858
524	953
524	979
524	997
525	148
525	300
525	333
525	424
525	580
525	740
525	955
525	983
526	88
526	171
526	376
526	403
526	792
526	883
526	888
526	947
527	243
527	274
527	637
527	706
527	791
527	855
527	957
527	994
528	551
528	583
528	752
528	831
528	903
528	959
528	965
528	979
529	34
529	128
529	360
529	608
529	761
529	904
529	934
529	993
530	189
530	446
530	625
530	765
530	842
530	847
530	853
530	871
531	293
531	687
531	803
531	813
531	911
531	930
531	974
531	990
532	40
532	52
532	143
532	247
532	266
532	343
532	886
532	887
533	101
533	151
533	251
533	373
533	404
533	419
533	882
533	902
534	161
534	689
534	762
534	770
534	859
534	920
534	921
534	949
535	34
535	221
535	278
535	537
535	604
535	665
535	704
535	905
536	250
536	687
536	690
536	695
536	832
536	917
536	954
536	959
537	332
537	535
537	731
537	855
537	934
537	939
537	966
537	989
538	2
538	795
538	908
538	925
538	938
538	942
538	960
538	999
539	119
539	443
539	543
539	650
539	924
539	944
539	975
539	996
540	402
540	435
540	465
540	744
540	797
540	808
540	906
540	954
541	229
541	379
541	512
541	731
541	878
541	920
541	956
541	966
542	117
542	543
542	565
542	617
542	681
542	710
542	718
542	963
543	539
543	542
543	709
543	841
543	917
543	923
543	954
543	961
544	103
544	136
544	190
544	575
544	597
544	750
544	796
544	798
545	42
545	212
545	467
545	563
545	709
545	748
545	973
545	994
546	220
546	277
546	521
546	670
546	761
546	803
546	924
546	983
547	157
547	437
547	619
547	774
547	813
547	917
547	994
547	995
548	116
548	256
548	413
548	510
548	736
548	768
548	806
548	955
549	70
549	110
549	367
549	391
549	607
549	667
549	925
549	951
550	117
550	376
550	552
550	679
550	753
550	821
550	827
550	934
551	43
551	528
551	660
551	754
551	758
551	897
551	903
551	975
552	97
552	376
552	402
552	446
552	550
552	699
552	971
552	996
553	117
553	468
553	612
553	680
553	762
553	770
553	878
553	979
554	107
554	476
554	518
554	658
554	662
554	747
554	858
554	997
555	155
555	416
555	611
555	647
555	711
555	788
555	925
555	950
556	424
556	442
556	560
556	709
556	835
556	896
556	906
556	954
557	415
557	492
557	915
557	937
557	950
557	973
557	991
557	997
558	237
558	358
558	490
558	606
558	634
558	862
558	895
558	921
559	91
559	497
559	523
559	591
559	654
559	962
559	964
559	973
560	334
560	369
560	473
560	556
560	564
560	685
560	692
560	951
561	494
561	711
561	907
561	950
561	958
561	970
561	981
561	993
562	106
562	784
562	808
562	809
562	827
562	845
562	970
562	988
563	173
563	545
563	783
563	844
563	938
563	941
563	942
563	971
564	196
564	392
564	403
564	560
564	701
564	711
564	866
564	871
565	10
565	542
565	605
565	707
565	715
565	841
565	868
565	961
566	4
566	609
566	695
566	846
566	852
566	858
566	935
566	953
567	65
567	266
567	324
567	711
567	789
567	852
567	899
567	960
568	116
568	326
568	385
568	441
568	588
568	761
568	858
568	955
569	190
569	413
569	570
569	574
569	719
569	816
569	829
569	862
570	317
570	569
570	632
570	633
570	803
570	914
570	967
570	987
571	520
571	649
571	688
571	768
571	782
571	836
571	949
571	952
572	186
572	361
572	659
572	831
572	897
572	903
572	942
572	967
573	491
573	585
573	634
573	769
573	836
573	908
573	916
573	918
574	194
574	199
574	402
574	509
574	569
574	624
574	719
574	778
574	828
575	287
575	299
575	320
575	544
575	646
575	694
575	838
575	886
575	910
576	166
576	291
576	327
576	413
576	510
576	710
576	870
576	874
576	895
577	100
577	180
577	183
577	690
577	740
577	826
577	860
577	934
577	956
578	40
578	54
578	370
578	392
578	636
578	674
578	720
578	775
578	960
579	32
579	70
579	228
579	334
579	349
579	685
579	744
579	813
579	959
580	126
580	244
580	525
580	583
580	675
580	711
580	915
580	941
580	970
581	401
581	447
581	667
581	669
581	671
581	771
581	882
581	920
581	958
582	121
582	219
582	517
582	699
582	739
582	844
582	938
582	987
582	991
583	12
583	259
583	271
583	361
583	528
583	580
583	729
583	760
583	999
584	207
584	223
584	438
584	517
584	670
584	766
584	816
584	895
584	983
585	573
585	685
585	769
585	864
585	873
585	918
585	921
585	931
585	962
586	103
586	207
586	307
586	360
586	625
586	817
586	923
586	931
586	933
587	35
587	518
587	693
587	742
587	776
587	861
587	987
587	991
587	998
588	19
588	96
588	417
588	568
588	686
588	724
588	794
588	880
588	993
589	44
589	50
589	185
589	322
589	335
589	797
589	839
589	893
589	897
590	214
590	365
590	380
590	476
590	721
590	801
590	803
590	914
590	991
591	198
591	239
591	253
591	288
591	388
591	513
591	559
591	682
591	771
592	215
592	242
592	459
592	480
592	604
592	656
592	687
592	853
592	931
593	98
593	174
593	298
593	463
593	611
593	632
593	909
593	975
593	986
594	27
594	111
594	333
594	428
594	439
594	449
594	465
594	884
594	936
595	45
595	386
595	499
595	621
595	649
595	688
595	771
595	903
595	949
596	288
596	444
596	610
596	642
596	762
596	810
596	856
596	899
596	946
597	79
597	408
597	450
597	544
597	798
597	816
597	916
597	924
597	930
598	144
598	223
598	667
598	852
598	882
598	916
598	919
598	950
598	958
599	264
599	397
599	404
599	519
599	638
599	717
599	762
599	815
599	838
600	315
600	647
600	666
600	720
600	780
600	790
600	839
600	894
600	996
601	38
601	122
601	624
601	656
601	743
601	789
601	825
601	850
601	974
602	43
602	220
602	295
602	303
602	714
602	727
602	813
602	836
602	971
603	408
603	618
603	640
603	734
603	788
603	812
603	825
603	911
603	966
604	9
604	18
604	275
604	535
604	592
604	640
604	871
604	922
604	942
605	352
605	421
605	423
605	565
605	722
605	775
605	934
605	985
605	989
606	45
606	104
606	262
606	558
606	651
606	754
606	865
606	909
606	963
607	248
607	549
607	669
607	843
607	882
607	889
607	915
607	945
607	950
608	170
608	298
608	353
608	423
608	529
608	723
608	845
608	945
608	952
609	183
609	226
609	424
609	566
609	644
609	809
609	890
609	918
609	955
610	152
610	282
610	309
610	596
610	689
610	797
610	913
610	943
610	945
611	1
611	480
611	555
611	593
611	838
611	872
611	884
611	896
611	905
612	265
612	273
612	376
612	440
612	512
612	553
612	676
612	758
612	966
613	420
613	481
613	493
613	787
613	889
613	942
613	943
613	985
613	999
614	25
614	307
614	674
614	801
614	814
614	859
614	916
614	947
614	948
615	75
615	206
615	361
615	428
615	502
615	620
615	676
615	771
615	897
616	63
616	671
616	752
616	776
616	839
616	894
616	932
616	987
616	998
617	103
617	217
617	397
617	542
617	666
617	902
617	963
617	988
617	1000
618	18
618	141
618	448
618	603
618	620
618	621
618	665
618	899
618	937
619	203
619	455
619	547
619	782
619	789
619	841
619	892
619	961
619	962
620	615
620	618
620	706
620	743
620	927
620	932
620	987
620	997
620	998
621	111
621	228
621	595
621	618
621	622
621	692
621	761
621	810
621	821
622	433
622	621
622	634
622	701
622	708
622	799
622	815
622	886
622	997
623	155
623	448
623	479
623	751
623	777
623	840
623	890
623	895
623	933
624	5
624	373
624	387
624	574
624	601
624	656
624	764
624	810
624	833
625	358
625	435
625	504
625	530
625	586
625	626
625	933
625	956
625	984
626	113
626	378
626	497
626	625
626	705
626	769
626	822
626	866
626	962
627	142
627	156
627	388
627	511
627	668
627	769
627	851
627	862
627	864
627	918
628	630
628	683
628	729
628	732
628	756
628	778
628	852
628	869
628	873
628	992
629	58
629	255
629	639
629	651
629	745
629	899
629	914
629	973
629	987
629	991
630	33
630	184
630	304
630	628
630	666
630	835
630	927
630	929
630	987
630	998
631	320
631	373
631	404
631	634
631	637
631	717
631	753
631	845
631	852
631	911
632	129
632	570
632	593
632	786
632	802
632	861
632	881
632	941
632	977
632	981
633	58
633	317
633	365
633	490
633	570
633	715
633	791
633	860
633	942
633	965
634	558
634	573
634	622
634	631
634	649
634	830
634	864
634	921
634	936
634	999
635	9
635	90
635	235
635	746
635	826
635	873
635	880
635	957
635	983
635	992
636	74
636	578
636	714
636	740
636	781
636	805
636	857
636	888
636	939
636	989
637	86
637	391
637	527
637	631
637	663
637	818
637	873
637	875
637	908
637	964
638	87
638	99
638	383
638	405
638	599
638	646
638	781
638	815
638	838
638	911
639	324
639	629
639	640
639	838
639	841
639	867
639	875
639	915
639	960
639	995
640	228
640	359
640	370
640	603
640	604
640	639
640	656
640	755
640	757
640	960
641	221
641	362
641	378
641	507
641	514
641	700
641	795
641	803
641	815
641	966
642	352
642	444
642	596
642	716
642	748
642	762
642	856
642	870
642	879
642	920
643	30
643	173
643	348
643	648
643	813
643	814
643	828
643	904
643	971
643	977
644	52
644	177
644	198
644	242
644	251
644	384
644	609
644	864
644	893
644	936
645	28
645	236
645	283
645	446
645	651
645	754
645	773
645	978
645	980
645	996
646	400
646	438
646	508
646	575
646	638
646	664
646	815
646	886
646	952
646	975
647	462
647	482
647	555
647	600
647	778
647	814
647	818
647	831
647	873
647	992
648	70
648	643
648	654
648	674
648	774
648	878
648	917
648	960
648	970
648	995
649	28
649	499
649	571
649	595
649	634
649	725
649	779
649	918
649	947
649	986
650	6
650	39
650	159
650	539
650	735
650	750
650	768
650	794
650	877
650	1000
651	165
651	243
651	367
651	606
651	629
651	645
651	795
651	911
651	964
651	985
652	443
652	477
652	723
652	783
652	807
652	844
652	901
652	938
652	963
652	975
653	160
653	218
653	517
653	655
653	827
653	946
653	969
653	974
653	990
653	991
654	284
654	446
654	522
654	559
654	648
654	722
654	723
654	759
654	832
654	955
655	157
655	441
655	653
655	865
655	920
655	944
655	947
655	962
655	985
655	999
656	76
656	352
656	394
656	592
656	601
656	624
656	640
656	833
656	850
656	980
657	181
657	399
657	724
657	801
657	912
657	913
657	928
657	939
657	977
657	984
658	198
658	243
658	554
658	686
658	818
658	858
658	893
658	935
658	995
658	997
659	299
659	386
659	499
659	572
659	674
659	703
659	846
659	869
659	911
659	1000
660	42
660	127
660	165
660	430
660	441
660	489
660	551
660	844
660	878
660	929
661	302
661	368
661	390
661	471
661	521
661	759
661	832
661	846
661	849
661	978
662	20
662	81
662	317
662	554
662	789
662	802
662	918
662	943
662	949
662	956
663	86
663	492
663	637
663	778
663	847
663	904
663	925
663	979
663	992
663	994
664	176
664	232
664	646
664	669
664	780
664	801
664	945
664	969
664	988
664	1000
665	55
665	152
665	535
665	618
665	685
665	710
665	748
665	860
665	912
665	996
666	600
666	617
666	630
666	672
666	839
666	880
666	893
666	932
666	934
666	954
667	64
667	230
667	549
667	581
667	598
667	669
667	700
667	711
667	927
667	978
668	94
668	120
668	372
668	627
668	737
668	747
668	777
668	800
668	950
668	996
669	581
669	607
669	664
669	667
669	675
669	897
669	915
669	943
669	966
669	994
670	174
670	279
670	494
670	546
670	584
670	774
670	836
670	913
670	939
670	977
671	14
671	67
671	520
671	581
671	616
671	696
671	727
671	777
671	795
671	965
672	33
672	48
672	181
672	213
672	666
672	851
672	870
672	874
672	894
672	991
673	59
673	62
673	279
673	686
673	713
673	779
673	812
673	868
673	891
673	952
674	64
674	334
674	578
674	614
674	648
674	659
674	916
674	926
674	943
674	961
675	53
675	478
675	580
675	669
675	678
675	859
675	882
675	950
675	955
675	970
676	116
676	187
676	240
676	330
676	512
676	612
676	615
676	679
676	928
676	984
677	105
677	228
677	247
677	716
677	729
677	815
677	884
677	907
677	911
677	935
678	506
678	675
678	782
678	791
678	891
678	923
678	957
678	969
678	982
678	988
679	130
679	210
679	550
679	676
679	805
679	921
679	931
679	934
679	939
679	987
680	185
680	344
680	399
680	553
680	759
680	867
680	872
680	890
680	898
680	932
680	978
681	29
681	54
681	193
681	339
681	507
681	542
681	690
681	912
681	917
681	941
681	995
682	231
682	591
682	757
682	776
682	780
682	787
682	907
682	931
682	944
682	962
682	999
683	154
683	393
683	462
683	476
683	628
683	796
683	798
683	802
683	869
683	957
683	971
684	170
684	172
684	742
684	746
684	757
684	820
684	876
684	879
684	968
684	980
684	998
685	127
685	487
685	560
685	579
685	585
685	665
685	701
685	843
685	898
685	923
685	969
686	167
686	263
686	437
686	588
686	658
686	673
686	761
686	810
686	919
686	984
686	993
687	73
687	82
687	531
687	536
687	592
687	698
687	774
687	775
687	789
687	823
687	844
688	345
688	442
688	444
688	571
688	595
688	728
688	754
688	757
688	768
688	906
688	986
689	242
689	369
689	401
689	479
689	534
689	610
689	798
689	898
689	926
689	931
689	944
690	119
690	536
690	577
690	681
690	692
690	744
690	778
690	835
690	871
690	887
690	951
691	93
691	144
691	174
691	244
691	314
691	457
691	498
691	770
691	819
691	845
691	909
692	264
692	491
692	497
692	505
692	560
692	621
692	690
692	754
692	817
692	980
692	996
693	83
693	118
693	417
693	432
693	450
693	516
693	587
693	702
693	876
693	987
693	993
694	29
694	331
694	433
694	575
694	699
694	806
694	929
694	959
694	964
694	985
694	999
695	258
695	283
695	410
695	444
695	536
695	566
695	745
695	773
695	805
695	935
695	966
696	15
696	234
696	405
696	507
696	671
696	727
696	777
696	784
696	785
696	795
696	898
697	235
697	403
697	740
697	796
697	895
697	946
697	972
697	979
697	986
697	992
697	995
698	27
698	242
698	382
698	687
698	802
698	816
698	837
698	867
698	932
698	960
698	995
699	216
699	503
699	552
699	582
699	694
699	716
699	799
699	821
699	835
699	866
699	941
700	66
700	197
700	260
700	362
700	641
700	667
700	712
700	871
700	891
700	965
700	979
701	274
701	278
701	318
701	332
701	361
701	516
701	564
701	622
701	685
701	926
701	967
702	42
702	250
702	359
702	374
702	474
702	693
702	709
702	748
702	824
702	991
702	997
703	76
703	190
703	439
703	659
703	733
703	740
703	779
703	783
703	933
703	963
703	966
704	15
704	164
704	270
704	535
704	710
704	724
704	818
704	824
704	834
704	912
704	977
705	230
705	248
705	474
705	487
705	626
705	723
705	806
705	819
705	923
705	945
705	976
706	65
706	374
706	454
706	527
706	620
706	708
706	713
706	746
706	862
706	885
706	931
707	14
707	75
707	130
707	345
707	521
707	565
707	888
707	890
707	902
707	928
707	972
708	110
708	171
708	472
708	622
708	706
708	741
708	813
708	946
708	970
708	982
708	990
709	390
709	543
709	545
709	556
709	702
709	730
709	783
709	908
709	937
709	973
709	994
710	191
710	289
710	347
710	488
710	542
710	576
710	665
710	704
710	730
710	848
710	897
711	468
711	555
711	561
711	564
711	567
711	580
711	667
711	918
711	925
711	927
711	962
712	46
712	83
712	131
712	164
712	455
712	490
712	514
712	700
712	785
712	795
712	799
713	6
713	85
713	105
713	363
713	364
713	673
713	706
713	757
713	794
713	885
713	968
714	130
714	296
714	337
714	470
714	602
714	636
714	737
714	882
714	893
714	939
714	989
715	17
715	112
715	329
715	371
715	565
715	633
715	830
715	879
715	886
715	936
715	967
716	194
716	255
716	418
716	642
716	677
716	699
716	877
716	899
716	932
716	954
716	991
717	210
717	251
717	599
717	631
717	722
717	767
717	796
717	821
717	837
717	886
717	973
718	127
718	200
718	357
718	407
718	542
718	725
718	744
718	825
718	841
718	897
718	961
719	61
719	204
719	249
719	297
719	569
719	574
719	727
719	763
719	833
719	859
719	883
719	971
720	5
720	44
720	408
720	578
720	600
720	724
720	880
720	893
720	894
720	989
720	995
720	1000
721	223
721	270
721	309
721	344
721	590
721	764
721	791
721	840
721	890
721	914
721	928
721	967
722	35
722	82
722	426
722	475
722	605
722	654
722	717
722	724
722	759
722	922
722	962
722	991
723	128
723	363
723	456
723	608
723	652
723	654
723	705
723	785
723	820
723	832
723	945
723	961
724	61
724	242
724	518
724	588
724	657
724	704
724	720
724	722
724	892
724	913
724	926
724	928
725	341
725	406
725	500
725	506
725	649
725	718
725	810
725	811
725	880
725	904
725	919
725	977
726	136
726	195
726	318
726	734
726	778
726	805
726	855
726	957
726	968
726	969
726	979
726	994
727	67
727	68
727	220
727	426
727	602
727	671
727	696
727	719
727	737
727	795
727	867
727	986
728	268
728	274
728	297
728	459
728	472
728	499
728	688
728	768
728	847
728	891
728	949
728	986
729	75
729	213
729	267
729	281
729	583
729	628
729	677
729	760
729	773
729	852
729	972
729	973
730	415
730	709
730	710
730	742
730	748
730	763
730	819
730	894
730	937
730	958
730	973
730	982
731	17
731	234
731	337
731	537
731	541
731	778
731	781
731	825
731	827
731	866
731	934
731	939
732	245
732	360
732	458
732	460
732	489
732	628
732	736
732	772
732	818
732	992
732	993
732	995
733	356
733	479
733	493
733	506
733	518
733	703
733	751
733	924
733	931
733	933
733	945
733	986
734	191
734	260
734	321
734	603
734	726
734	748
734	755
734	757
734	765
734	895
734	921
734	923
735	16
735	136
735	398
735	450
735	487
735	650
735	750
735	839
735	924
735	961
735	975
735	983
736	16
736	90
736	205
736	325
736	450
736	548
736	732
736	739
736	873
736	881
736	946
736	994
737	14
737	68
737	362
737	409
737	507
737	668
737	714
737	727
737	745
737	803
737	862
737	965
738	41
738	89
738	109
738	124
738	155
738	195
738	261
738	333
738	745
738	932
738	952
738	955
739	489
739	493
739	582
739	736
739	765
739	778
739	816
739	844
739	865
739	913
739	942
739	999
740	88
740	91
740	429
740	436
740	525
740	577
740	636
740	697
740	703
740	850
740	872
740	965
741	81
741	126
741	387
741	396
741	708
741	745
741	887
741	927
741	930
741	946
741	982
741	990
742	354
742	421
742	442
742	587
742	684
742	730
742	759
742	776
742	832
742	861
742	873
742	992
743	141
743	163
743	298
743	311
743	393
743	601
743	620
743	768
743	849
743	926
743	968
743	988
744	64
744	540
744	579
744	690
744	718
744	835
744	853
744	939
744	943
744	966
744	977
744	988
745	473
745	629
745	695
745	737
745	738
745	741
745	748
745	837
745	874
745	927
745	987
745	998
746	2
746	62
746	305
746	312
746	393
746	454
746	515
746	635
746	684
746	706
746	785
746	887
747	19
747	208
747	224
747	290
747	314
747	319
747	410
747	496
747	554
747	668
747	980
747	996
748	340
748	370
748	419
748	545
748	642
748	665
748	702
748	730
748	734
748	745
748	811
748	989
749	151
749	209
749	263
749	342
749	377
749	767
749	812
749	821
749	855
749	885
749	907
749	942
750	162
750	249
750	462
750	544
750	650
750	735
750	907
750	924
750	945
750	973
750	975
750	994
751	240
751	260
751	480
751	514
751	623
751	733
751	755
751	840
751	842
751	933
751	951
751	984
752	18
752	135
752	172
752	241
752	272
752	359
752	370
752	408
752	528
752	616
752	879
752	973
753	47
753	76
753	99
753	117
753	269
753	550
753	631
753	771
753	883
753	939
753	989
753	993
754	460
754	551
754	606
754	645
754	688
754	692
754	892
754	921
754	978
754	980
754	982
754	996
755	71
755	113
755	140
755	171
755	408
755	448
755	640
755	734
755	751
755	788
755	878
755	937
756	73
756	105
756	218
756	407
756	628
756	774
756	780
756	789
756	948
756	961
756	968
756	995
757	62
757	495
757	640
757	682
757	684
757	688
757	713
757	734
757	849
757	940
757	952
757	963
758	72
758	77
758	116
758	440
758	512
758	516
758	551
758	612
758	808
758	878
758	945
758	966
759	133
759	273
759	393
759	654
759	661
759	680
759	722
759	742
759	776
759	787
759	816
759	821
760	349
760	420
760	478
760	583
760	729
760	783
760	800
760	826
760	852
760	861
760	903
760	972
761	341
761	515
761	529
761	546
761	568
761	621
761	686
761	811
761	852
761	863
761	864
761	973
762	276
762	389
762	509
762	523
762	534
762	553
762	596
762	599
762	642
762	889
762	965
762	973
763	152
763	289
763	463
763	511
763	719
763	730
763	765
763	768
763	785
763	819
763	896
763	905
763	912
764	91
764	427
764	429
764	510
764	624
764	721
764	787
764	806
764	850
764	917
764	955
764	965
764	999
765	390
765	408
765	530
765	734
765	739
765	763
765	867
765	912
765	917
765	937
765	973
765	984
765	988
766	51
766	132
766	239
766	337
766	496
766	584
766	785
766	794
766	829
766	888
766	971
766	972
766	986
767	475
767	717
767	749
767	789
767	815
767	838
767	857
767	882
767	888
767	901
767	907
767	911
767	934
768	355
768	363
768	548
768	571
768	650
768	688
768	728
768	743
768	763
768	819
768	922
768	966
768	986
769	149
769	233
769	265
769	303
769	322
769	573
769	585
769	626
769	627
769	863
769	874
769	918
769	946
770	33
770	206
770	479
770	480
770	500
770	534
770	553
770	691
770	846
770	856
770	878
770	889
770	920
771	239
771	246
771	253
771	504
771	581
771	591
771	595
771	615
771	753
771	822
771	944
771	962
771	971
772	71
772	350
772	419
772	513
772	732
772	782
772	800
772	808
772	814
772	868
772	900
772	916
772	953
773	243
773	328
773	341
773	379
773	389
773	645
773	695
773	729
773	858
773	881
773	892
773	953
773	997
774	48
774	343
774	431
774	547
774	648
774	670
774	687
774	756
774	775
774	779
774	784
774	960
774	977
775	292
775	339
775	578
775	605
775	687
775	774
775	842
775	865
775	881
775	917
775	950
775	960
775	984
776	37
776	82
776	162
776	445
776	471
776	473
776	587
776	616
776	682
776	742
776	759
776	807
776	832
777	175
777	255
777	496
777	510
777	623
777	668
777	671
777	696
777	890
777	892
777	978
777	980
777	995
778	326
778	395
778	574
778	628
778	647
778	663
778	690
778	726
778	731
778	739
778	974
778	979
778	983
779	69
779	357
779	367
779	649
779	673
779	703
779	774
779	783
779	850
779	937
779	963
779	988
779	999
780	108
780	250
780	327
780	600
780	664
780	682
780	756
780	781
780	787
780	807
780	875
780	879
780	964
781	8
781	130
781	470
781	636
781	638
781	731
781	780
781	891
781	916
781	920
781	934
781	939
781	957
782	133
782	388
782	400
782	451
782	465
782	571
782	619
782	678
782	772
782	786
782	841
782	881
782	981
783	297
783	413
783	425
783	441
783	563
783	652
783	703
783	709
783	760
783	779
783	884
783	901
783	999
784	14
784	31
784	403
784	419
784	433
784	483
784	562
784	696
784	774
784	808
784	827
784	848
784	900
785	56
785	174
785	696
785	712
785	723
785	746
785	763
785	766
785	884
785	896
785	909
785	974
785	990
786	123
786	128
786	262
786	394
786	444
786	477
786	484
786	632
786	782
786	879
786	881
786	883
786	941
787	80
787	102
787	106
787	253
787	504
787	613
787	682
787	759
787	764
787	780
787	812
787	875
787	944
788	22
788	188
788	218
788	429
788	555
788	603
788	755
788	824
788	836
788	950
788	958
788	962
788	985
789	51
789	292
789	346
789	567
789	601
789	619
789	662
789	687
789	756
789	767
789	841
789	905
789	995
790	212
790	270
790	381
790	416
790	600
790	798
790	803
790	820
790	834
790	857
790	879
790	914
790	967
791	180
791	184
791	416
791	527
791	633
791	678
791	721
791	823
791	838
791	879
791	948
791	953
791	971
792	51
792	98
792	226
792	239
792	309
792	325
792	526
792	836
792	850
792	854
792	883
792	971
792	983
793	13
793	162
793	186
793	282
793	491
793	511
793	796
793	799
793	853
793	857
793	974
793	978
793	980
794	36
794	108
794	171
794	293
794	472
794	517
794	588
794	650
794	713
794	766
794	930
794	974
794	982
795	102
795	422
795	458
795	538
795	641
795	651
795	671
795	696
795	712
795	727
795	830
795	974
795	978
796	59
796	384
796	544
796	683
796	697
796	717
796	793
796	802
796	840
796	855
796	880
796	895
796	979
797	86
797	170
797	299
797	540
797	589
797	610
797	855
797	881
797	926
797	943
797	951
797	959
797	983
798	7
798	39
798	45
798	446
798	452
798	461
798	544
798	597
798	683
798	689
798	790
798	946
798	975
799	49
799	89
799	132
799	154
799	175
799	622
799	699
799	712
799	793
799	810
799	907
799	911
799	980
800	60
800	68
800	122
800	427
800	668
800	760
800	772
800	808
800	809
800	825
800	854
800	917
800	965
801	184
801	319
801	478
801	590
801	614
801	657
801	664
801	811
801	843
801	867
801	913
801	923
801	978
801	1000
802	129
802	165
802	195
802	434
802	632
802	662
802	683
802	698
802	796
802	810
802	895
802	957
802	992
802	994
803	8
803	270
803	291
803	436
803	531
803	546
803	570
803	590
803	641
803	737
803	790
803	914
803	959
803	984
804	93
804	203
804	353
804	358
804	445
804	453
804	477
804	499
804	512
804	808
804	883
804	889
804	966
804	970
805	315
805	328
805	461
805	510
805	636
805	679
805	695
805	726
805	837
805	858
805	935
805	953
805	993
805	997
806	10
806	122
806	177
806	301
806	548
806	694
806	705
806	764
806	826
806	838
806	850
806	936
806	939
806	940
807	143
807	224
807	232
807	293
807	294
807	370
807	425
807	652
807	776
807	780
807	812
807	814
807	822
807	875
808	154
808	423
808	540
808	562
808	758
808	772
808	784
808	800
808	804
808	823
808	854
808	863
808	875
808	947
809	3
809	56
809	110
809	205
809	269
809	427
809	467
809	562
809	609
809	800
809	814
809	859
809	900
809	906
810	139
810	209
810	310
810	438
810	596
810	621
810	624
810	686
810	725
810	799
810	802
810	828
810	907
810	911
811	257
811	340
811	432
811	501
811	725
811	748
811	761
811	801
811	816
811	817
811	898
811	904
811	919
811	993
812	327
812	431
812	459
812	485
812	523
812	603
812	673
812	749
812	787
812	807
812	862
812	872
812	875
812	886
813	272
813	277
813	297
813	427
813	531
813	547
813	579
813	602
813	643
813	708
813	816
813	836
813	949
813	983
814	179
814	322
814	357
814	614
814	643
814	647
814	772
814	807
814	809
814	825
814	827
814	873
814	918
814	947
815	49
815	312
815	464
815	599
815	622
815	638
815	641
815	646
815	677
815	767
815	915
815	927
815	934
815	980
816	381
816	494
816	569
816	584
816	597
816	698
816	739
816	759
816	811
816	813
816	828
816	902
816	977
816	983
817	149
817	159
817	261
817	312
817	316
817	495
817	586
817	692
817	811
817	818
817	849
817	945
817	956
817	975
818	443
818	467
818	637
818	647
818	658
818	704
818	732
818	817
818	824
818	865
818	873
818	957
818	979
818	992
819	26
819	206
819	463
819	691
819	705
819	730
819	763
819	768
819	854
819	884
819	905
819	909
819	940
819	960
820	164
820	306
820	456
820	466
820	495
820	684
820	723
820	790
820	831
820	840
820	952
820	968
820	981
820	993
821	112
821	203
821	216
821	310
821	373
821	511
821	550
821	621
821	699
821	717
821	749
821	759
821	881
821	886
822	41
822	58
822	228
822	285
822	310
822	326
822	421
822	626
822	771
822	807
822	884
822	944
822	962
822	964
823	129
823	142
823	166
823	189
823	291
823	305
823	514
823	687
823	791
823	808
823	842
823	847
823	938
823	946
824	15
824	193
824	397
824	488
824	702
824	704
824	788
824	818
824	859
824	905
824	914
824	937
824	960
824	973
825	12
825	55
825	601
825	603
825	718
825	731
825	800
825	814
825	848
825	854
825	859
825	896
825	906
825	916
826	11
826	338
826	412
826	424
826	495
826	577
826	635
826	760
826	806
826	833
826	849
826	882
826	936
826	955
827	284
827	357
827	469
827	550
827	562
827	653
827	731
827	784
827	814
827	862
827	900
827	947
827	957
827	992
828	232
828	329
828	465
828	574
828	643
828	810
828	816
828	829
828	872
828	901
828	908
828	974
828	977
828	983
829	97
829	213
829	418
829	479
829	493
829	569
829	766
829	828
829	876
829	913
829	943
829	948
829	977
829	983
830	36
830	41
830	46
830	322
830	371
830	406
830	634
830	715
830	795
830	862
830	864
830	918
830	921
830	924
831	44
831	123
831	188
831	267
831	313
831	502
831	528
831	572
831	647
831	820
831	852
831	897
831	930
831	987
832	141
832	200
832	262
832	323
832	352
832	423
832	536
832	654
832	661
832	723
832	742
832	776
832	859
832	957
833	57
833	95
833	182
833	339
833	387
833	394
833	624
833	656
833	719
833	826
833	838
833	920
833	923
833	955
834	3
834	60
834	78
834	370
834	416
834	437
834	500
834	508
834	704
834	790
834	842
834	876
834	904
834	919
835	249
835	264
835	274
835	484
835	492
835	556
835	630
835	690
835	699
835	744
835	846
835	906
835	943
835	946
836	89
836	97
836	169
836	507
836	571
836	573
836	602
836	670
836	788
836	792
836	813
836	863
836	888
836	961
837	207
837	234
837	283
837	389
837	471
837	524
837	698
837	717
837	745
837	805
837	884
837	935
837	953
837	989
837	997
838	19
838	377
838	575
838	599
838	611
838	638
838	639
838	767
838	791
838	806
838	833
838	855
838	858
838	886
838	911
839	300
839	301
839	351
839	395
839	409
839	466
839	469
839	589
839	600
839	616
839	666
839	735
839	876
839	893
839	990
840	200
840	266
840	329
840	381
840	416
840	430
840	436
840	519
840	623
840	721
840	751
840	796
840	820
840	879
840	967
841	227
841	233
841	284
841	386
841	407
841	420
841	543
841	565
841	619
841	639
841	718
841	782
841	789
841	941
841	987
842	118
842	285
842	305
842	308
842	413
842	457
842	486
842	510
842	530
842	751
842	775
842	823
842	834
842	870
842	938
843	255
843	383
843	411
843	498
843	607
843	685
843	801
843	847
843	851
843	872
843	898
843	926
843	949
843	988
843	990
844	53
844	210
844	319
844	397
844	441
844	563
844	582
844	652
844	660
844	687
844	739
844	870
844	887
844	929
844	999
845	30
845	52
845	206
845	238
845	244
845	498
845	511
845	562
845	608
845	631
845	691
845	874
845	905
845	909
845	954
846	428
846	510
846	566
846	659
846	661
846	770
846	835
846	860
846	871
846	887
846	918
846	950
846	954
846	959
846	982
847	39
847	129
847	245
847	256
847	296
847	425
847	474
847	486
847	530
847	663
847	728
847	823
847	843
847	870
847	964
848	84
848	419
848	438
848	710
848	784
848	825
848	854
848	859
848	863
848	885
848	892
848	897
848	906
848	908
848	947
849	67
849	141
849	192
849	314
849	456
849	482
849	485
849	661
849	743
849	757
849	817
849	826
849	869
849	952
849	968
850	73
850	140
850	484
850	601
850	656
850	740
850	764
850	779
850	792
850	806
850	865
850	903
850	936
850	940
850	993
851	290
851	296
851	427
851	453
851	627
851	672
851	843
851	867
851	890
851	891
851	898
851	910
851	923
851	944
851	988
852	43
852	75
852	156
852	219
852	271
852	566
852	567
852	598
852	628
852	631
852	729
852	760
852	761
852	831
852	903
853	358
853	420
853	442
853	505
853	530
853	592
853	744
853	793
853	857
853	892
853	903
853	914
853	935
853	978
853	980
854	84
854	203
854	434
854	483
854	517
854	792
854	800
854	808
854	819
854	825
854	848
854	856
854	863
854	900
854	916
855	1
855	9
855	263
855	527
855	537
855	726
855	749
855	796
855	797
855	838
855	908
855	967
855	987
855	992
855	994
856	160
856	203
856	223
856	340
856	374
856	472
856	505
856	596
856	642
856	770
856	854
856	889
856	897
856	921
856	998
857	13
857	94
857	169
857	182
857	474
857	496
857	500
857	636
857	767
857	790
857	793
857	853
857	892
857	942
857	989
858	107
858	144
858	240
858	373
858	524
858	554
858	566
858	568
858	658
858	773
858	805
858	838
858	868
858	871
858	882
859	31
859	427
859	534
859	614
859	675
859	719
859	809
859	824
859	825
859	832
859	848
859	860
859	863
859	900
859	944
859	996
860	61
860	152
860	194
860	288
860	359
860	385
860	392
860	577
860	633
860	665
860	846
860	859
860	887
860	926
860	951
860	959
861	34
861	35
861	67
861	82
861	112
861	248
861	352
861	417
861	454
861	465
861	522
861	587
861	632
861	742
861	760
861	896
862	146
862	265
862	321
862	394
862	457
862	558
862	569
862	627
862	706
862	737
862	812
862	827
862	830
862	887
862	921
862	948
863	25
863	58
863	187
863	315
863	357
863	419
863	761
863	769
863	808
863	836
863	848
863	854
863	859
863	867
863	916
863	980
864	20
864	233
864	366
864	403
864	504
864	585
864	627
864	634
864	644
864	761
864	830
864	878
864	918
864	921
864	976
864	979
865	167
865	202
865	226
865	451
865	606
865	655
865	739
865	775
865	818
865	850
865	868
865	873
865	893
865	901
865	931
865	964
866	12
866	175
866	193
866	214
866	304
866	503
866	564
866	626
866	699
866	731
866	899
866	932
866	937
866	957
866	998
866	999
867	3
867	399
867	639
867	680
867	698
867	727
867	765
867	801
867	851
867	863
867	910
867	923
867	937
867	972
867	988
867	997
868	53
868	80
868	85
868	173
868	331
868	344
868	565
868	673
868	772
868	858
868	865
868	929
868	938
868	983
868	985
868	999
869	101
869	225
869	341
869	342
869	354
869	509
869	628
869	659
869	683
869	849
869	871
869	896
869	932
869	943
869	959
869	964
870	46
870	116
870	129
870	275
870	280
870	296
870	457
870	486
870	576
870	642
870	672
870	842
870	844
870	847
870	981
870	990
871	250
871	262
871	332
871	379
871	530
871	564
871	604
871	690
871	700
871	846
871	858
871	869
871	912
871	943
871	951
871	964
872	77
872	87
872	255
872	300
872	335
872	383
872	611
872	680
872	740
872	812
872	828
872	843
872	876
872	891
872	898
872	969
873	338
873	355
873	585
873	628
873	635
873	637
873	647
873	736
873	742
873	814
873	818
873	865
873	895
873	904
873	911
873	994
874	5
874	48
874	50
874	335
874	389
874	462
874	466
874	576
874	672
874	745
874	769
874	845
874	876
874	880
874	890
874	893
875	42
875	113
875	147
875	294
875	325
875	327
875	425
875	637
875	639
875	780
875	787
875	807
875	808
875	812
875	876
875	950
876	11
876	83
876	185
876	341
876	347
876	377
876	417
876	515
876	684
876	693
876	829
876	834
876	839
876	872
876	874
876	875
877	111
877	199
877	216
877	329
877	333
877	439
877	443
877	519
877	650
877	716
877	879
877	899
877	990
877	991
877	992
877	1000
878	121
878	160
878	541
878	553
878	648
878	660
878	755
878	758
878	770
878	864
878	914
878	919
878	920
878	953
878	961
878	966
879	329
879	381
879	642
879	684
879	715
879	752
879	780
879	786
879	790
879	791
879	840
879	877
879	894
879	896
879	914
879	948
880	23
880	124
880	213
880	301
880	351
880	396
880	409
880	588
880	635
880	666
880	720
880	725
880	796
880	874
880	893
880	927
881	99
881	115
881	254
881	632
881	736
881	773
881	775
881	782
881	786
881	797
881	821
881	941
881	945
881	958
881	961
881	981
882	142
882	196
882	533
882	581
882	598
882	607
882	675
882	714
882	767
882	826
882	858
882	915
882	925
882	958
882	967
882	970
883	72
883	115
883	144
883	277
883	285
883	418
883	447
883	526
883	719
883	753
883	786
883	792
883	804
883	888
883	965
883	970
884	238
884	439
884	498
884	594
884	611
884	677
884	783
884	785
884	819
884	822
884	837
884	896
884	905
884	909
884	969
884	980
885	115
885	153
885	172
885	273
885	279
885	333
885	395
885	469
885	496
885	706
885	713
885	749
885	848
885	945
885	952
885	968
885	976
886	26
886	65
886	135
886	227
886	270
886	299
886	449
886	532
886	575
886	622
886	646
886	715
886	717
886	812
886	821
886	838
886	911
887	49
887	163
887	238
887	257
887	274
887	282
887	532
887	690
887	741
887	746
887	844
887	846
887	860
887	862
887	900
887	926
887	954
888	51
888	160
888	220
888	364
888	466
888	491
888	526
888	636
888	707
888	766
888	767
888	836
888	883
888	908
888	923
888	977
888	995
889	7
889	21
889	93
889	97
889	121
889	201
889	324
889	453
889	475
889	516
889	607
889	613
889	762
889	770
889	804
889	856
889	966
890	6
890	280
890	304
890	360
890	464
890	609
890	623
890	680
890	707
890	721
890	777
890	851
890	874
890	894
890	898
890	923
890	1000
891	66
891	125
891	251
891	350
891	380
891	401
891	478
891	506
891	673
891	678
891	700
891	728
891	781
891	851
891	872
891	902
891	923
892	85
892	138
892	236
892	314
892	372
892	423
892	520
892	619
892	724
892	754
892	773
892	777
892	848
892	853
892	857
892	955
892	983
893	6
893	44
893	134
893	213
893	217
893	589
893	644
893	658
893	666
893	714
893	720
893	839
893	865
893	874
893	880
893	894
893	917
894	5
894	153
894	301
894	351
894	409
894	466
894	600
894	616
894	672
894	720
894	730
894	879
894	890
894	893
894	947
894	977
894	989
895	1
895	29
895	287
895	294
895	462
895	558
895	576
895	584
895	623
895	697
895	734
895	796
895	802
895	873
895	908
895	979
895	992
896	56
896	98
896	287
896	361
896	463
896	516
896	556
896	611
896	763
896	785
896	825
896	861
896	869
896	879
896	884
896	905
896	909
896	943
897	5
897	133
897	271
897	295
897	349
897	380
897	420
897	551
897	572
897	589
897	615
897	669
897	710
897	718
897	831
897	848
897	856
897	899
898	176
898	208
898	229
898	271
898	345
898	495
898	680
898	685
898	689
898	696
898	811
898	843
898	851
898	872
898	890
898	969
898	976
898	984
899	35
899	120
899	126
899	304
899	445
899	503
899	567
899	596
899	618
899	629
899	716
899	866
899	877
899	897
899	902
899	942
899	982
899	998
900	27
900	66
900	347
900	382
900	469
900	477
900	512
900	772
900	784
900	809
900	827
900	854
900	859
900	887
900	916
900	920
900	947
900	963
901	2
901	51
901	54
901	104
901	202
901	381
901	434
901	451
901	513
901	652
901	767
901	783
901	828
901	865
901	905
901	935
901	938
901	966
902	71
902	145
902	385
902	399
902	478
902	521
902	533
902	617
902	707
902	816
902	891
902	899
902	919
902	923
902	925
902	972
902	991
902	1000
903	134
903	212
903	295
903	349
903	420
903	445
903	502
903	528
903	551
903	572
903	595
903	760
903	850
903	852
903	853
903	931
903	960
903	970
904	195
904	229
904	330
904	432
904	437
904	502
904	508
904	529
904	643
904	663
904	725
904	811
904	834
904	873
904	916
904	924
904	979
904	993
905	182
905	197
905	292
905	440
905	491
905	511
905	535
905	611
905	763
905	789
905	819
905	824
905	845
905	884
905	896
905	901
905	909
905	940
906	90
906	231
906	309
906	318
906	354
906	386
906	509
906	540
906	556
906	688
906	809
906	825
906	835
906	848
906	918
906	951
906	958
906	980
907	112
907	151
907	247
907	251
907	337
907	421
907	489
907	561
907	677
907	682
907	749
907	750
907	767
907	799
907	810
907	930
907	979
907	994
908	90
908	147
908	263
908	458
908	462
908	471
908	484
908	538
908	573
908	637
908	709
908	828
908	848
908	855
908	888
908	895
908	967
908	979
909	56
909	220
909	295
909	356
909	378
909	437
909	456
909	593
909	606
909	691
909	785
909	819
909	845
909	884
909	896
909	905
909	918
909	981
910	100
910	145
910	261
910	280
910	292
910	337
910	385
910	460
910	575
910	851
910	867
910	923
910	946
910	969
910	972
910	988
910	993
910	1000
911	210
911	217
911	377
911	516
911	531
911	603
911	631
911	638
911	651
911	659
911	677
911	767
911	799
911	810
911	838
911	873
911	886
911	951
912	7
912	15
912	35
912	135
912	225
912	260
912	333
912	371
912	397
912	415
912	492
912	657
912	665
912	681
912	704
912	763
912	765
912	871
912	926
913	240
913	267
913	306
913	325
913	398
913	452
913	459
913	501
913	610
913	657
913	670
913	724
913	739
913	801
913	829
913	931
913	980
913	984
913	986
914	38
914	184
914	252
914	311
914	332
914	416
914	440
914	476
914	570
914	590
914	629
914	721
914	790
914	803
914	824
914	853
914	878
914	879
914	948
915	86
915	149
915	218
915	248
915	323
915	431
915	461
915	468
915	557
915	580
915	607
915	639
915	669
915	815
915	882
915	951
915	958
915	970
915	987
916	3
916	25
916	96
916	245
916	404
916	420
916	573
916	597
916	598
916	614
916	674
916	772
916	781
916	825
916	854
916	863
916	900
916	904
916	947
917	27
917	70
917	143
917	232
917	240
917	375
917	412
917	536
917	543
917	547
917	648
917	681
917	764
917	765
917	775
917	800
917	893
917	960
917	992
918	142
918	146
918	237
918	321
918	573
918	585
918	609
918	627
918	649
918	662
918	711
918	769
918	814
918	830
918	846
918	864
918	906
918	909
918	971
919	187
919	293
919	326
919	340
919	347
919	416
919	417
919	458
919	467
919	598
919	686
919	725
919	811
919	834
919	878
919	902
919	949
919	983
919	993
920	121
920	161
920	183
920	268
920	353
920	507
920	516
920	534
920	541
920	581
920	642
920	655
920	770
920	781
920	833
920	878
920	900
920	945
920	997
921	57
921	214
921	233
921	237
921	322
921	403
921	486
921	534
921	558
921	585
921	634
921	679
921	734
921	754
921	830
921	856
921	862
921	864
921	992
922	28
922	69
922	175
922	192
922	268
922	283
922	304
922	336
922	346
922	355
922	366
922	442
922	502
922	604
922	722
922	768
922	949
922	986
922	996
923	194
923	407
923	459
923	506
923	543
923	586
923	678
923	685
923	705
923	734
923	801
923	833
923	851
923	867
923	888
923	890
923	891
923	902
923	910
924	24
924	79
924	108
924	119
924	139
924	196
924	355
924	366
924	454
924	505
924	539
924	546
924	597
924	733
924	735
924	750
924	830
924	904
924	975
925	22
925	110
925	126
925	280
925	307
925	328
925	452
925	515
925	538
925	549
925	555
925	663
925	711
925	882
925	902
925	929
925	932
925	950
925	958
926	64
926	194
926	276
926	342
926	513
926	674
926	689
926	701
926	724
926	743
926	797
926	843
926	860
926	887
926	912
926	928
926	940
926	951
926	979
927	109
927	214
927	243
927	255
927	335
927	383
927	443
927	449
927	620
927	630
927	667
927	711
927	741
927	745
927	815
927	880
927	932
927	939
927	989
928	8
928	28
928	315
928	332
928	338
928	369
928	398
928	401
928	479
928	486
928	657
928	676
928	707
928	721
928	724
928	926
928	931
928	944
928	961
929	212
929	217
929	258
929	277
929	303
929	423
929	501
929	630
929	660
929	694
929	844
929	868
929	925
929	938
929	942
929	952
929	963
929	964
929	969
930	47
930	171
930	364
930	424
930	433
930	460
930	473
930	531
930	597
930	741
930	794
930	831
930	907
930	937
930	946
930	953
930	974
930	982
930	990
931	225
931	274
931	356
931	379
931	452
931	494
931	585
931	586
931	592
931	679
931	682
931	689
931	706
931	733
931	865
931	903
931	913
931	928
931	984
932	83
932	105
932	113
932	138
932	193
932	352
932	417
932	445
932	616
932	620
932	666
932	680
932	698
932	716
932	738
932	866
932	869
932	925
932	927
933	109
933	132
933	159
933	222
933	256
933	279
933	338
933	359
933	414
933	448
933	459
933	480
933	586
933	623
933	625
933	703
933	733
933	751
933	950
933	984
934	47
934	74
934	234
934	259
934	269
934	371
934	394
934	446
934	529
934	537
934	550
934	577
934	605
934	666
934	679
934	731
934	767
934	781
934	815
934	950
935	16
935	160
935	243
935	267
935	379
935	389
935	483
935	494
935	502
935	566
935	658
935	677
935	695
935	805
935	837
935	853
935	901
935	959
935	995
935	997
936	23
936	88
936	100
936	198
936	257
936	290
936	308
936	339
936	348
936	368
936	488
936	518
936	594
936	634
936	644
936	715
936	806
936	826
936	850
936	989
937	96
937	145
937	189
937	300
937	397
937	412
937	432
937	470
937	557
937	618
937	709
937	730
937	755
937	765
937	779
937	824
937	866
937	867
937	930
937	973
938	81
938	104
938	109
938	303
938	402
938	449
938	538
938	563
938	582
938	652
938	823
938	842
938	868
938	901
938	929
938	941
938	957
938	963
938	964
938	982
939	30
939	210
939	218
939	259
939	364
939	388
939	485
939	522
939	537
939	636
939	657
939	670
939	679
939	714
939	731
939	744
939	753
939	781
939	806
939	927
940	31
940	79
940	95
940	125
940	183
940	186
940	308
940	369
940	372
940	376
940	429
940	482
940	521
940	757
940	806
940	819
940	850
940	905
940	926
940	955
941	128
941	148
941	168
941	388
941	400
941	431
941	477
941	499
941	503
941	563
941	580
941	632
941	681
941	699
941	786
941	841
941	881
941	938
941	970
941	981
942	45
942	161
942	434
942	439
942	504
942	517
942	538
942	563
942	572
942	604
942	613
942	633
942	739
942	749
942	857
942	899
942	929
942	950
942	985
942	999
943	289
943	291
943	373
943	466
943	610
943	613
943	662
943	669
943	674
943	744
943	797
943	829
943	835
943	869
943	871
943	896
943	949
943	951
943	954
943	958
944	41
944	158
944	214
944	231
944	246
944	291
944	348
944	431
944	523
944	539
944	655
944	682
944	689
944	771
944	787
944	822
944	851
944	859
944	928
944	954
944	973
945	9
945	49
945	72
945	94
945	312
945	363
945	441
945	474
945	607
945	608
945	610
945	664
945	705
945	723
945	733
945	750
945	758
945	817
945	881
945	885
945	920
946	36
946	181
946	211
946	460
946	489
946	596
946	653
946	697
946	708
946	736
946	741
946	769
946	798
946	823
946	835
946	910
946	930
946	962
946	974
946	982
946	990
947	55
947	73
947	84
947	168
947	251
947	368
947	469
947	526
947	614
947	649
947	655
947	808
947	814
947	827
947	848
947	894
947	900
947	916
947	955
947	956
947	962
948	8
948	98
948	151
948	241
948	282
948	371
948	467
948	476
948	490
948	519
948	614
948	756
948	791
948	829
948	862
948	879
948	914
948	955
948	964
948	967
948	1000
949	40
949	101
949	317
949	336
949	346
949	391
949	419
949	534
949	571
949	595
949	662
949	728
949	813
949	843
949	919
949	922
949	943
949	956
949	986
949	991
949	999
950	86
950	223
950	336
950	427
950	468
950	555
950	557
950	561
950	598
950	607
950	668
950	675
950	775
950	788
950	846
950	875
950	925
950	933
950	934
950	942
950	958
951	183
951	185
951	201
951	282
951	406
951	407
951	410
951	428
951	549
951	560
951	690
951	751
951	797
951	860
951	871
951	906
951	911
951	915
951	926
951	943
951	987
952	9
952	66
952	163
952	286
952	298
952	330
952	336
952	454
952	571
952	608
952	646
952	673
952	738
952	757
952	820
952	849
952	885
952	929
952	976
952	979
952	985
953	16
953	107
953	166
953	258
953	282
953	322
953	328
953	342
953	372
953	396
953	524
953	566
953	772
953	773
953	791
953	805
953	837
953	878
953	930
953	968
953	997
954	43
954	48
954	92
954	101
954	118
954	250
954	298
954	453
954	536
954	540
954	543
954	556
954	666
954	716
954	845
954	846
954	887
954	943
954	944
954	959
954	997
955	23
955	38
955	65
955	153
955	300
955	415
955	449
955	525
955	548
955	568
955	609
955	654
955	675
955	738
955	764
955	826
955	833
955	892
955	940
955	947
955	948
956	20
956	87
956	134
956	192
956	224
956	235
956	336
956	346
956	355
956	391
956	421
956	499
956	541
956	577
956	625
956	662
956	817
956	947
956	949
956	974
956	986
957	94
957	147
957	325
957	360
957	425
957	455
957	458
957	527
957	635
957	678
957	683
957	726
957	781
957	802
957	818
957	827
957	832
957	866
957	938
957	960
957	994
958	188
958	218
958	302
958	407
958	428
958	494
958	518
958	561
958	581
958	598
958	730
958	788
958	881
958	882
958	906
958	915
958	925
958	943
958	950
958	970
958	990
959	24
959	32
959	59
959	92
959	130
959	158
959	354
959	428
959	528
959	536
959	579
959	694
959	797
959	803
959	846
959	860
959	869
959	935
959	954
959	969
959	991
960	45
960	73
960	177
960	268
960	375
960	382
960	455
960	538
960	567
960	578
960	639
960	640
960	648
960	698
960	774
960	775
960	819
960	824
960	903
960	917
960	957
961	29
961	200
961	245
961	247
961	266
961	292
961	318
961	395
961	407
961	543
961	565
961	619
961	674
961	718
961	723
961	735
961	756
961	836
961	878
961	881
961	928
962	57
962	95
962	113
962	288
962	294
962	309
962	378
962	425
962	431
962	559
962	585
962	619
962	626
962	655
962	682
962	711
962	722
962	771
962	788
962	822
962	946
962	947
963	2
963	115
963	179
963	237
963	344
963	347
963	350
963	367
963	464
963	489
963	502
963	542
963	606
963	617
963	652
963	703
963	757
963	779
963	900
963	929
963	938
963	964
964	157
964	226
964	303
964	374
964	404
964	434
964	493
964	559
964	637
964	651
964	694
964	780
964	822
964	847
964	865
964	869
964	871
964	929
964	938
964	948
964	963
964	985
965	14
965	66
965	137
965	139
965	182
965	205
965	211
965	455
965	474
965	483
965	489
965	514
965	528
965	633
965	671
965	700
965	737
965	740
965	762
965	764
965	800
965	883
966	93
966	256
966	276
966	444
966	453
966	511
966	516
966	537
966	541
966	603
966	612
966	641
966	669
966	695
966	703
966	744
966	758
966	768
966	804
966	878
966	889
966	901
967	156
967	184
967	188
967	241
967	312
967	345
967	371
967	411
967	436
967	519
967	570
967	572
967	701
967	715
967	721
967	790
967	840
967	855
967	882
967	908
967	948
967	983
968	30
968	53
968	107
968	139
968	149
968	158
968	200
968	299
968	302
968	384
968	492
968	495
968	684
968	713
968	726
968	743
968	756
968	820
968	849
968	885
968	953
968	976
969	84
969	106
969	127
969	239
969	258
969	345
969	383
969	440
969	471
969	653
969	664
969	678
969	685
969	726
969	872
969	884
969	898
969	910
969	929
969	959
969	988
969	992
970	22
970	126
970	223
970	235
970	307
970	348
970	468
970	515
970	523
970	561
970	562
970	580
970	648
970	675
970	708
970	804
970	882
970	883
970	903
970	915
970	941
970	958
971	69
971	124
971	135
971	179
971	239
971	285
971	359
971	485
971	487
971	494
971	552
971	563
971	602
971	643
971	683
971	719
971	766
971	771
971	791
971	792
971	918
971	977
972	19
972	77
972	162
972	173
972	178
972	185
972	217
972	297
972	478
972	487
972	504
972	514
972	697
972	707
972	729
972	760
972	766
972	867
972	902
972	910
972	984
972	1000
973	260
973	275
973	278
973	374
973	472
973	545
973	557
973	559
973	629
973	709
973	717
973	729
973	730
973	750
973	752
973	761
973	762
973	765
973	824
973	937
973	944
973	980
974	68
974	80
974	272
974	275
974	334
974	344
974	433
974	460
974	531
974	601
974	653
974	778
974	785
974	793
974	794
974	795
974	828
974	930
974	946
974	956
974	982
974	990
975	7
975	17
975	24
975	39
975	52
975	246
975	366
975	461
975	484
975	515
975	539
975	551
975	593
975	646
975	652
975	735
975	750
975	798
975	817
975	924
975	991
975	995
976	4
976	18
976	62
976	65
976	161
976	164
976	172
976	230
976	244
976	336
976	342
976	384
976	426
976	523
976	705
976	864
976	885
976	898
976	952
976	968
976	989
976	994
977	22
977	76
977	196
977	237
977	286
977	402
977	632
977	643
977	657
977	670
977	704
977	725
977	744
977	774
977	816
977	828
977	829
977	888
977	894
977	971
977	983
977	984
978	21
978	85
978	178
978	208
978	242
978	264
978	410
978	432
978	496
978	505
978	645
978	661
978	667
978	680
978	754
978	777
978	793
978	795
978	801
978	853
978	994
978	1000
979	233
979	263
979	312
979	360
979	395
979	524
979	528
979	553
979	663
979	697
979	700
979	726
979	778
979	796
979	818
979	864
979	895
979	904
979	907
979	908
979	926
979	952
979	992
980	252
980	314
980	358
980	387
980	491
980	520
980	645
980	656
980	684
980	692
980	747
980	754
980	777
980	793
980	799
980	815
980	853
980	863
980	884
980	906
980	913
980	973
980	992
981	2
981	25
981	77
981	99
981	225
981	254
981	263
981	311
981	345
981	366
981	388
981	477
981	484
981	501
981	561
981	632
981	782
981	820
981	870
981	881
981	909
981	941
981	993
982	22
982	75
982	80
982	258
982	272
982	278
982	302
982	396
982	480
982	497
982	517
982	678
982	708
982	730
982	741
982	754
982	794
982	846
982	899
982	930
982	938
982	946
982	974
983	89
983	207
983	232
983	276
983	435
983	449
983	525
983	546
983	584
983	635
983	735
983	778
983	792
983	797
983	813
983	816
983	828
983	829
983	868
983	892
983	919
983	967
983	977
984	91
984	125
984	252
984	290
984	330
984	356
984	452
984	501
984	518
984	625
984	657
984	676
984	686
984	751
984	765
984	775
984	803
984	898
984	913
984	931
984	933
984	972
984	977
985	69
985	92
985	140
985	166
985	331
985	343
985	456
985	481
985	488
985	489
985	522
985	605
985	613
985	651
985	655
985	694
985	788
985	868
985	942
985	952
985	964
985	990
985	999
986	63
986	81
986	93
986	134
986	192
986	211
986	391
986	398
986	409
986	415
986	593
986	649
986	688
986	697
986	727
986	728
986	733
986	766
986	768
986	913
986	922
986	949
986	956
987	124
987	138
987	150
987	179
987	238
987	430
987	449
987	475
987	570
987	582
987	587
987	616
987	620
987	629
987	630
987	679
987	693
987	745
987	831
987	841
987	855
987	915
987	951
988	110
988	147
988	217
988	259
988	261
988	357
988	399
988	506
988	562
988	617
988	664
988	678
988	743
988	744
988	765
988	779
988	843
988	851
988	867
988	910
988	969
988	993
988	996
988	998
989	12
989	30
989	32
989	47
989	117
989	234
989	259
989	269
989	337
989	434
989	470
989	537
989	605
989	636
989	714
989	720
989	748
989	753
989	837
989	857
989	894
989	927
989	936
989	976
990	36
990	57
990	62
990	131
990	146
990	278
990	396
990	433
990	437
990	531
990	653
990	708
990	741
990	785
990	839
990	843
990	870
990	877
990	930
990	946
990	958
990	974
990	985
990	992
991	63
991	109
991	120
991	199
991	324
991	430
991	445
991	473
991	503
991	557
991	582
991	587
991	590
991	629
991	653
991	672
991	702
991	716
991	722
991	877
991	902
991	949
991	959
991	975
992	38
992	154
992	189
992	205
992	271
992	386
992	628
992	635
992	647
992	663
992	697
992	732
992	742
992	802
992	818
992	827
992	855
992	877
992	895
992	917
992	921
992	969
992	979
992	980
992	990
993	34
993	167
993	172
993	241
993	326
993	406
993	432
993	493
993	515
993	529
993	561
993	588
993	686
993	693
993	732
993	753
993	805
993	811
993	820
993	850
993	904
993	910
993	919
993	981
993	988
994	1
994	147
994	208
994	230
994	235
994	325
994	362
994	395
994	520
994	527
994	545
994	547
994	663
994	669
994	709
994	726
994	736
994	750
994	802
994	855
994	873
994	907
994	957
994	976
994	978
995	70
995	123
995	150
995	234
995	289
995	324
995	339
995	375
995	382
995	486
995	547
995	639
995	648
995	658
995	681
995	697
995	698
995	720
995	732
995	756
995	777
995	789
995	888
995	935
995	975
996	13
996	151
996	175
996	201
996	231
996	236
996	252
996	283
996	358
996	372
996	384
996	498
996	520
996	539
996	552
996	600
996	645
996	665
996	668
996	692
996	747
996	754
996	859
996	922
996	988
997	97
997	144
997	211
997	236
997	258
997	283
997	320
997	361
997	379
997	503
997	524
997	554
997	557
997	620
997	622
997	658
997	702
997	773
997	805
997	837
997	867
997	920
997	935
997	953
997	954
998	12
998	13
998	105
998	142
998	214
998	216
998	219
998	235
998	271
998	296
998	305
998	351
998	393
998	425
998	473
998	587
998	616
998	620
998	630
998	684
998	745
998	856
998	866
998	899
998	988
999	37
999	157
999	284
999	285
999	323
999	394
999	414
999	443
999	538
999	583
999	613
999	634
999	655
999	682
999	694
999	739
999	764
999	779
999	783
999	844
999	866
999	868
999	942
999	949
999	985
1000	77
1000	87
1000	178
1000	224
1000	261
1000	327
1000	392
1000	411
1000	455
1000	460
1000	464
1000	498
1000	617
1000	650
1000	659
1000	664
1000	720
1000	801
1000	877
1000	890
1000	902
1000	910
1000	948
1000	972
1000	978
