1	3 
2	23 
3	11 
4	25 
5	1 
6	14 
7	14 
8	7 
9	30 
10	16 
11	4 
12	17 
13	29 
14	7 
15	3 
16	4 
17	13 
18	7 
19	24 
20	5 
21	23 
22	23 
23	30 
24	25 
25	19 
26	27 
27	25 
28	7 
29	29 
30	15 
31	23 
32	14 
33	26 
34	16 
35	15 
36	30 
37	7 
38	3 
39	5 
40	1 
41	13 
42	1 
43	2 
44	2 
45	10 
46	29 
47	25 
48	2 
49	15 
50	13 
51	11 
52	8 
53	20 
54	14 
55	4 
56	16 
57	12 
58	13 
59	14 
60	19 
61	23 
62	29 
63	22 
64	3 
65	27 
66	3 
67	20 
68	26 
69	3 
70	25 
71	27 
72	18 
73	18 
74	9 
75	2 
76	27 
77	18 
78	25 
79	6 
80	3 
81	29 
82	28 
83	12 
84	25 
85	17 
86	25 
87	13 
88	26 
89	17 
90	4 
91	18 
92	13 
93	6 
94	1 
95	18 
96	19 
97	17 
98	7 
99	6 
100	26 
101	6 
102	23 
103	26 
104	12 
105	6 
106	7 
107	29 
108	5 
109	26 
110	28 
111	11 
112	21 
113	18 
114	16 
115	7 
116	25 
117	29 
118	16 
119	6 
120	2 
121	7 
122	1 
123	11 
124	21 
125	6 
126	3 
127	21 
128	21 
129	24 
130	1 
131	23 
132	15 
133	3 
134	8 
135	3 
136	30 
137	22 
138	29 
139	5 
140	5 
141	17 
142	27 
143	25 
144	8 
145	26 
146	2 
147	12 
148	28 
149	7 
150	3 
151	12 
152	11 
153	8 
154	18 
155	23 
156	30 
157	15 
158	14 
159	6 
160	8 
161	22 
162	27 
163	9 
164	6 
165	1 
166	9 
167	25 
168	9 
169	7 
170	24 
171	25 
172	4 
173	23 
174	21 
175	30 
176	6 
177	2 
178	16 
179	19 
180	1 
181	12 
182	16 
183	26 
184	12 
185	16 
186	20 
187	24 
188	4 
189	22 
190	21 
191	22 
192	13 
193	24 
194	19 
195	12 
196	13 
197	18 
198	6 
199	16 
200	2 
201	8 
202	6 
203	9 
204	30 
205	13 
206	17 
207	23 
208	16 
209	25 
210	24 
211	1 
212	12 
213	9 
214	12 
215	8 
216	19 
217	11 
218	25 
219	23 
220	8 
221	10 
222	21 
223	28 
224	23 
225	18 
226	6 
227	1 
228	23 
229	10 
230	7 
231	7 
232	21 
233	6 
234	13 
235	10 
236	16 
237	24 
238	12 
239	3 
240	12 
241	11 
242	24 
243	22 
244	26 
245	15 
246	18 
247	17 
248	8 
249	22 
250	10 
251	12 
252	7 
253	21 
254	23 
255	6 
256	14 
257	29 
258	14 
259	1 
260	10 
261	8 
262	1 
263	5 
264	7 
265	6 
266	2 
267	2 
268	30 
269	18 
270	23 
271	8 
272	5 
273	24 
274	26 
275	14 
276	10 
277	27 
278	21 
279	16 
280	19 
281	20 
282	25 
283	4 
284	23 
285	6 
286	4 
287	5 
288	16 
289	5 
290	3 
291	24 
292	7 
293	19 
294	21 
295	19 
296	10 
297	7 
298	26 
299	22 
300	15 
301	1 
302	6 
303	22 
304	30 
305	10 
306	7 
307	26 
308	8 
309	15 
310	5 
311	1 
312	2 
313	24 
314	30 
315	15 
316	12 
317	23 
318	20 
319	21 
320	21 
321	10 
322	29 
323	6 
324	7 
325	25 
326	11 
327	6 
328	4 
329	12 
330	7 
331	24 
332	22 
333	8 
334	4 
335	10 
336	29 
337	19 
338	14 
339	28 
340	8 
341	7 
342	27 
343	26 
344	16 
345	6 
346	16 
347	30 
348	6 
349	19 
350	12 
351	23 
352	29 
353	7 
354	8 
355	1 
356	29 
357	6 
358	27 
359	4 
360	3 
361	2 
362	25 
363	12 
364	27 
365	1 
366	8 
367	19 
368	1 
369	25 
370	14 
371	29 
372	20 
373	3 
374	3 
375	3 
376	28 
377	21 
378	23 
379	26 
380	9 
381	30 
382	16 
383	2 
384	12 
385	19 
386	15 
387	10 
388	5 
389	16 
390	28 
391	22 
392	21 
393	12 
394	6 
395	11 
396	17 
397	3 
398	20 
399	2 
400	1 
401	16 
402	23 
403	6 
404	29 
405	7 
406	6 
407	23 
408	10 
409	10 
410	8 
411	12 
412	19 
413	29 
414	10 
415	29 
416	7 
417	2 
418	18 
419	17 
420	14 
421	9 
422	5 
423	10 
424	28 
425	26 
426	5 
427	9 
428	19 
429	2 
430	6 
431	11 
432	23 
433	29 
434	7 
435	29 
436	7 
437	7 
438	10 
439	3 
440	7 
441	8 
442	28 
443	1 
444	23 
445	19 
446	10 
447	8 
448	7 
449	30 
450	24 
451	9 
452	20 
453	6 
454	12 
455	25 
456	23 
457	3 
458	17 
459	30 
460	28 
461	26 
462	26 
463	6 
464	22 
465	24 
466	7 
467	12 
468	16 
469	16 
470	19 
471	12 
472	10 
473	3 
474	21 
475	1 
476	16 
477	8 
478	5 
479	29 
480	5 
481	1 
482	11 
483	24 
484	4 
485	6 
486	26 
487	16 
488	3 
489	26 
490	1 
491	8 
492	27 
493	3 
494	28 
495	20 
496	8 
497	14 
498	27 
499	28 
500	17 
501	16 
502	2 
503	22 
504	30 
505	9 
506	12 
507	29 
508	19 
509	15 
510	21 
511	14 
512	13 
513	28 
514	26 
515	15 
516	19 
517	2 
518	20 
519	22 
520	3 
521	27 
522	16 
523	14 
524	24 
525	30 
526	4 
527	5 
528	3 
529	12 
530	13 
531	17 
532	15 
533	5 
534	3 
535	23 
536	10 
537	21 
538	19 
539	3 
540	6 
541	6 
542	14 
543	4 
544	3 
545	28 
546	30 
547	30 
548	5 
549	1 
550	3 
551	21 
552	12 
553	4 
554	9 
555	18 
556	15 
557	25 
558	2 
559	22 
560	16 
561	6 
562	6 
563	7 
564	12 
565	1 
566	5 
567	30 
568	9 
569	9 
570	17 
571	4 
572	3 
573	12 
574	4 
575	22 
576	24 
577	2 
578	12 
579	29 
580	28 
581	17 
582	10 
583	4 
584	25 
585	25 
586	7 
587	29 
588	17 
589	4 
590	29 
591	20 
592	19 
593	9 
594	13 
595	5 
596	1 
597	23 
598	6 
599	6 
600	3 
601	9 
602	16 
603	3 
604	26 
605	25 
606	12 
607	29 
608	2 
609	12 
610	7 
611	22 
612	11 
613	9 
614	14 
615	13 
616	24 
617	26 
618	15 
619	4 
620	2 
621	7 
622	23 
623	10 
624	20 
625	27 
626	13 
627	23 
628	15 
629	30 
630	27 
631	8 
632	1 
633	28 
634	2 
635	26 
636	16 
637	19 
638	29 
639	22 
640	4 
641	23 
642	25 
643	4 
644	22 
645	13 
646	4 
647	7 
648	5 
649	12 
650	24 
651	19 
652	13 
653	22 
654	2 
655	19 
656	12 
657	22 
658	12 
659	26 
660	7 
661	9 
662	17 
663	16 
664	8 
665	1 
666	20 
667	13 
668	6 
669	25 
670	21 
671	8 
672	8 
673	22 
674	6 
675	13 
676	16 
677	2 
678	20 
679	20 
680	25 
681	30 
682	10 
683	26 
684	6 
685	18 
686	13 
687	25 
688	12 
689	19 
690	8 
691	5 
692	29 
693	12 
694	18 
695	20 
696	15 
697	5 
698	20 
699	2 
700	24 
701	24 
702	5 
703	8 
704	25 
705	25 
706	26 
707	16 
708	2 
709	8 
710	8 
711	21 
712	10 
713	28 
714	23 
715	26 
716	21 
717	9 
718	8 
719	23 
720	12 
721	23 
722	13 
723	29 
724	6 
725	13 
726	3 
727	20 
728	15 
729	5 
730	18 
731	15 
732	7 
733	1 
734	29 
735	7 
736	1 
737	10 
738	9 
739	11 
740	1 
741	9 
742	26 
743	15 
744	1 
745	26 
746	9 
747	26 
748	22 
749	23 
750	16 
751	5 
752	8 
753	5 
754	6 
755	26 
756	15 
757	28 
758	22 
759	1 
760	14 
761	18 
762	18 
763	17 
764	5 
765	2 
766	25 
767	18 
768	22 
769	14 
770	5 
771	7 
772	24 
773	16 
774	29 
775	11 
776	15 
777	17 
778	20 
779	11 
780	24 
781	20 
782	28 
783	12 
784	10 
785	30 
786	6 
787	12 
788	30 
789	2 
790	28 
791	16 
792	29 
793	21 
794	14 
795	5 
796	7 
797	1 
798	23 
799	4 
800	11 
801	1 
802	4 
803	11 
804	25 
805	17 
806	7 
807	18 
808	19 
809	12 
810	5 
811	19 
812	6 
813	1 
814	22 
815	3 
816	2 
817	7 
818	2 
819	3 
820	2 
821	14 
822	16 
823	4 
824	6 
825	3 
826	30 
827	6 
828	21 
829	10 
830	5 
831	12 
832	22 
833	4 
834	29 
835	1 
836	13 
837	8 
838	29 
839	8 
840	24 
841	17 
842	13 
843	1 
844	15 
845	9 
846	27 
847	1 
848	6 
849	17 
850	1 
851	3 
852	11 
853	22 
854	19 
855	27 
856	12 
857	8 
858	20 
859	17 
860	8 
861	29 
862	10 
863	19 
864	8 
865	12 
866	29 
867	7 
868	12 
869	6 
870	2 
871	1 
872	28 
873	23 
874	14 
875	22 
876	23 
877	14 
878	8 
879	25 
880	19 
881	17 
882	8 
883	23 
884	26 
885	16 
886	12 
887	9 
888	29 
889	15 
890	16 
891	28 
892	10 
893	2 
894	7 
895	12 
896	16 
897	11 
898	21 
899	24 
900	24 
901	19 
902	13 
903	19 
904	1 
905	18 
906	27 
907	20 
908	16 
909	26 
910	16 
911	27 
912	2 
913	16 
914	28 
915	25 
916	26 
917	7 
918	8 
919	8 
920	6 
921	10 
922	17 
923	16 
924	16 
925	30 
926	10 
927	11 
928	16 
929	4 
930	27 
931	3 
932	7 
933	24 
934	3 
935	7 
936	8 
937	21 
938	26 
939	29 
940	19 
941	28 
942	24 
943	24 
944	11 
945	23 
946	12 
947	17 
948	21 
949	20 
950	3 
951	24 
952	8 
953	2 
954	3 
955	21 
956	3 
957	23 
958	22 
959	29 
960	1 
961	7 
962	2 
963	3 
964	6 
965	7 
966	8 
967	6 
968	7 
969	9 
970	15 
971	26 
972	10 
973	26 
974	28 
975	12 
976	29 
977	8 
978	17 
979	3 
980	1 
981	27 
982	13 
983	17 
984	26 
985	4 
986	8 
987	14 
988	4 
989	20 
990	3 
991	17 
992	21 
993	15 
994	1 
995	21 
996	2 
997	10 
998	8 
999	25 
1000	23 
