1	69
1	239
1	950
1	988
1	990
2	21
2	142
2	219
2	945
2	957
3	6
3	739
3	800
3	944
3	974
4	70
4	78
4	84
4	704
4	840
5	211
5	632
5	736
5	740
5	997
6	3
6	397
6	497
6	821
6	877
7	54
7	542
7	760
7	795
7	987
8	121
8	416
8	959
8	965
8	966
9	542
9	546
9	547
9	629
9	788
10	114
10	330
10	676
10	814
10	928
11	331
11	640
11	799
11	818
11	985
12	531
12	841
12	910
12	947
12	983
13	62
13	114
13	587
13	834
13	939
14	436
14	456
14	650
14	732
14	917
15	312
15	337
15	473
15	539
15	963
16	298
16	730
16	799
16	823
16	833
17	192
17	246
17	512
17	842
17	899
18	324
18	610
18	624
18	817
18	894
19	460
19	483
19	524
19	917
19	951
20	422
20	548
20	566
20	596
20	918
21	2
21	365
21	456
21	622
21	991
22	300
22	432
22	616
22	721
22	1000
23	449
23	459
23	785
23	994
23	995
24	78
24	455
24	703
24	804
24	874
25	412
25	428
25	704
25	868
25	903
26	302
26	781
26	906
26	930
26	981
27	372
27	669
27	766
27	835
27	999
28	230
28	231
28	729
28	932
28	935
29	322
29	806
29	834
29	838
29	845
30	88
30	509
30	515
30	670
30	776
31	341
31	744
31	749
31	798
31	883
32	760
32	870
32	874
32	916
32	987
33	88
33	411
33	755
33	801
33	971
34	346
34	768
34	791
34	924
34	976
35	379
35	622
35	776
35	970
35	993
36	156
36	542
36	547
36	677
36	791
37	115
37	252
37	483
37	917
37	999
38	572
38	671
38	736
38	851
38	950
39	595
39	707
39	753
39	795
39	815
40	579
40	740
40	847
40	960
40	980
41	326
41	492
41	652
41	836
41	842
42	565
42	596
42	631
42	736
42	980
43	238
43	335
43	558
43	620
43	953
44	361
44	524
44	912
44	962
44	990
45	449
45	623
45	858
45	921
45	972
46	718
46	888
46	939
46	959
46	976
47	78
47	218
47	362
47	509
47	572
48	200
48	708
48	816
48	944
48	996
49	55
49	245
49	386
49	862
49	889
50	686
50	722
50	956
50	982
50	984
51	339
51	739
51	800
51	927
51	944
52	491
52	919
52	929
52	952
52	966
53	678
53	727
53	778
53	907
53	949
54	7
54	286
54	338
54	769
54	877
55	49
55	799
55	802
55	970
55	988
56	118
56	284
56	752
56	773
56	896
57	104
57	181
57	856
57	886
57	993
58	205
58	563
58	652
58	836
58	982
59	158
59	523
59	643
59	794
59	987
60	385
60	651
60	863
60	901
60	946
61	597
61	721
61	945
61	990
61	1000
62	13
62	479
62	939
62	945
62	959
63	243
63	531
63	559
63	768
63	832
64	184
64	544
64	851
64	954
64	963
65	764
65	846
65	911
65	930
65	981
66	224
66	360
66	520
66	632
66	979
67	127
67	679
67	839
67	907
67	949
68	346
68	489
68	755
68	884
68	984
69	1
69	135
69	879
69	934
69	950
70	4
70	557
70	809
70	879
70	999
71	492
71	703
71	846
71	930
71	968
72	73
72	112
72	154
72	269
72	761
73	72
73	730
73	762
73	974
73	988
74	203
74	451
74	661
74	824
74	969
75	361
75	528
75	548
75	818
75	893
76	358
76	398
76	906
76	930
76	955
77	91
77	509
77	730
77	852
77	905
78	4
78	24
78	47
78	167
78	749
79	101
79	406
79	463
79	768
79	869
80	473
80	544
80	705
80	864
80	990
81	415
81	734
81	939
81	974
81	976
82	499
82	782
82	891
82	941
82	981
83	467
83	658
83	809
83	856
83	926
84	4
84	171
84	744
84	804
84	970
85	228
85	881
85	957
85	978
85	983
86	669
86	687
86	775
86	865
86	999
87	512
87	722
87	755
87	959
87	982
88	30
88	33
88	100
88	909
88	984
89	90
89	332
89	922
89	978
89	983
90	89
90	589
90	973
90	985
90	988
91	77
91	386
91	555
91	685
91	999
92	530
92	626
92	686
92	952
92	982
93	119
93	269
93	599
93	668
93	674
94	540
94	554
94	871
94	904
94	960
95	154
95	321
95	761
95	807
95	905
96	179
96	428
96	901
96	938
96	940
97	291
97	570
97	581
97	859
97	991
98	782
98	879
98	932
98	965
98	968
99	598
99	685
99	848
99	907
99	964
100	88
100	514
100	617
100	747
100	962
101	79
101	848
101	890
101	899
101	920
102	641
102	870
102	876
102	945
102	957
103	107
103	199
103	461
103	971
103	984
104	57
104	606
104	720
104	750
104	895
105	323
105	453
105	845
105	883
105	920
106	114
106	121
106	867
106	961
106	968
107	103
107	322
107	861
107	866
107	981
108	155
108	263
108	422
108	533
108	810
109	706
109	747
109	909
109	969
109	980
110	148
110	580
110	906
110	916
110	974
111	737
111	779
111	852
111	897
111	927
112	72
112	416
112	948
112	955
112	995
113	555
113	730
113	761
113	762
113	837
114	10
114	13
114	106
114	185
114	923
115	37
115	466
115	735
115	848
115	968
116	455
116	680
116	705
116	959
116	999
117	507
117	579
117	678
117	933
117	976
118	56
118	208
118	249
118	476
118	935
119	93
119	198
119	357
119	964
119	986
120	267
120	708
120	919
120	953
120	963
121	8
121	106
121	436
121	932
121	983
122	144
122	365
122	602
122	980
122	994
123	241
123	344
123	431
123	897
123	951
124	146
124	494
124	716
124	992
124	995
125	176
125	434
125	485
125	754
125	824
126	357
126	906
126	956
126	979
126	990
127	67
127	392
127	828
127	937
127	948
128	232
128	821
128	898
128	948
128	995
129	465
129	702
129	942
129	943
129	973
130	474
130	744
130	797
130	813
130	948
131	407
131	749
131	822
131	876
131	1000
132	309
132	315
132	480
132	960
132	993
133	662
133	740
133	825
133	931
133	934
134	173
134	672
134	703
134	860
134	977
135	69
135	797
135	851
135	931
135	950
136	204
136	317
136	347
136	567
136	925
137	503
137	611
137	696
137	958
137	991
138	435
138	638
138	692
138	728
138	789
139	297
139	310
139	480
139	533
139	770
140	388
140	648
140	702
140	786
140	830
141	272
141	701
141	805
141	841
141	881
142	2
142	277
142	855
142	886
142	930
143	249
143	282
143	687
143	704
143	879
144	122
144	261
144	284
144	977
144	998
145	183
145	568
145	659
145	745
145	984
146	124
146	765
146	818
146	834
146	962
147	212
147	547
147	720
147	759
147	787
148	110
148	215
148	713
148	937
148	974
149	455
149	621
149	858
149	932
149	935
150	488
150	872
150	931
150	934
150	956
151	329
151	396
151	865
151	886
151	999
152	222
152	775
152	779
152	895
152	944
153	491
153	604
153	605
153	703
153	998
154	72
154	95
154	659
154	767
154	905
155	108
155	444
155	876
155	915
155	957
156	36
156	462
156	525
156	542
156	547
157	649
157	728
157	889
157	970
157	993
158	59
158	588
158	611
158	794
158	987
159	497
159	684
159	761
159	812
159	967
160	664
160	709
160	956
160	977
160	981
161	189
161	340
161	639
161	768
161	800
162	654
162	855
162	911
162	930
162	981
163	366
163	613
163	738
163	887
163	927
164	430
164	485
164	846
164	869
164	930
165	259
165	740
165	843
165	909
165	980
166	371
166	613
166	738
166	818
166	969
167	78
167	550
167	642
167	713
167	915
168	569
168	601
168	857
168	887
168	969
169	484
169	806
169	932
169	961
169	968
170	187
170	661
170	772
170	899
170	933
171	84
171	760
171	879
171	943
171	999
172	283
172	328
172	805
172	823
172	988
173	134
173	504
173	714
173	749
173	1000
174	253
174	793
174	804
174	992
174	995
175	347
175	381
175	609
175	681
175	785
176	125
176	585
176	786
176	869
176	967
177	395
177	608
177	620
177	743
177	912
178	346
178	599
178	750
178	822
178	871
179	96
179	445
179	854
179	939
179	940
180	262
180	586
180	744
180	850
180	994
181	57
181	435
181	471
181	506
181	946
182	414
182	476
182	709
182	890
182	896
183	145
183	604
183	829
183	884
183	973
184	64
184	316
184	328
184	865
184	895
185	114
185	798
185	896
185	923
185	928
186	398
186	778
186	839
186	907
186	989
187	170
187	466
187	639
187	899
187	951
188	574
188	640
188	727
188	749
188	985
189	161
189	464
189	657
189	758
189	812
190	551
190	801
190	898
190	955
190	992
191	653
191	700
191	748
191	811
191	853
192	17
192	530
192	645
192	687
192	920
193	237
193	627
193	840
193	933
193	983
194	428
194	431
194	533
194	880
194	940
195	393
195	783
195	868
195	911
195	975
196	675
196	716
196	722
196	742
196	902
197	663
197	685
197	723
197	762
197	767
198	119
198	357
198	415
198	939
198	967
199	103
199	665
199	910
199	913
199	928
200	48
200	418
200	900
200	912
200	962
201	710
201	882
201	986
201	998
201	1000
202	406
202	668
202	880
202	964
202	967
203	74
203	505
203	851
203	887
203	969
204	136
204	629
204	785
204	800
204	944
205	58
205	512
205	615
205	874
205	947
206	662
206	849
206	927
206	978
206	991
207	627
207	795
207	798
207	817
207	1000
208	118
208	429
208	896
208	908
208	935
209	557
209	687
209	804
209	812
209	999
210	450
210	654
210	730
210	840
210	900
211	5
211	301
211	740
211	904
211	945
212	147
212	578
212	749
212	783
212	857
213	451
213	469
213	661
213	746
213	969
214	318
214	511
214	573
214	609
214	656
215	148
215	837
215	878
215	918
215	998
216	470
216	635
216	655
216	808
216	880
217	775
217	897
217	927
217	944
217	969
218	47
218	325
218	393
218	557
218	911
218	999
219	2
219	296
219	402
219	883
219	938
219	1000
220	718
220	839
220	852
220	860
220	986
220	998
221	414
221	665
221	829
221	919
221	926
221	972
222	152
222	779
222	793
222	937
222	948
222	992
223	513
223	824
223	872
223	891
223	914
223	974
224	66
224	270
224	714
224	945
224	986
224	1000
225	443
225	555
225	593
225	761
225	767
225	807
226	233
226	724
226	754
226	799
226	812
226	962
227	288
227	736
227	801
227	850
227	871
227	987
228	85
228	535
228	641
228	684
228	957
228	1000
229	305
229	623
229	653
229	829
229	874
229	972
230	28
230	237
230	324
230	416
230	695
230	817
231	28
231	380
231	894
231	895
231	932
231	965
232	128
232	828
232	833
232	948
232	995
232	997
233	226
233	265
233	540
233	824
233	869
233	958
234	594
234	725
234	842
234	850
234	902
234	927
235	644
235	829
235	916
235	926
235	972
235	997
236	288
236	349
236	469
236	577
236	910
236	923
237	193
237	230
237	331
237	399
237	701
237	951
238	43
238	578
238	677
238	688
238	886
238	975
239	1
239	439
239	621
239	842
239	954
239	990
240	363
240	488
240	609
240	831
240	895
240	981
241	123
241	342
241	803
241	927
241	944
241	956
242	420
242	465
242	700
242	840
242	943
242	951
243	63
243	559
243	634
243	814
243	875
243	884
244	245
244	274
244	298
244	503
244	938
244	971
245	49
245	244
245	618
245	628
245	790
245	889
246	17
246	269
246	685
246	694
246	762
246	942
247	396
247	419
247	827
247	895
247	983
247	991
248	308
248	540
248	631
248	890
248	936
248	986
249	118
249	143
249	644
249	814
249	853
249	958
250	305
250	321
250	483
250	811
250	829
250	862
251	350
251	660
251	720
251	746
251	856
251	946
252	37
252	306
252	447
252	583
252	660
252	935
253	174
253	510
253	551
253	759
253	873
253	898
254	270
254	444
254	622
254	627
254	849
254	1000
255	285
255	291
255	394
255	485
255	562
255	913
256	542
256	769
256	787
256	815
256	821
256	877
257	336
257	413
257	638
257	689
257	692
257	912
258	338
258	821
258	874
258	915
258	984
258	987
259	165
259	311
259	591
259	759
259	865
259	994
260	536
260	657
260	682
260	784
260	886
260	997
261	144
261	340
261	617
261	752
261	977
261	998
262	180
262	490
262	565
262	859
262	980
262	994
263	108
263	426
263	592
263	595
263	753
263	797
264	292
264	405
264	440
264	610
264	836
264	990
265	233
265	655
265	786
265	812
265	931
265	964
266	312
266	517
266	523
266	818
266	820
266	870
267	120
267	468
267	634
267	953
267	979
267	996
268	314
268	567
268	731
268	826
268	925
268	975
269	72
269	93
269	246
269	807
269	905
269	994
270	224
270	254
270	311
270	444
270	975
270	1000
271	272
271	477
271	837
271	936
271	945
271	952
272	141
272	271
272	691
272	770
272	795
272	830
273	300
273	772
273	803
273	900
273	943
273	951
274	244
274	715
274	747
274	798
274	947
274	973
275	338
275	523
275	564
275	794
275	882
275	987
276	575
276	737
276	867
276	921
276	926
276	997
277	142
277	310
277	358
277	548
277	846
277	855
278	320
278	647
278	711
278	937
278	941
278	992
279	676
279	725
279	740
279	885
279	896
279	910
280	422
280	446
280	689
280	811
280	854
280	901
281	591
281	678
281	679
281	830
281	907
281	977
282	143
282	584
282	605
282	843
282	883
282	999
283	172
283	328
283	495
283	571
283	614
283	823
284	56
284	144
284	402
284	721
284	883
284	1000
285	255
285	327
285	674
285	684
285	777
285	822
286	54
286	571
286	583
286	643
286	927
286	988
287	480
287	533
287	566
287	581
287	697
287	795
288	227
288	236
288	585
288	773
288	885
288	913
289	310
289	533
289	648
289	784
289	810
289	830
290	374
290	439
290	550
290	854
290	950
290	987
291	97
291	255
291	331
291	700
291	772
291	933
292	264
292	571
292	586
292	867
292	935
292	994
293	295
293	408
293	412
293	637
293	651
293	808
294	319
294	793
294	828
294	847
294	937
294	995
295	293
295	528
295	538
295	791
295	854
295	901
296	219
296	712
296	869
296	892
296	921
296	997
297	139
297	324
297	621
297	830
297	894
297	917
298	16
298	244
298	577
298	715
298	938
298	971
299	391
299	464
299	517
299	519
299	639
299	748
300	22
300	273
300	309
300	628
300	728
300	970
301	211
301	481
301	740
301	797
301	933
301	956
302	26
302	323
302	488
302	668
302	824
302	964
303	575
303	644
303	748
303	758
303	853
303	997
304	459
304	547
304	567
304	691
304	811
304	826
305	229
305	250
305	535
305	767
305	892
305	972
306	252
306	410
306	434
306	806
306	814
306	961
307	370
307	576
307	938
307	971
307	973
307	984
308	248
308	441
308	690
308	693
308	709
308	752
309	132
309	300
309	509
309	752
309	777
309	844
310	139
310	277
310	289
310	546
310	770
310	830
311	259
311	270
311	750
311	759
311	847
311	904
312	15
312	266
312	399
312	558
312	678
312	953
313	421
313	780
313	840
313	899
313	933
313	942
314	268
314	449
314	567
314	681
314	722
314	925
315	132
315	532
315	633
315	728
315	889
315	993
316	184
316	608
316	657
316	688
316	886
316	946
317	136
317	351
317	402
317	876
317	957
317	961
318	214
318	624
318	679
318	858
318	930
318	949
319	294
319	327
319	711
319	712
319	937
319	948
320	278
320	352
320	641
320	898
320	955
320	995
321	95
321	250
321	408
321	423
321	438
321	936
322	29
322	107
322	413
322	805
322	959
322	967
323	105
323	302
323	443
323	848
323	967
323	996
324	18
324	230
324	297
324	353
324	442
324	958
325	218
325	450
325	642
325	680
325	705
325	801
326	41
326	612
326	800
326	810
326	852
326	944
327	285
327	319
327	403
327	724
327	967
327	989
328	172
328	184
328	283
328	823
328	912
328	988
329	151
329	454
329	601
329	628
329	649
329	868
330	10
330	520
330	563
330	771
330	917
330	935
331	11
331	237
331	291
331	616
331	680
331	780
332	89
332	814
332	853
332	875
332	888
332	958
333	857
333	878
333	882
333	923
333	952
333	955
334	371
334	640
334	799
334	802
334	820
334	988
335	43
335	414
335	423
335	712
335	921
335	926
336	257
336	579
336	707
336	792
336	866
336	991
337	15
337	397
337	592
337	854
337	903
337	940
338	54
338	258
338	275
338	420
338	821
338	892
339	51
339	486
339	545
339	790
339	891
339	914
340	161
340	261
340	631
340	837
340	933
340	998
341	31
341	610
341	621
341	647
341	712
341	965
342	241
342	364
342	756
342	911
342	930
342	981
343	563
343	683
343	896
343	909
343	916
343	938
344	123
344	496
344	885
344	908
344	910
344	928
345	354
345	453
345	655
345	754
345	848
345	964
346	34
346	68
346	178
346	822
346	885
346	898
347	136
347	175
347	459
347	525
347	964
347	997
348	541
348	848
348	869
348	897
348	920
348	971
349	236
349	655
349	689
349	868
349	901
349	940
350	251
350	529
350	564
350	658
350	693
350	975
351	317
351	601
351	627
351	754
351	798
351	873
352	320
352	518
352	607
352	692
352	888
352	976
353	324
353	802
353	806
353	817
353	907
353	917
354	345
354	610
354	837
354	918
354	977
354	998
355	727
355	801
355	871
355	904
355	905
355	960
356	413
356	479
356	734
356	792
356	819
356	866
357	119
357	126
357	198
357	562
357	824
357	901
358	76
358	277
358	906
358	917
358	981
358	998
359	526
359	681
359	833
359	902
359	929
359	985
360	66
360	361
360	528
360	956
360	990
360	996
361	44
361	75
361	360
361	779
361	789
361	870
362	47
362	445
362	549
362	669
362	804
362	879
363	240
363	512
363	578
363	606
363	831
363	994
364	342
364	492
364	855
364	869
364	906
364	911
365	21
365	122
365	632
365	748
365	843
365	994
366	163
366	447
366	667
366	718
366	966
366	986
367	508
367	755
367	880
367	903
367	940
367	994
368	481
368	596
368	679
368	797
368	989
368	994
369	444
369	584
369	638
369	704
369	915
369	999
370	307
370	511
370	523
370	629
370	877
370	987
371	166
371	334
371	435
371	507
371	638
371	976
372	27
372	518
372	781
372	907
372	938
372	989
373	419
373	534
373	552
373	931
373	956
373	990
374	290
374	921
374	950
374	956
374	979
374	985
375	439
375	827
375	931
375	934
375	956
375	990
376	390
376	643
376	790
376	834
376	872
376	914
377	537
377	658
377	937
377	955
377	958
377	992
378	456
378	622
378	721
378	749
378	795
378	798
379	35
379	604
379	706
379	868
379	909
379	973
380	231
380	574
380	601
380	717
380	738
380	887
381	175
381	546
381	547
381	569
381	628
381	826
382	522
382	663
382	735
382	890
382	924
382	961
383	502
383	556
383	677
383	774
383	962
383	996
384	453
384	529
384	573
384	693
384	728
384	975
385	60
385	811
385	863
385	874
385	903
385	965
386	49
386	91
386	410
386	566
386	756
386	970
387	409
387	722
387	829
387	887
387	892
387	997
388	140
388	415
388	691
388	697
388	770
388	957
389	476
389	487
389	734
389	771
389	885
389	923
389	928
390	376
390	401
390	460
390	499
390	742
390	782
390	941
391	299
391	573
391	611
391	673
391	713
391	832
391	853
392	127
392	643
392	823
392	898
392	948
392	955
392	995
393	195
393	218
393	454
393	566
393	609
393	856
393	865
394	255
394	502
394	599
394	724
394	754
394	812
394	816
395	177
395	739
395	775
395	803
395	852
395	860
395	897
396	151
396	247
396	763
396	854
396	859
396	947
396	983
397	6
397	337
397	534
397	550
397	825
397	934
397	990
398	76
398	186
398	650
398	695
398	727
398	907
398	920
399	237
399	312
399	417
399	429
399	820
399	893
399	911
400	659
400	665
400	843
400	850
400	960
400	966
400	980
401	390
401	522
401	636
401	758
401	773
401	791
401	924
402	219
402	284
402	317
402	627
402	876
402	888
402	964
403	327
403	599
403	641
403	649
403	684
403	824
403	920
404	415
404	765
404	792
404	861
404	905
404	939
404	959
405	264
405	406
405	440
405	771
405	796
405	965
405	979
406	79
406	202
406	405
406	453
406	561
406	677
406	684
407	131
407	408
407	426
407	432
407	873
407	883
407	1000
408	293
408	321
408	407
408	409
408	446
408	582
408	921
409	387
409	408
409	682
409	717
409	823
409	921
409	997
410	306
410	386
410	567
410	837
410	966
410	977
410	998
411	33
411	506
411	658
411	688
411	783
411	792
411	856
412	25
412	293
412	436
412	651
412	811
412	878
412	880
413	257
413	322
413	356
413	464
413	551
413	607
413	959
414	182
414	221
414	335
414	714
414	862
414	892
414	997
415	81
415	198
415	388
415	404
415	579
415	861
415	959
416	8
416	112
416	230
416	610
416	740
416	935
416	961
417	399
417	608
417	657
417	699
417	877
417	953
417	996
418	200
418	761
418	762
418	767
418	807
418	905
418	930
419	247
419	373
419	667
419	777
419	849
419	881
419	978
420	242
420	338
420	692
420	760
420	874
420	877
420	987
421	313
421	569
421	741
421	746
421	845
421	887
421	984
422	20
422	108
422	280
422	527
422	716
422	729
422	764
423	321
423	335
423	784
423	862
423	954
423	997
423	999
424	580
424	713
424	719
424	840
424	891
424	914
424	974
425	659
425	662
425	742
425	755
425	909
425	937
425	938
426	263
426	407
426	478
426	764
426	770
426	906
426	998
427	429
427	505
427	568
427	593
427	717
427	871
427	969
428	25
428	96
428	194
428	631
428	811
428	940
428	972
429	208
429	399
429	427
429	820
429	870
429	893
429	953
430	164
430	541
430	561
430	827
430	920
430	935
430	975
431	123
431	194
431	803
431	852
431	920
431	927
431	944
432	22
432	407
432	444
432	456
432	553
432	900
432	1000
433	439
433	590
433	694
433	723
433	866
433	888
433	959
434	125
434	306
434	732
434	796
434	806
434	856
434	968
435	138
435	181
435	371
435	590
435	792
435	937
435	939
436	14
436	121
436	412
436	437
436	665
436	732
436	867
437	436
437	621
437	732
437	817
437	946
437	971
437	983
438	321
438	626
438	712
438	724
438	737
438	926
438	997
439	239
439	290
439	375
439	433
439	815
439	931
439	974
440	264
440	405
440	448
440	735
440	808
440	934
440	968
441	308
441	475
441	611
441	690
441	752
441	966
441	986
442	324
442	494
442	757
442	764
442	782
442	891
442	974
443	225
443	323
443	490
443	596
443	871
443	960
443	994
444	155
444	254
444	270
444	369
444	432
444	883
444	966
445	179
445	362
445	516
445	651
445	789
445	863
445	880
446	280
446	408
446	536
446	623
446	778
446	892
446	997
447	252
447	366
447	513
447	857
447	860
447	966
447	986
448	440
448	455
448	515
448	735
448	806
448	961
448	968
449	23
449	45
449	314
449	681
449	682
449	788
449	925
450	210
450	325
450	680
450	776
450	899
450	943
450	951
451	74
451	213
451	462
451	554
451	568
451	859
451	862
452	591
452	698
452	794
452	858
452	933
452	949
452	989
453	105
453	345
453	384
453	406
453	562
453	786
453	963
454	329
454	393
454	580
454	783
454	787
454	831
454	835
455	24
455	116
455	149
455	448
455	680
455	766
455	879
456	14
456	21
456	378
456	432
456	719
456	883
456	924
457	493
457	520
457	767
457	819
457	827
457	956
457	979
458	459
458	841
458	859
458	947
458	958
458	978
458	983
459	23
459	304
459	347
459	458
459	525
459	681
459	919
460	19
460	390
460	484
460	494
460	757
460	790
460	974
461	103
461	489
461	922
461	971
461	973
461	979
461	984
462	156
462	451
462	706
462	755
462	884
462	909
462	963
463	79
463	485
463	690
463	786
463	812
463	869
463	907
464	189
464	299
464	413
464	559
464	639
464	814
464	835
465	129
465	242
465	635
465	701
465	933
465	951
465	964
466	115
466	187
466	735
466	817
466	894
466	907
466	965
467	83
467	564
467	685
467	856
467	868
467	946
467	958
468	267
468	469
468	773
468	910
468	924
468	928
468	967
469	213
469	236
469	468
469	663
469	707
469	754
469	924
470	216
470	516
470	538
470	811
470	903
470	904
470	922
471	181
471	573
471	578
471	656
471	774
471	858
471	946
472	572
472	623
472	712
472	737
472	926
472	955
472	997
473	15
473	80
473	539
473	846
473	963
473	977
473	990
474	130
474	510
474	838
474	898
474	948
474	992
474	995
475	441
475	513
475	565
475	596
475	843
475	847
475	850
476	118
476	182
476	389
476	487
476	501
476	772
476	791
477	271
477	543
477	690
477	723
477	892
477	936
477	986
478	426
478	503
478	539
478	566
478	751
478	753
478	915
479	62
479	356
479	590
479	849
479	866
479	888
479	925
480	132
480	139
480	287
480	548
480	751
480	810
480	864
481	301
481	368
481	487
481	549
481	736
481	960
481	978
482	612
482	739
482	775
482	840
482	868
482	927
482	944
483	19
483	37
483	250
483	616
483	840
483	933
483	942
484	169
484	460
484	543
484	589
484	929
484	985
484	988
485	125
485	164
485	255
485	463
485	587
485	964
485	987
486	339
486	656
486	884
486	909
486	916
486	938
486	984
487	389
487	476
487	481
487	809
487	896
487	908
487	913
488	150
488	240
488	302
488	528
488	815
488	825
488	963
489	68
489	461
489	514
489	659
489	719
489	884
489	941
490	262
490	443
490	553
490	736
490	813
490	871
490	964
491	52
491	153
491	827
491	878
491	882
491	890
491	952
492	41
492	71
492	364
492	681
492	906
492	911
492	981
493	457
493	819
493	884
493	894
493	950
493	956
493	963
494	124
494	442
494	460
494	757
494	790
494	940
494	941
495	283
495	645
495	666
495	698
495	781
495	858
495	989
496	344
496	690
496	718
496	860
496	878
496	952
496	957
497	6
497	159
497	614
497	769
497	786
497	877
497	987
498	552
498	625
498	630
498	723
498	911
498	932
498	981
499	82
499	390
499	696
499	782
499	790
499	912
499	914
500	531
500	736
500	881
500	922
500	944
500	947
500	971
501	476
501	510
501	741
501	750
501	890
501	913
501	924
502	383
502	394
502	677
502	848
502	870
502	953
502	962
503	137
503	244
503	478
503	768
503	814
503	832
503	929
504	173
504	531
504	629
504	688
504	785
504	788
504	925
505	203
505	427
505	593
505	738
505	802
505	934
505	969
506	181
506	411
506	610
506	755
506	783
506	868
506	975
507	117
507	371
507	630
507	638
507	826
507	861
507	959
508	367
508	592
508	701
508	732
508	854
508	903
508	961
509	30
509	47
509	77
509	309
509	696
509	844
509	993
510	253
510	474
510	501
510	904
510	955
510	992
510	995
511	214
511	370
511	614
511	769
511	874
511	877
511	950
512	17
512	87
512	205
512	363
512	652
512	960
512	982
513	223
513	447
513	475
513	633
513	872
513	914
513	974
514	100
514	489
514	755
514	921
514	951
514	973
514	984
515	30
515	448
515	532
515	731
515	756
515	766
515	993
516	445
516	470
516	524
516	808
516	857
516	901
516	903
517	266
517	299
517	537
517	789
517	870
517	977
517	996
518	352
518	372
518	624
518	858
518	903
518	949
518	989
519	299
519	526
519	627
519	676
519	832
519	853
519	958
520	66
520	330
520	457
520	600
520	726
520	828
520	963
520	998
521	625
521	837
521	846
521	906
521	911
521	941
521	965
521	981
522	382
522	401
522	630
522	663
522	890
522	923
522	924
522	992
523	59
523	266
523	275
523	370
523	614
523	794
523	852
523	987
524	19
524	44
524	516
524	650
524	684
524	899
524	933
524	943
525	156
525	347
525	459
525	546
525	826
525	873
525	925
525	992
526	359
526	519
526	553
526	619
526	802
526	929
526	953
526	985
527	422
527	548
527	648
527	662
527	729
527	751
527	828
527	830
528	75
528	295
528	360
528	488
528	534
528	600
528	934
528	990
529	350
529	384
529	652
529	701
529	781
529	865
529	868
529	886
530	92
530	192
530	626
530	725
530	871
530	882
530	902
530	982
531	12
531	63
531	500
531	504
531	922
531	978
531	983
531	991
532	315
532	515
532	696
532	731
532	863
532	889
532	970
532	988
533	108
533	139
533	194
533	287
533	289
533	566
533	702
533	796
534	373
534	397
534	528
534	550
534	860
534	954
534	979
534	997
535	228
535	305
535	629
535	749
535	784
535	883
535	945
535	957
536	260
536	446
536	582
536	623
536	737
536	739
536	881
536	921
537	377
537	517
537	625
537	669
537	716
537	898
537	937
537	955
538	295
538	470
538	637
538	655
538	669
538	811
538	940
538	990
539	15
539	473
539	478
539	819
539	851
539	853
539	866
539	963
540	94
540	233
540	248
540	541
540	576
540	598
540	824
540	869
541	348
541	430
541	540
541	674
541	684
541	724
541	780
541	940
542	7
542	9
542	36
542	156
542	256
542	821
542	874
542	987
543	477
543	484
543	544
543	574
543	640
543	799
543	985
543	988
544	64
544	80
544	543
544	851
544	950
544	954
544	979
544	982
545	339
545	551
545	567
545	713
545	753
545	757
545	891
545	974
546	9
546	310
546	381
546	525
546	626
546	739
546	785
546	788
547	9
547	36
547	147
547	156
547	304
547	381
547	884
547	925
548	20
548	75
548	277
548	480
548	527
548	702
548	753
548	866
549	362
549	481
549	733
549	824
549	835
549	843
549	847
549	850
550	167
550	290
550	397
550	534
550	815
550	954
550	975
550	979
551	190
551	253
551	413
551	545
551	711
551	769
551	898
551	992
552	373
552	498
552	606
552	688
552	816
552	868
552	895
552	946
553	432
553	490
553	526
553	643
553	799
553	833
553	988
553	1000
554	94
554	451
554	568
554	661
554	741
554	845
554	887
554	946
555	91
555	113
555	225
555	587
555	685
555	807
555	842
555	905
556	383
556	618
556	628
556	743
556	776
556	844
556	948
556	970
557	70
557	209
557	218
557	605
557	636
557	721
557	804
557	999
558	43
558	312
558	559
558	765
558	818
558	893
558	926
558	962
559	63
559	243
559	464
559	558
559	600
559	644
559	832
559	875
560	590
560	750
560	818
560	885
560	896
560	910
560	913
560	948
561	406
561	430
561	636
561	674
561	754
561	824
561	873
561	967
562	255
562	357
562	453
562	565
562	786
562	787
562	964
562	967
563	58
563	330
563	343
563	577
563	817
563	894
563	932
563	961
564	275
564	350
564	467
564	693
564	814
564	865
564	868
564	991
565	42
565	262
565	475
565	562
565	632
565	759
565	969
565	980
566	20
566	287
566	386
566	393
566	478
566	533
566	691
566	729
567	136
567	268
567	304
567	314
567	410
567	545
567	629
567	788
568	145
568	427
568	451
568	554
568	593
568	601
568	746
568	986
569	168
569	381
569	421
569	675
569	717
569	746
569	845
569	969
570	97
570	829
570	841
570	881
570	947
570	972
570	978
570	991
571	283
571	286
571	292
571	799
571	833
571	962
571	985
571	988
572	38
572	47
572	472
572	726
572	851
572	954
572	963
572	979
573	214
573	384
573	391
573	471
573	658
573	787
573	891
573	946
574	188
574	380
574	543
574	602
574	833
574	929
574	985
574	988
575	276
575	303
575	639
575	673
575	814
575	875
575	958
575	980
576	307
576	540
576	701
576	780
576	882
576	900
576	943
576	951
577	236
577	298
577	563
577	677
577	816
577	912
577	962
577	996
578	212
578	238
578	363
578	471
578	787
578	886
578	950
578	955
579	40
579	117
579	336
579	415
579	587
579	692
579	861
579	974
580	110
580	424
580	454
580	713
580	914
580	941
580	969
580	974
581	97
581	287
581	588
581	696
581	922
581	932
581	947
581	983
582	408
582	536
582	784
582	787
582	870
582	892
582	926
582	972
583	252
583	286
583	619
583	643
583	646
583	982
583	985
583	988
584	282
584	369
584	585
584	605
584	680
584	687
584	951
584	991
585	176
585	288
585	584
585	687
585	704
585	879
585	915
585	999
586	180
586	292
586	647
586	771
586	806
586	894
586	953
586	961
587	13
587	485
587	555
587	579
587	607
587	638
587	888
587	947
588	158
588	581
588	849
588	859
588	908
588	922
588	991
588	998
589	90
589	484
589	643
589	674
589	823
589	889
589	929
589	985
590	433
590	435
590	479
590	560
590	686
590	723
590	815
590	976
591	259
591	281
591	452
591	695
591	698
591	877
591	905
591	949
592	263
592	337
592	508
592	808
592	863
592	880
592	913
592	940
593	225
593	427
593	505
593	568
593	661
593	746
593	969
593	973
594	234
594	645
594	722
594	810
594	842
594	902
594	963
594	982
595	39
595	263
595	713
595	751
595	795
595	810
595	846
595	985
596	20
596	42
596	368
596	443
596	475
596	844
596	904
596	960
597	61
597	664
597	776
597	798
597	873
597	876
597	945
597	957
598	99
598	540
598	674
598	800
598	824
598	827
598	964
598	967
599	93
599	178
599	394
599	403
599	663
599	786
599	812
599	920
600	520
600	528
600	559
600	603
600	690
600	825
600	931
600	954
601	168
601	329
601	351
601	380
601	568
601	623
601	887
601	969
602	122
602	574
602	663
602	707
602	783
602	908
602	913
602	923
603	600
603	632
603	649
603	815
603	825
603	851
603	950
603	963
604	153
604	183
604	379
604	747
604	755
604	790
604	855
604	909
605	153
605	282
605	557
605	584
605	613
605	642
605	669
605	804
606	104
606	363
606	552
606	725
606	783
606	817
606	870
606	946
607	352
607	413
607	587
607	792
607	794
607	834
607	855
607	976
608	177
608	316
608	417
608	620
608	699
608	816
608	946
608	962
609	175
609	214
609	240
609	393
609	658
609	856
609	896
609	946
610	18
610	264
610	341
610	354
610	416
610	506
610	917
610	965
611	137
611	158
611	391
611	441
611	653
611	657
611	673
611	768
612	326
612	482
612	651
612	739
612	775
612	803
612	833
612	897
612	944
613	163
613	166
613	605
613	661
613	686
613	741
613	774
613	845
613	887
614	283
614	497
614	511
614	523
614	760
614	821
614	874
614	891
614	923
615	205
615	645
615	652
615	686
615	736
615	902
615	938
615	957
615	982
616	22
616	331
616	483
616	619
616	650
616	780
616	900
616	933
616	942
617	100
617	261
617	620
617	635
617	745
617	885
617	916
617	971
617	984
618	245
618	556
618	625
618	628
618	776
618	928
618	966
618	970
618	993
619	526
619	583
619	616
619	643
619	833
619	929
619	967
619	985
619	988
620	43
620	177
620	608
620	617
620	677
620	818
620	857
620	989
620	996
621	149
621	239
621	297
621	341
621	437
621	660
621	796
621	806
621	882
622	21
622	35
622	254
622	378
622	719
622	873
622	908
622	945
622	957
623	45
623	229
623	446
623	472
623	536
623	601
623	682
623	829
623	892
624	18
624	318
624	518
624	678
624	727
624	781
624	813
624	949
624	989
625	498
625	521
625	537
625	618
625	628
625	846
625	906
625	930
625	981
626	92
626	438
626	530
626	546
626	645
626	667
626	675
626	836
626	965
627	193
627	207
627	254
627	351
627	402
627	519
627	641
627	749
627	988
628	245
628	300
628	329
628	381
628	556
628	618
628	625
628	889
628	993
629	9
629	204
629	370
629	504
629	535
629	567
629	724
629	826
629	925
630	498
630	507
630	522
630	855
630	906
630	911
630	930
630	965
630	981
631	42
631	248
631	340
631	428
631	874
631	918
631	919
631	977
631	986
632	5
632	66
632	365
632	565
632	603
632	748
632	850
632	887
632	994
633	315
633	513
633	738
633	790
633	793
633	872
633	914
633	941
633	974
634	243
634	267
634	708
634	777
634	816
634	870
634	889
634	893
634	953
635	216
635	465
635	617
635	842
635	884
635	916
635	971
635	973
635	984
636	401
636	557
636	561
636	663
636	676
636	750
636	872
636	924
636	928
637	293
637	538
637	689
637	774
637	781
637	808
637	880
637	901
637	903
638	138
638	257
638	369
638	371
638	507
638	587
638	755
638	939
638	976
639	161
639	187
639	299
639	464
639	575
639	758
639	768
639	938
639	958
640	11
640	188
640	334
640	543
640	823
640	861
640	933
640	988
640	990
641	102
641	228
641	320
641	403
641	627
641	683
641	798
641	945
641	957
642	167
642	325
642	605
642	766
642	796
642	837
642	915
642	928
642	999
643	59
643	286
643	376
643	392
643	553
643	583
643	589
643	619
643	929
644	235
644	249
644	303
644	559
644	657
644	853
644	956
644	958
644	982
645	192
645	495
645	594
645	615
645	626
645	667
645	799
645	838
645	902
646	583
646	648
646	799
646	802
646	833
646	929
646	952
646	963
646	988
647	278
647	341
647	586
647	813
647	867
647	888
647	894
647	965
647	968
648	140
648	289
648	527
648	646
648	729
648	753
648	757
648	764
648	979
649	157
649	329
649	403
649	603
649	693
649	809
649	831
649	895
649	975
650	14
650	398
650	524
650	616
650	701
650	855
650	899
650	942
650	943
651	60
651	293
651	412
651	445
651	612
651	854
651	863
651	880
651	933
652	41
652	58
652	512
652	529
652	615
652	758
652	836
652	950
652	982
653	191
653	229
653	611
653	673
653	793
653	853
653	875
653	877
653	958
654	162
654	210
654	699
654	789
654	816
654	856
654	893
654	912
654	996
655	216
655	265
655	345
655	349
655	538
655	863
655	901
655	903
655	929
656	214
656	471
656	486
656	787
656	809
656	865
656	895
656	910
656	999
657	189
657	260
657	316
657	417
657	611
657	644
657	758
657	768
657	875
658	83
658	350
658	377
658	411
658	573
658	609
658	803
658	844
658	895
659	145
659	154
659	400
659	425
659	489
659	747
659	916
659	971
659	973
660	251
660	252
660	621
660	867
660	879
660	917
660	952
660	965
660	968
661	74
661	170
661	213
661	554
661	593
661	613
661	738
661	741
661	826
662	133
662	206
662	425
662	527
662	849
662	922
662	947
662	983
662	991
663	197
663	382
663	469
663	522
663	599
663	602
663	636
663	822
663	924
664	160
664	597
664	671
664	718
664	857
664	864
664	901
664	966
664	996
665	199
665	221
665	400
665	436
665	733
665	843
665	871
665	960
665	980
666	495
666	727
666	778
666	781
666	858
666	897
666	907
666	989
666	995
667	366
667	419
667	626
667	645
667	675
667	836
667	842
667	895
667	982
668	93
668	202
668	302
668	754
668	827
668	836
668	869
668	893
668	967
669	27
669	86
669	362
669	537
669	538
669	605
669	680
669	915
669	999
670	30
670	711
670	716
670	793
670	817
670	828
670	948
670	955
670	992
671	38
671	664
671	672
671	752
671	864
671	919
671	949
671	952
671	977
672	134
672	671
672	710
672	772
672	839
672	880
672	899
672	952
672	986
673	391
673	575
673	611
673	653
673	748
673	807
673	832
673	937
673	958
674	93
674	285
674	541
674	561
674	589
674	598
674	766
674	967
674	980
675	196
675	569
675	626
675	667
675	686
675	836
675	890
675	891
675	982
676	10
676	279
676	519
676	636
676	781
676	822
676	891
676	896
676	908
677	36
677	238
677	383
677	406
677	502
677	577
677	620
677	708
677	962
677	996
678	53
678	117
678	281
678	312
678	624
678	695
678	781
678	858
678	987
678	989
679	67
679	281
679	318
679	368
679	727
679	778
679	913
679	949
679	954
679	989
680	116
680	325
680	331
680	450
680	455
680	584
680	669
680	704
680	786
680	999
681	175
681	314
681	359
681	449
681	459
681	492
681	785
681	826
681	831
681	925
682	260
682	409
682	449
682	623
682	782
682	784
682	862
682	972
682	984
682	997
683	343
683	641
683	745
683	747
683	788
683	916
683	938
683	971
683	984
683	991
684	159
684	228
684	285
684	403
684	406
684	524
684	541
684	827
684	964
684	989
685	91
685	99
685	197
685	246
685	467
685	555
685	730
685	762
685	883
685	905
686	50
686	92
686	590
686	613
686	615
686	675
686	725
686	902
686	977
686	982
687	86
687	143
687	192
687	209
687	584
687	585
687	691
687	705
687	908
687	999
688	238
688	316
688	411
688	504
688	552
688	692
688	711
688	783
688	831
688	946
689	257
689	280
689	349
689	637
689	715
689	756
689	896
689	901
689	903
689	940
690	308
690	441
690	463
690	477
690	496
690	600
690	691
690	837
690	936
690	998
691	272
691	304
691	388
691	566
691	687
691	690
691	697
691	753
691	795
691	830
692	138
692	257
692	352
692	420
692	579
692	688
692	723
692	838
692	976
692	1000
693	308
693	350
693	384
693	564
693	649
693	805
693	831
693	865
693	885
693	975
694	246
694	433
694	729
694	730
694	761
694	762
694	767
694	807
694	808
694	905
695	230
695	398
695	591
695	678
695	698
695	867
695	907
695	925
695	949
695	989
696	137
696	499
696	509
696	532
696	581
696	728
696	731
696	844
696	970
696	993
697	287
697	388
697	691
697	698
697	702
697	729
697	751
697	810
697	855
697	961
698	452
698	495
698	591
698	695
698	697
698	858
698	926
698	930
698	949
698	989
699	417
699	608
699	654
699	816
699	877
699	912
699	940
699	962
699	986
699	996
700	191
700	242
700	291
700	772
700	780
700	847
700	899
700	942
700	943
700	997
701	141
701	237
701	465
701	508
701	529
701	576
701	650
701	899
701	900
701	942
702	129
702	140
702	533
702	548
702	697
702	729
702	764
702	830
702	925
702	931
703	24
703	71
703	134
703	153
703	709
703	747
703	839
703	864
703	952
703	986
704	4
704	25
704	143
704	369
704	585
704	680
704	766
704	853
704	915
704	948
705	80
705	116
705	325
705	687
705	707
705	766
705	804
705	879
705	915
705	949
706	109
706	379
706	462
706	708
706	745
706	755
706	917
706	934
706	973
706	984
707	39
707	336
707	469
707	602
707	705
707	822
707	885
707	908
707	913
707	928
708	48
708	120
708	634
708	677
708	706
708	818
708	893
708	923
708	962
708	992
709	160
709	182
709	308
709	703
709	718
709	761
709	857
709	878
709	918
709	994
710	201
710	672
710	718
710	814
710	919
710	924
710	936
710	945
710	966
710	977
711	278
711	319
711	551
711	670
711	688
711	778
711	930
711	937
711	955
711	995
712	296
712	319
712	335
712	341
712	438
712	472
712	759
712	784
712	921
712	972
713	148
713	167
713	391
713	424
713	545
713	580
713	595
713	790
713	872
713	891
714	173
714	224
714	414
714	719
714	721
714	865
714	873
714	902
714	945
714	1000
715	274
715	298
715	689
715	742
715	792
715	877
715	916
715	938
715	973
715	984
716	124
716	196
716	422
716	537
716	670
716	776
716	948
716	955
716	992
716	995
717	380
717	409
717	427
717	569
717	720
717	741
717	746
717	763
717	845
717	969
718	46
718	220
718	366
718	496
718	664
718	709
718	710
718	883
718	918
718	976
719	424
719	456
719	489
719	622
719	714
719	766
719	798
719	873
719	957
719	1000
720	104
720	147
720	251
720	717
720	782
720	809
720	844
720	886
720	895
720	975
721	22
721	61
721	284
721	378
721	557
721	714
721	749
721	873
721	908
721	910
722	50
722	87
722	196
722	314
722	387
722	594
722	725
722	832
722	836
722	842
723	197
723	433
723	477
723	498
723	590
723	692
723	838
723	861
723	888
723	959
724	226
724	327
724	394
724	438
724	541
724	629
724	730
724	827
724	848
724	920
725	234
725	279
725	530
725	606
725	686
725	722
725	794
725	842
725	902
725	982
726	520
726	572
726	743
726	784
726	819
726	825
726	934
726	959
726	979
726	990
727	53
727	188
727	355
727	398
727	624
727	666
727	679
727	751
727	778
727	989
728	138
728	157
728	300
728	315
728	384
728	696
728	738
728	743
728	844
728	993
729	28
729	422
729	527
729	566
729	648
729	694
729	697
729	702
729	751
729	893
730	16
730	73
730	77
730	113
730	210
730	685
730	694
730	724
730	767
730	807
731	268
731	515
731	532
731	696
731	756
731	776
731	849
731	878
731	970
731	993
732	14
732	434
732	436
732	437
732	508
732	867
732	917
732	919
732	923
732	965
733	549
733	665
733	744
733	757
733	847
733	902
733	904
733	947
733	980
733	994
734	81
734	356
734	389
734	834
734	838
734	866
734	939
734	948
734	976
734	999
735	115
735	382
735	440
735	448
735	466
735	748
735	771
735	792
735	965
735	968
736	5
736	38
736	42
736	227
736	481
736	490
736	500
736	615
736	744
736	813
737	111
737	276
737	438
737	472
737	536
737	838
737	862
737	926
737	997
737	1000
738	163
738	166
738	380
738	505
738	633
738	661
738	728
738	769
738	845
738	969
739	3
739	51
739	395
739	482
739	536
739	546
739	612
739	779
739	852
739	927
739	968
740	5
740	40
740	133
740	165
740	211
740	279
740	301
740	416
740	742
740	835
740	980
741	421
741	501
741	554
741	613
741	661
741	717
741	777
741	836
741	845
741	887
741	969
742	196
742	390
742	425
742	715
742	740
742	743
742	916
742	938
742	971
742	973
742	984
743	177
743	556
743	726
743	728
743	742
743	776
743	844
743	889
743	970
743	982
743	993
744	31
744	84
744	130
744	180
744	733
744	736
744	789
744	797
744	813
744	853
744	980
745	145
745	617
745	683
745	706
745	746
745	747
745	784
745	884
745	903
745	916
745	973
746	213
746	251
746	421
746	568
746	569
746	593
746	717
746	745
746	887
746	902
746	969
747	100
747	109
747	274
747	604
747	659
747	683
747	703
747	745
747	884
747	892
747	929
748	191
748	299
748	303
748	365
748	632
748	673
748	735
748	758
748	832
748	875
748	958
749	31
749	78
749	131
749	173
749	188
749	212
749	378
749	535
749	627
749	721
749	798
750	104
750	178
750	311
750	501
750	560
750	636
750	773
750	791
750	822
750	918
750	923
751	478
751	480
751	527
751	595
751	697
751	727
751	729
751	764
751	782
751	795
751	968
752	56
752	261
752	308
752	309
752	441
752	671
752	834
752	919
752	977
752	986
752	998
753	39
753	263
753	478
753	545
753	548
753	648
753	691
753	764
753	830
753	853
753	931
754	125
754	226
754	345
754	351
754	394
754	469
754	561
754	668
754	964
754	982
754	983
755	33
755	68
755	87
755	367
755	425
755	462
755	506
755	514
755	604
755	638
755	706
756	342
756	386
756	515
756	689
756	731
756	776
756	844
756	889
756	932
756	970
756	993
757	442
757	460
757	494
757	545
757	648
757	733
757	872
757	876
757	891
757	941
757	974
758	189
758	303
758	401
758	639
758	652
758	657
758	748
758	814
758	832
758	875
758	950
759	147
759	253
759	259
759	311
759	565
759	712
759	813
759	835
759	871
759	904
759	960
760	7
760	32
760	171
760	420
760	614
760	762
760	769
760	794
760	821
760	898
760	987
761	72
761	95
761	113
761	159
761	225
761	418
761	694
761	709
761	849
761	905
761	922
762	73
762	113
762	197
762	246
762	418
762	685
762	694
762	760
762	804
762	806
762	905
763	396
763	717
763	805
763	849
763	875
763	881
763	922
763	929
763	947
763	983
763	991
764	65
764	422
764	426
764	442
764	648
764	702
764	751
764	753
764	770
764	795
764	998
765	146
765	404
765	558
765	818
765	820
765	870
765	900
765	912
765	926
765	954
765	996
766	27
766	455
766	515
766	642
766	674
766	704
766	705
766	719
766	915
766	975
766	999
767	154
767	197
767	225
767	305
767	418
767	457
767	694
767	730
767	807
767	859
767	905
768	34
768	63
768	79
768	161
768	503
768	611
768	639
768	657
768	853
768	899
768	958
769	54
769	256
769	497
769	511
769	551
769	738
769	760
769	794
769	874
769	939
769	987
770	139
770	272
770	310
770	388
770	426
770	764
770	771
770	772
770	810
770	830
770	988
771	330
771	389
771	405
771	586
771	735
771	770
771	773
771	796
771	867
771	894
771	965
772	170
772	273
772	291
772	476
772	672
772	700
772	770
772	780
772	900
772	933
772	942
772	951
773	56
773	288
773	401
773	468
773	750
773	771
773	785
773	908
773	910
773	923
773	928
773	954
774	383
774	471
774	613
774	637
774	834
774	838
774	861
774	866
774	888
774	939
774	959
774	976
775	86
775	152
775	217
775	395
775	482
775	612
775	779
775	783
775	845
775	852
775	897
775	927
776	30
776	35
776	450
776	556
776	597
776	618
776	716
776	731
776	743
776	756
776	806
776	993
777	285
777	309
777	419
777	634
777	741
777	841
777	859
777	922
777	947
777	978
777	983
777	991
778	53
778	186
778	446
778	666
778	679
778	711
778	727
778	812
778	858
778	907
778	949
778	950
779	111
779	152
779	222
779	361
779	739
779	775
779	800
779	803
779	852
779	897
779	922
779	927
780	313
780	331
780	541
780	576
780	616
780	700
780	772
780	783
780	840
780	892
780	943
780	980
781	26
781	372
781	495
781	529
781	624
781	637
781	666
781	676
781	678
781	858
781	949
781	989
782	82
782	98
782	390
782	442
782	499
782	682
782	720
782	751
782	872
782	891
782	914
782	941
783	195
783	212
783	411
783	454
783	506
783	602
783	606
783	688
783	775
783	780
783	865
783	876
784	260
784	289
784	423
784	535
784	582
784	682
784	712
784	726
784	745
784	921
784	926
784	972
785	23
785	175
785	204
785	504
785	546
785	681
785	773
785	788
785	826
785	925
785	967
785	971
786	140
786	176
786	265
786	453
786	463
786	497
786	562
786	599
786	680
786	788
786	920
786	964
787	147
787	256
787	454
787	562
787	573
787	578
787	582
787	656
787	856
787	886
787	943
787	975
788	9
788	449
788	504
788	546
788	567
788	683
788	785
788	786
788	791
788	826
788	834
788	925
789	138
789	361
789	445
789	517
789	654
789	744
789	816
789	820
789	870
789	893
789	953
789	996
790	245
790	339
790	376
790	460
790	494
790	499
790	604
790	633
790	713
790	920
790	941
790	974
791	34
791	36
791	295
791	401
791	476
791	750
791	788
791	860
791	885
791	890
791	910
791	924
792	336
792	356
792	404
792	411
792	435
792	607
792	715
792	735
792	834
792	838
792	866
792	976
793	174
793	222
793	294
793	633
793	653
793	670
793	861
793	898
793	937
793	955
793	992
793	995
794	59
794	158
794	275
794	452
794	523
794	607
794	725
794	760
794	769
794	822
794	877
794	987
795	7
795	39
795	207
795	272
795	287
795	378
795	595
795	691
795	751
795	764
795	810
795	993
796	405
796	434
796	533
796	621
796	642
796	771
796	803
796	817
796	894
796	932
796	961
796	968
797	130
797	135
797	263
797	301
797	368
797	744
797	813
797	843
797	904
797	960
797	984
797	994
798	31
798	185
798	207
798	274
798	351
798	378
798	597
798	641
798	719
798	749
798	823
798	957
799	11
799	16
799	55
799	226
799	334
799	543
799	553
799	571
799	645
799	646
799	833
799	851
800	3
800	51
800	161
800	204
800	326
800	598
800	779
800	852
800	897
800	927
800	937
800	944
801	33
801	190
801	227
801	325
801	355
801	835
801	843
801	863
801	904
801	960
801	980
801	994
802	55
802	334
802	353
802	505
802	526
802	646
802	823
802	921
802	925
802	929
802	985
802	988
803	241
803	273
803	395
803	431
803	612
803	658
803	779
803	796
803	897
803	922
803	927
803	944
804	24
804	84
804	174
804	209
804	362
804	557
804	605
804	705
804	762
804	879
804	915
804	951
805	141
805	172
805	322
805	693
805	763
805	841
805	859
805	881
805	898
805	922
805	978
805	991
806	29
806	169
806	306
806	353
806	434
806	448
806	586
806	621
806	762
806	776
806	935
806	961
807	95
807	225
807	269
807	418
807	555
807	673
807	694
807	730
807	767
807	810
807	897
807	972
808	216
808	293
808	440
808	516
808	592
808	637
808	694
808	854
808	863
808	869
808	903
808	940
809	70
809	83
809	487
809	649
809	656
809	720
809	868
809	886
809	941
809	943
809	946
809	975
810	108
810	289
810	326
810	480
810	594
810	595
810	697
810	770
810	795
810	807
810	830
810	839
811	191
811	250
811	280
811	304
811	385
811	412
811	428
811	470
811	538
811	854
811	863
811	901
812	159
812	189
812	209
812	226
812	265
812	394
812	463
812	599
812	778
812	827
812	832
812	848
813	130
813	490
813	624
813	647
813	736
813	744
813	759
813	797
813	847
813	850
813	917
813	994
814	10
814	243
814	249
814	306
814	332
814	464
814	503
814	564
814	575
814	710
814	758
814	958
815	39
815	256
815	439
815	488
815	550
815	590
815	603
815	954
815	956
815	963
815	969
815	990
816	48
816	394
816	552
816	577
816	608
816	634
816	654
816	699
816	789
816	820
816	825
816	912
817	18
817	207
817	230
817	353
817	437
817	466
817	563
817	606
817	670
817	796
817	961
817	1000
818	11
818	75
818	146
818	166
818	266
818	558
818	560
818	620
818	708
818	765
818	820
818	912
819	356
819	457
819	493
819	539
819	726
819	879
819	931
819	934
819	942
819	954
819	961
819	979
819	990
820	266
820	334
820	399
820	429
820	765
820	789
820	816
820	818
820	926
820	951
820	953
820	972
820	996
821	6
821	128
821	256
821	258
821	338
821	542
821	614
821	760
821	826
821	874
821	927
821	966
821	987
822	131
822	178
822	285
822	346
822	663
822	676
822	707
822	750
822	794
822	883
822	890
822	913
822	923
823	16
823	172
823	283
823	328
823	392
823	409
823	589
823	640
823	798
823	802
823	826
823	929
823	985
824	74
824	125
824	223
824	233
824	302
824	357
824	403
824	540
824	549
824	561
824	598
824	941
824	964
825	133
825	397
825	488
825	600
825	603
825	726
825	816
825	931
825	948
825	950
825	956
825	976
825	979
826	268
826	304
826	381
826	507
826	525
826	629
826	661
826	681
826	785
826	788
826	821
826	823
826	925
827	247
827	375
827	430
827	457
827	491
827	598
827	668
827	684
827	724
827	812
827	848
827	920
827	967
828	127
828	232
828	294
828	520
828	527
828	670
828	848
828	937
828	948
828	955
828	978
828	992
828	995
829	183
829	221
829	229
829	235
829	250
829	387
829	570
829	623
829	862
829	865
829	914
829	972
829	997
830	140
830	272
830	281
830	289
830	297
830	310
830	527
830	691
830	702
830	753
830	770
830	810
830	934
831	240
831	363
831	454
831	649
831	681
831	688
831	693
831	865
831	917
831	932
831	946
831	970
831	975
832	63
832	391
832	503
832	519
832	559
832	673
832	722
832	748
832	758
832	812
832	873
832	875
832	899
833	16
833	232
833	359
833	553
833	571
833	574
833	612
833	619
833	646
833	799
833	897
833	929
833	985
834	13
834	29
834	146
834	376
834	607
834	734
834	752
834	774
834	788
834	792
834	838
834	888
834	976
835	27
835	454
835	464
835	549
835	740
835	759
835	801
835	847
835	850
835	871
835	960
835	986
835	994
836	41
836	58
836	264
836	626
836	652
836	667
836	668
836	675
836	722
836	741
836	898
836	902
836	982
837	113
837	215
837	271
837	340
837	354
837	410
837	521
837	642
837	690
837	857
837	860
837	928
837	966
838	29
838	474
838	645
838	692
838	723
838	734
838	737
838	774
838	792
838	834
838	861
838	904
838	939
839	67
839	186
839	220
839	672
839	703
839	810
839	857
839	878
839	919
839	936
839	953
839	977
839	986
840	4
840	193
840	210
840	242
840	313
840	424
840	482
840	483
840	780
840	939
840	942
840	943
840	951
841	12
841	141
841	458
841	570
841	777
841	805
841	849
841	888
841	947
841	960
841	971
841	978
841	991
842	17
842	41
842	234
842	239
842	555
842	594
842	635
842	667
842	722
842	725
842	902
842	970
842	982
843	165
843	282
843	365
843	400
843	475
843	549
843	665
843	797
843	801
843	972
843	980
843	981
843	994
844	309
844	509
844	556
844	596
844	658
844	696
844	720
844	728
844	743
844	756
844	889
844	970
844	993
845	29
845	105
845	421
845	554
845	569
845	613
845	717
845	738
845	741
845	775
845	887
845	928
845	969
846	65
846	71
846	164
846	277
846	473
846	521
846	595
846	625
846	855
846	911
846	928
846	930
846	981
847	40
847	294
847	311
847	475
847	549
847	700
847	733
847	813
847	835
847	850
847	936
847	960
847	973
847	980
848	99
848	101
848	115
848	323
848	345
848	348
848	502
848	724
848	812
848	827
848	828
848	869
848	943
848	967
849	206
849	254
849	419
849	479
849	588
849	662
849	731
849	761
849	763
849	841
849	881
849	922
849	983
849	991
850	180
850	227
850	234
850	400
850	475
850	549
850	632
850	813
850	835
850	847
850	894
850	935
850	990
850	994
851	38
851	64
851	135
851	203
851	539
851	544
851	572
851	603
851	799
851	915
851	931
851	954
851	979
851	982
852	77
852	111
852	220
852	326
852	395
852	431
852	523
852	739
852	775
852	779
852	800
852	897
852	944
852	998
853	191
853	249
853	303
853	332
853	391
853	519
853	539
853	644
853	653
853	704
853	744
853	753
853	768
853	958
854	179
854	280
854	290
854	295
854	337
854	396
854	508
854	651
854	808
854	811
854	880
854	940
854	973
854	983
855	142
855	162
855	277
855	364
855	604
855	607
855	630
855	650
855	697
855	846
855	906
855	911
855	930
855	981
856	57
856	83
856	251
856	393
856	411
856	434
856	467
856	609
856	654
856	787
856	871
856	875
856	895
856	978
857	168
857	212
857	333
857	447
857	516
857	620
857	664
857	709
857	837
857	839
857	864
857	936
857	966
857	977
858	45
858	149
858	318
858	452
858	471
858	495
858	518
858	666
858	678
858	698
858	778
858	781
858	923
858	989
859	97
859	262
859	396
859	451
859	458
859	588
859	767
859	777
859	805
859	864
859	881
859	947
859	983
859	991
860	134
860	220
860	395
860	447
860	496
860	534
860	791
860	837
860	919
860	936
860	955
860	986
860	993
860	998
861	107
861	404
861	415
861	507
861	579
861	640
861	723
861	774
861	793
861	838
861	881
861	939
861	959
861	993
862	49
862	250
862	414
862	423
862	451
862	682
862	737
862	829
862	873
862	921
862	926
862	972
862	977
862	987
863	60
863	385
863	445
863	532
863	592
863	651
863	655
863	801
863	808
863	811
863	880
863	903
863	918
863	964
864	80
864	480
864	664
864	671
864	703
864	857
864	859
864	878
864	918
864	919
864	936
864	954
864	966
864	998
865	86
865	151
865	184
865	259
865	393
865	529
865	564
865	656
865	693
865	714
865	783
865	829
865	831
865	975
866	107
866	336
866	356
866	433
866	479
866	539
866	548
866	734
866	774
866	792
866	872
866	959
866	960
866	976
867	106
867	276
867	292
867	436
867	647
867	660
867	695
867	732
867	771
867	880
867	932
867	935
867	961
867	970
868	25
868	195
868	329
868	349
868	379
868	467
868	482
868	506
868	529
868	552
868	564
868	809
868	886
868	975
869	79
869	164
869	176
869	233
869	296
869	348
869	364
869	463
869	540
869	668
869	808
869	848
869	920
869	953
870	32
870	102
870	266
870	361
870	429
870	502
870	517
870	582
870	606
870	634
870	765
870	789
870	953
870	979
871	94
871	178
871	227
871	355
871	427
871	443
871	490
871	530
871	665
871	759
871	835
871	856
871	924
871	994
872	150
872	223
872	376
872	513
872	633
872	636
872	713
872	757
872	782
872	866
872	881
872	914
872	941
872	974
873	253
873	351
873	407
873	525
873	561
873	597
873	622
873	714
873	719
873	721
873	832
873	862
873	876
873	945
873	957
874	24
874	32
874	205
874	229
874	258
874	385
874	420
874	511
874	542
874	614
874	631
874	769
874	821
874	877
874	940
875	243
875	332
875	559
875	575
875	653
875	657
875	748
875	758
875	763
875	832
875	856
875	882
875	958
875	996
875	997
876	102
876	131
876	155
876	317
876	402
876	597
876	757
876	783
876	873
876	883
876	907
876	942
876	957
876	962
876	1000
877	6
877	54
877	256
877	370
877	417
877	420
877	497
877	511
877	591
877	653
877	699
877	715
877	794
877	874
877	987
878	215
878	333
878	412
878	491
878	496
878	709
878	731
878	839
878	864
878	882
878	918
878	966
878	977
878	980
878	992
879	69
879	70
879	98
879	143
879	171
879	362
879	455
879	585
879	660
879	705
879	804
879	819
879	915
879	993
879	999
880	194
880	202
880	216
880	367
880	412
880	445
880	592
880	637
880	651
880	672
880	854
880	863
880	867
880	901
880	945
881	85
881	141
881	419
881	500
881	536
881	570
881	763
881	805
881	849
881	859
881	861
881	872
881	947
881	953
881	978
882	201
882	275
882	333
882	491
882	530
882	576
882	621
882	875
882	878
882	918
882	919
882	952
882	977
882	986
882	998
883	31
883	105
883	219
883	282
883	284
883	407
883	444
883	456
883	535
883	685
883	718
883	822
883	876
883	945
883	1000
884	68
884	183
884	243
884	462
884	486
884	489
884	493
884	547
884	635
884	745
884	747
884	938
884	971
884	973
884	981
885	279
885	288
885	344
885	346
885	389
885	560
885	617
885	693
885	707
885	791
885	889
885	908
885	913
885	928
885	975
886	57
886	142
886	151
886	238
886	260
886	316
886	529
886	578
886	720
886	787
886	809
886	868
886	893
886	959
886	975
887	163
887	168
887	203
887	380
887	387
887	421
887	554
887	601
887	613
887	632
887	741
887	746
887	845
887	949
887	995
888	46
888	332
888	352
888	402
888	433
888	479
888	587
888	647
888	723
888	774
888	834
888	841
888	951
888	959
888	976
889	49
889	157
889	245
889	315
889	532
889	589
889	628
889	634
889	743
889	756
889	844
889	885
889	964
889	970
889	993
890	101
890	182
890	248
890	382
890	491
890	501
890	522
890	675
890	791
890	822
890	908
890	923
890	924
890	928
890	931
891	82
891	223
891	339
891	424
891	442
891	545
891	573
891	614
891	675
891	676
891	713
891	757
891	782
891	941
891	974
892	296
892	305
892	338
892	387
892	414
892	446
892	477
892	582
892	623
892	747
892	780
892	926
892	962
892	972
892	997
893	75
893	399
893	429
893	558
893	634
893	654
893	668
893	708
893	729
893	789
893	886
893	896
893	953
893	962
893	996
894	18
894	231
894	297
894	466
894	493
894	563
894	586
894	647
894	771
894	796
894	850
894	903
894	917
894	932
894	983
895	104
895	152
895	184
895	231
895	240
895	247
895	552
895	649
895	656
895	658
895	667
895	720
895	856
895	936
895	946
896	56
896	182
896	185
896	208
896	279
896	343
896	487
896	560
896	609
896	676
896	689
896	893
896	908
896	913
896	923
897	111
897	123
897	217
897	348
897	395
897	612
897	666
897	775
897	779
897	800
897	803
897	807
897	833
897	852
897	944
898	128
898	190
898	253
898	320
898	346
898	392
898	474
898	537
898	551
898	760
898	793
898	805
898	836
898	937
898	948
899	17
899	101
899	170
899	187
899	313
899	450
899	524
899	650
899	672
899	700
899	701
899	768
899	832
899	900
899	951
900	200
900	210
900	273
900	432
900	576
900	616
900	701
900	765
900	772
900	899
900	905
900	942
900	943
900	951
900	970
901	60
901	96
901	280
901	295
901	349
901	357
901	516
901	637
901	655
901	664
901	689
901	811
901	880
901	904
901	958
901	990
902	196
902	234
902	359
902	530
902	594
902	615
902	645
902	686
902	714
902	725
902	733
902	746
902	836
902	842
902	936
902	982
903	25
903	337
903	367
903	385
903	470
903	508
903	516
903	518
903	637
903	655
903	689
903	745
903	808
903	863
903	894
903	938
904	94
904	211
904	311
904	355
904	470
904	510
904	596
904	733
904	759
904	797
904	801
904	838
904	901
904	906
904	960
904	980
905	77
905	95
905	154
905	269
905	355
905	404
905	418
905	555
905	591
905	685
905	694
905	761
905	762
905	767
905	900
905	994
906	26
906	76
906	110
906	126
906	358
906	364
906	426
906	492
906	521
906	625
906	630
906	855
906	904
906	911
906	978
906	981
907	53
907	67
907	99
907	186
907	281
907	353
907	372
907	398
907	463
907	466
907	666
907	695
907	778
907	876
907	949
907	989
908	208
908	344
908	487
908	588
908	602
908	622
908	676
908	687
908	707
908	721
908	773
908	885
908	890
908	896
908	910
908	916
909	88
909	109
909	165
909	343
909	379
909	425
909	462
909	486
909	604
909	910
909	913
909	914
909	952
909	971
909	973
909	984
910	12
910	199
910	236
910	279
910	344
910	468
910	560
910	656
910	721
910	773
910	791
910	908
910	909
910	923
910	925
910	928
911	65
911	162
911	195
911	218
911	342
911	364
911	399
911	492
911	498
911	521
911	630
911	846
911	855
911	906
911	935
911	981
912	44
912	177
912	200
912	257
912	328
912	499
912	577
912	654
912	699
912	765
912	816
912	818
912	913
912	952
912	962
912	996
913	199
913	255
913	288
913	487
913	501
913	560
913	592
913	602
913	679
913	707
913	822
913	885
913	896
913	909
913	912
913	924
914	223
914	339
914	376
914	424
914	499
914	513
914	580
914	633
914	782
914	829
914	872
914	909
914	919
914	924
914	941
914	971
915	155
915	167
915	258
915	369
915	478
915	585
915	642
915	669
915	704
915	705
915	766
915	804
915	851
915	879
915	920
915	999
916	32
916	110
916	235
916	343
916	486
916	617
916	635
916	659
916	683
916	715
916	742
916	745
916	908
916	938
916	971
916	995
917	14
917	19
917	37
917	297
917	330
917	353
917	358
917	610
917	660
917	706
917	732
917	813
917	831
917	894
917	935
917	968
918	20
918	215
918	354
918	631
918	709
918	718
918	750
918	863
918	864
918	878
918	882
918	936
918	947
918	952
918	966
918	998
919	52
919	120
919	221
919	459
919	631
919	671
919	710
919	732
919	752
919	839
919	860
919	864
919	882
919	914
919	966
919	998
920	101
920	105
920	192
920	348
920	398
920	403
920	430
920	431
920	599
920	724
920	786
920	790
920	827
920	869
920	915
920	964
920	967
921	45
921	276
921	296
921	335
921	374
921	408
921	409
921	514
921	536
921	712
921	784
921	802
921	862
921	972
921	996
921	997
921	998
922	89
922	461
922	470
922	500
922	531
922	581
922	588
922	662
922	761
922	763
922	777
922	779
922	803
922	805
922	849
922	978
922	983
923	114
923	185
923	236
923	333
923	389
923	522
923	602
923	614
923	708
923	732
923	750
923	773
923	822
923	858
923	890
923	896
923	910
924	34
924	382
924	401
924	456
924	468
924	469
924	501
924	522
924	636
924	663
924	710
924	791
924	871
924	890
924	913
924	914
924	934
925	136
925	268
925	314
925	449
925	479
925	504
925	525
925	547
925	629
925	681
925	695
925	702
925	785
925	788
925	802
925	826
925	910
926	83
926	221
926	235
926	276
926	335
926	438
926	472
926	558
926	582
926	698
926	737
926	765
926	784
926	820
926	862
926	892
926	997
927	51
927	111
927	163
927	206
927	217
927	234
927	241
927	286
927	431
927	482
927	739
927	775
927	779
927	800
927	803
927	821
927	944
928	10
928	185
928	199
928	344
928	389
928	468
928	618
928	636
928	642
928	707
928	773
928	837
928	845
928	846
928	885
928	890
928	910
929	52
929	359
929	484
929	503
929	526
929	574
929	589
929	619
929	643
929	646
929	655
929	747
929	763
929	802
929	823
929	833
929	985
930	26
930	65
930	71
930	76
930	142
930	162
930	164
930	318
930	342
930	418
930	625
930	630
930	698
930	711
930	846
930	855
930	981
931	133
931	135
931	150
931	265
931	373
931	375
931	439
931	600
931	702
931	753
931	819
931	825
931	851
931	890
931	942
931	950
931	954
932	28
932	98
932	121
932	149
932	169
932	231
932	498
932	563
932	581
932	756
932	796
932	831
932	867
932	894
932	961
932	965
932	985
933	117
933	170
933	193
933	291
933	301
933	313
933	340
933	452
933	465
933	483
933	524
933	616
933	640
933	651
933	772
933	942
933	943
933	951
934	69
934	133
934	150
934	375
934	397
934	440
934	505
934	528
934	706
934	726
934	819
934	830
934	924
934	941
934	954
934	956
934	963
934	990
935	28
935	118
935	149
935	208
935	252
935	292
935	330
935	416
935	430
935	806
935	850
935	867
935	911
935	917
935	942
935	961
935	965
935	968
936	248
936	271
936	321
936	477
936	690
936	710
936	839
936	847
936	857
936	860
936	864
936	895
936	902
936	918
936	946
936	952
936	966
936	968
937	127
937	148
937	222
937	278
937	294
937	319
937	377
937	425
937	435
937	537
937	673
937	711
937	793
937	800
937	828
937	898
937	992
937	995
938	96
938	219
938	244
938	298
938	307
938	343
938	372
938	425
938	486
938	615
938	639
938	683
938	715
938	742
938	884
938	903
938	916
938	984
939	13
939	46
939	62
939	81
939	179
939	198
939	404
939	435
939	638
939	734
939	769
939	774
939	838
939	840
939	861
939	959
939	992
939	996
940	96
940	179
940	194
940	337
940	349
940	367
940	428
940	494
940	538
940	541
940	592
940	689
940	699
940	808
940	854
940	874
940	965
940	995
941	82
941	278
941	390
941	489
941	494
941	521
941	580
941	633
941	757
941	782
941	790
941	809
941	824
941	872
941	891
941	914
941	934
941	974
942	129
942	246
942	313
942	483
942	616
942	650
942	700
942	701
942	772
942	819
942	840
942	876
942	900
942	931
942	933
942	935
942	943
942	951
942	962
943	129
943	171
943	242
943	273
943	450
943	524
943	576
943	650
943	700
943	780
943	787
943	809
943	840
943	848
943	900
943	933
943	942
943	949
943	950
944	3
944	48
944	51
944	152
944	204
944	217
944	241
944	326
944	431
944	482
944	500
944	612
944	800
944	803
944	852
944	897
944	927
944	957
944	972
945	2
945	61
945	62
945	102
945	211
945	224
945	271
945	535
945	597
945	622
945	641
945	710
945	714
945	873
945	880
945	883
945	955
945	957
945	1000
946	60
946	181
946	251
946	316
946	437
946	467
946	471
946	552
946	554
946	573
946	606
946	608
946	609
946	688
946	809
946	831
946	895
946	936
946	953
947	12
947	205
947	274
947	396
947	458
947	500
947	570
947	581
947	587
947	662
947	733
947	763
947	777
947	841
947	859
947	881
947	918
947	978
947	991
948	112
948	127
948	128
948	130
948	222
948	232
948	319
948	392
948	474
948	556
948	560
948	670
948	704
948	716
948	734
948	825
948	828
948	898
948	992
949	53
949	67
949	318
949	452
949	518
949	591
949	624
949	671
949	679
949	695
949	698
949	705
949	778
949	781
949	887
949	907
949	943
949	961
949	989
950	1
950	38
950	69
950	135
950	290
950	374
950	493
950	511
950	544
950	578
950	603
950	652
950	758
950	778
950	825
950	931
950	943
950	956
950	963
951	19
951	123
951	187
951	237
951	242
951	273
951	450
951	465
951	514
951	576
951	584
951	772
951	804
951	820
951	840
951	888
951	899
951	900
951	933
951	942
952	52
952	92
952	271
952	333
952	491
952	496
952	646
952	660
952	671
952	672
952	703
952	882
952	909
952	912
952	918
952	936
952	977
952	986
952	987
952	998
953	43
953	120
953	267
953	312
953	417
953	429
953	502
953	526
953	586
953	634
953	789
953	820
953	839
953	869
953	870
953	881
953	893
953	946
953	962
953	996
954	64
954	239
954	423
954	534
954	544
954	550
954	572
954	600
954	679
954	765
954	773
954	815
954	819
954	851
954	864
954	931
954	934
954	963
954	978
954	979
955	76
955	112
955	190
955	320
955	333
955	377
955	392
955	472
955	510
955	537
955	578
955	670
955	711
955	716
955	793
955	828
955	860
955	945
955	992
955	995
956	50
956	126
956	150
956	160
956	241
956	301
956	360
956	373
956	374
956	375
956	457
956	493
956	644
956	815
956	825
956	934
956	950
956	979
956	985
956	990
957	2
957	85
957	102
957	155
957	228
957	317
957	388
957	496
957	535
957	597
957	615
957	622
957	641
957	719
957	798
957	873
957	876
957	944
957	945
957	989
958	137
958	233
958	249
958	324
958	332
958	377
958	458
958	467
958	519
958	575
958	639
958	644
958	653
958	673
958	748
958	768
958	814
958	853
958	875
958	901
959	8
959	46
959	62
959	87
959	116
959	322
959	404
959	413
959	415
959	433
959	507
959	723
959	726
959	774
959	861
959	866
959	886
959	888
959	939
959	960
960	40
960	94
960	132
960	355
960	400
960	443
960	481
960	512
960	596
960	665
960	759
960	797
960	801
960	835
960	841
960	847
960	866
960	904
960	959
960	976
961	106
961	169
961	306
961	317
961	382
961	416
961	448
961	508
961	563
961	586
961	697
961	796
961	806
961	817
961	819
961	867
961	932
961	935
961	949
961	968
962	44
962	100
962	146
962	200
962	226
962	383
962	502
962	558
962	571
962	577
962	608
962	677
962	699
962	708
962	876
962	892
962	893
962	912
962	942
962	953
962	996
963	15
963	64
963	120
963	453
963	462
963	473
963	488
963	493
963	520
963	539
963	572
963	594
963	603
963	646
963	815
963	934
963	950
963	954
963	979
963	990
963	993
964	99
964	119
964	202
964	265
964	302
964	345
964	347
964	402
964	465
964	485
964	490
964	562
964	598
964	684
964	754
964	786
964	824
964	863
964	889
964	920
964	967
965	8
965	98
965	231
965	341
965	385
965	405
965	466
965	521
965	610
965	626
965	630
965	647
965	660
965	732
965	735
965	771
965	932
965	935
965	940
965	967
965	968
966	8
966	52
966	366
966	400
966	410
966	441
966	444
966	447
966	618
966	664
966	710
966	821
966	837
966	857
966	864
966	878
966	918
966	919
966	936
966	973
966	986
967	159
967	176
967	198
967	202
967	322
967	323
967	327
967	468
967	561
967	562
967	598
967	619
967	668
967	674
967	785
967	827
967	848
967	920
967	964
967	965
967	1000
968	71
968	98
968	106
968	115
968	169
968	434
968	440
968	448
968	647
968	660
968	735
968	739
968	751
968	796
968	917
968	935
968	936
968	961
968	965
968	976
968	977
969	74
969	109
969	166
969	168
969	203
969	213
969	217
969	427
969	505
969	565
969	569
969	580
969	593
969	601
969	717
969	738
969	741
969	746
969	815
969	845
969	976
970	35
970	55
970	84
970	157
970	300
970	386
970	532
970	556
970	618
970	696
970	731
970	743
970	756
970	831
970	842
970	844
970	867
970	889
970	900
970	975
970	993
971	33
971	103
971	244
971	298
971	307
971	348
971	437
971	461
971	500
971	617
971	635
971	659
971	683
971	742
971	785
971	841
971	884
971	909
971	914
971	916
971	973
972	45
972	221
972	229
972	235
972	305
972	428
972	570
972	582
972	682
972	712
972	784
972	807
972	820
972	829
972	843
972	862
972	892
972	921
972	944
972	985
972	997
973	90
973	129
973	183
973	274
973	307
973	379
973	461
973	514
973	593
973	635
973	659
973	706
973	715
973	742
973	745
973	847
973	854
973	884
973	909
973	966
973	971
974	3
974	73
974	81
974	110
974	148
974	223
974	424
974	439
974	442
974	460
974	513
974	545
974	579
974	580
974	633
974	757
974	790
974	872
974	891
974	941
974	988
975	195
975	238
975	268
975	270
975	350
975	384
975	430
975	506
975	550
975	649
975	693
975	720
975	766
975	787
975	809
975	831
975	865
975	868
975	885
975	886
975	970
976	34
976	46
976	81
976	117
976	352
976	371
976	590
976	607
976	638
976	692
976	718
976	734
976	774
976	792
976	825
976	834
976	866
976	888
976	960
976	968
976	969
977	134
977	144
977	160
977	261
977	281
977	354
977	410
977	473
977	517
977	631
977	671
977	686
977	710
977	752
977	839
977	857
977	862
977	878
977	882
977	952
977	968
978	85
978	89
978	206
978	419
978	458
978	481
978	531
978	570
978	777
978	805
978	828
978	841
978	856
978	881
978	906
978	922
978	947
978	954
978	983
978	984
978	985
978	991
979	66
979	126
979	267
979	374
979	405
979	457
979	461
979	534
979	544
979	550
979	572
979	648
979	726
979	819
979	825
979	851
979	870
979	954
979	956
979	963
979	980
979	999
980	40
980	42
980	109
980	122
980	165
980	262
980	400
980	565
980	575
980	665
980	674
980	733
980	740
980	744
980	780
980	801
980	843
980	847
980	878
980	904
980	979
980	983
981	26
981	65
981	82
981	107
981	160
981	162
981	240
981	342
981	358
981	492
981	498
981	521
981	625
981	630
981	843
981	846
981	855
981	884
981	906
981	911
981	930
981	987
982	50
982	58
982	87
982	92
982	512
982	530
982	544
982	583
982	594
982	615
982	644
982	652
982	667
982	675
982	686
982	725
982	743
982	754
982	836
982	842
982	851
982	902
983	12
983	85
983	89
983	121
983	193
983	247
983	396
983	437
983	458
983	531
983	581
983	662
983	754
983	763
983	777
983	849
983	854
983	859
983	894
983	922
983	978
983	980
983	991
984	50
984	68
984	88
984	103
984	145
984	258
984	307
984	421
984	461
984	486
984	514
984	617
984	635
984	682
984	683
984	706
984	715
984	742
984	797
984	909
984	938
984	978
984	991
985	11
985	90
985	188
985	359
985	374
985	484
985	526
985	543
985	571
985	574
985	583
985	589
985	595
985	619
985	802
985	823
985	833
985	929
985	932
985	956
985	972
985	978
985	988
986	119
986	201
986	220
986	224
986	248
986	366
986	441
986	447
986	477
986	568
986	631
986	672
986	699
986	703
986	752
986	835
986	839
986	860
986	882
986	952
986	966
986	998
986	1000
987	7
987	32
987	59
987	158
987	227
987	258
987	275
987	290
987	370
987	420
987	485
987	497
987	523
987	542
987	678
987	760
987	769
987	794
987	821
987	862
987	877
987	952
987	981
988	1
988	55
988	73
988	90
988	172
988	286
988	328
988	334
988	484
988	532
988	543
988	553
988	571
988	574
988	583
988	619
988	627
988	640
988	646
988	770
988	802
988	974
988	985
989	186
989	327
989	368
989	372
989	452
989	495
989	518
989	620
989	624
989	666
989	678
989	679
989	684
989	695
989	698
989	727
989	781
989	858
989	907
989	949
989	957
989	992
989	993
990	1
990	44
990	61
990	80
990	126
990	239
990	264
990	360
990	373
990	375
990	397
990	473
990	528
990	538
990	640
990	726
990	815
990	819
990	850
990	901
990	934
990	956
990	963
991	21
991	97
991	137
991	206
991	247
991	336
991	531
991	564
991	570
991	584
991	588
991	662
991	683
991	763
991	777
991	805
991	841
991	849
991	859
991	947
991	978
991	983
991	984
991	992
992	124
992	174
992	190
992	222
992	278
992	377
992	474
992	510
992	522
992	525
992	551
992	670
992	708
992	716
992	793
992	828
992	878
992	937
992	939
992	948
992	955
992	989
992	991
992	995
993	35
993	57
993	132
993	157
993	315
993	509
993	515
993	618
993	628
993	696
993	728
993	731
993	743
993	756
993	776
993	795
993	844
993	860
993	861
993	879
993	889
993	963
993	970
993	989
994	23
994	122
994	180
994	259
994	262
994	269
994	292
994	363
994	365
994	367
994	368
994	443
994	632
994	709
994	733
994	797
994	801
994	813
994	835
994	843
994	850
994	871
994	905
994	995
995	23
995	112
995	124
995	128
995	174
995	232
995	294
995	320
995	392
995	474
995	510
995	666
995	711
995	716
995	793
995	828
995	887
995	916
995	937
995	940
995	955
995	992
995	994
995	996
996	48
996	267
996	323
996	360
996	383
996	417
996	517
996	577
996	620
996	654
996	664
996	677
996	699
996	765
996	789
996	820
996	875
996	893
996	912
996	921
996	939
996	953
996	962
996	995
997	5
997	232
997	235
997	260
997	276
997	296
997	303
997	347
997	387
997	409
997	414
997	423
997	438
997	446
997	472
997	534
997	682
997	700
997	737
997	829
997	875
997	892
997	921
997	926
997	972
998	144
998	153
998	201
998	215
998	220
998	261
998	340
998	354
998	358
998	410
998	426
998	520
998	588
998	690
998	752
998	764
998	852
998	860
998	864
998	882
998	918
998	919
998	921
998	952
998	986
999	27
999	37
999	70
999	86
999	91
999	116
999	151
999	171
999	209
999	218
999	282
999	369
999	423
999	557
999	585
999	642
999	656
999	669
999	680
999	687
999	734
999	766
999	879
999	915
999	979
1000	22
1000	61
1000	131
1000	173
1000	201
1000	207
1000	219
1000	224
1000	228
1000	254
1000	270
1000	284
1000	407
1000	432
1000	553
1000	692
1000	714
1000	719
1000	737
1000	817
1000	876
1000	883
1000	945
1000	967
1000	986
