1	57
1	895
1	969
1	971
1	996
2	200
2	237
2	318
2	514
2	560
3	482
3	526
3	737
3	893
3	924
4	294
4	415
4	453
4	716
4	858
5	677
5	749
5	798
5	875
5	904
6	76
6	933
6	944
6	976
6	981
7	109
7	740
7	774
7	956
7	978
8	637
8	693
8	869
8	952
8	977
9	293
9	334
9	757
9	840
9	988
10	161
10	374
10	599
10	625
10	853
11	531
11	738
11	742
11	901
11	915
12	381
12	730
12	732
12	833
12	995
13	125
13	237
13	281
13	713
13	856
14	679
14	778
14	819
14	927
14	928
15	644
15	850
15	939
15	968
15	977
16	92
16	215
16	473
16	846
16	988
17	29
17	695
17	734
17	863
17	869
18	670
18	787
18	842
18	869
18	977
19	679
19	822
19	872
19	893
19	918
20	385
20	520
20	796
20	916
20	921
21	126
21	353
21	433
21	850
21	855
22	378
22	462
22	553
22	632
22	802
23	263
23	390
23	785
23	894
23	950
24	714
24	745
24	906
24	975
24	982
25	142
25	769
25	828
25	966
25	984
26	761
26	815
26	847
26	856
26	967
27	261
27	751
27	872
27	933
27	957
28	163
28	621
28	669
28	856
28	947
29	17
29	463
29	813
29	961
29	977
30	108
30	494
30	571
30	798
30	808
31	146
31	595
31	756
31	814
31	998
32	37
32	49
32	841
32	932
32	949
33	305
33	659
33	806
33	901
33	989
34	618
34	674
34	903
34	907
34	938
35	138
35	827
35	845
35	920
35	963
36	435
36	485
36	761
36	800
36	939
37	32
37	364
37	553
37	768
37	858
38	360
38	726
38	831
38	888
38	973
39	277
39	624
39	634
39	872
39	926
40	596
40	643
40	661
40	803
40	829
41	528
41	605
41	628
41	875
41	932
42	535
42	715
42	860
42	892
42	970
43	55
43	364
43	730
43	897
43	956
44	385
44	620
44	741
44	884
44	937
45	294
45	581
45	852
45	882
45	955
46	152
46	366
46	525
46	987
46	994
47	247
47	336
47	812
47	860
47	882
48	381
48	655
48	703
48	921
48	926
49	32
49	620
49	830
49	933
49	940
50	290
50	484
50	750
50	977
50	997
51	64
51	540
51	627
51	840
51	954
52	665
52	714
52	825
52	827
52	985
53	442
53	764
53	842
53	865
53	959
54	726
54	828
54	834
54	931
54	975
55	43
55	527
55	724
55	956
55	993
56	624
56	653
56	812
56	948
56	988
57	1
57	564
57	639
57	927
57	967
58	628
58	817
58	848
58	873
58	890
59	65
59	839
59	879
59	967
59	997
60	550
60	659
60	897
60	963
60	994
61	240
61	563
61	675
61	802
61	924
62	354
62	922
62	968
62	985
62	991
63	375
63	395
63	654
63	696
63	958
64	51
64	379
64	624
64	813
64	961
65	59
65	199
65	401
65	604
65	750
66	861
66	891
66	903
66	946
66	994
67	705
67	787
67	824
67	843
67	980
68	460
68	657
68	888
68	934
68	953
69	163
69	562
69	772
69	895
69	965
70	855
70	869
70	919
70	955
70	963
71	300
71	409
71	544
71	595
71	854
72	207
72	707
72	771
72	844
72	979
73	638
73	710
73	926
73	998
73	1000
74	346
74	662
74	681
74	725
74	961
75	77
75	83
75	505
75	805
75	908
76	6
76	319
76	504
76	657
76	773
77	75
77	529
77	651
77	895
77	953
78	133
78	177
78	864
78	950
78	998
79	471
79	478
79	524
79	744
79	809
80	82
80	319
80	465
80	731
80	966
81	331
81	738
81	813
81	831
81	974
82	80
82	504
82	569
82	825
82	866
83	75
83	434
83	598
83	828
83	965
84	511
84	586
84	839
84	842
84	847
85	251
85	368
85	403
85	954
85	997
86	194
86	253
86	609
86	818
86	915
87	102
87	220
87	412
87	672
87	918
88	677
88	684
88	838
88	904
88	988
89	660
89	716
89	929
89	954
89	997
90	164
90	630
90	729
90	845
90	930
91	270
91	361
91	743
91	810
91	931
92	16
92	581
92	702
92	770
92	896
93	448
93	752
93	843
93	926
93	960
94	235
94	657
94	734
94	922
94	970
95	97
95	340
95	753
95	819
95	967
96	201
96	645
96	871
96	961
96	963
97	95
97	423
97	431
97	808
97	949
98	374
98	647
98	925
98	934
98	986
99	277
99	430
99	740
99	825
99	924
100	253
100	351
100	503
100	737
100	754
101	658
101	748
101	790
101	849
101	918
102	87
102	653
102	762
102	884
102	973
103	561
103	576
103	683
103	701
103	939
104	158
104	807
104	816
104	890
104	969
105	345
105	642
105	771
105	829
105	858
106	598
106	759
106	842
106	849
106	991
107	109
107	528
107	606
107	647
107	729
108	30
108	143
108	468
108	779
108	816
109	7
109	107
109	567
109	769
109	957
110	458
110	517
110	620
110	708
110	984
111	238
111	609
111	722
111	944
111	956
112	780
112	913
112	935
112	991
112	993
113	132
113	176
113	380
113	767
113	773
114	122
114	459
114	618
114	730
114	999
115	189
115	892
115	898
115	944
115	973
116	424
116	539
116	788
116	935
116	965
117	693
117	782
117	862
117	929
117	941
118	210
118	434
118	642
118	830
118	858
119	152
119	639
119	771
119	963
119	969
120	585
120	670
120	672
120	973
120	977
121	195
121	230
121	817
121	892
121	967
122	114
122	717
122	744
122	875
122	971
123	275
123	924
123	940
123	979
123	994
124	391
124	538
124	595
124	621
124	814
125	13
125	501
125	838
125	856
125	986
126	21
126	516
126	765
126	927
126	942
127	918
127	937
127	965
127	981
127	988
128	727
128	851
128	952
128	963
128	979
129	160
129	216
129	605
129	980
129	993
130	183
130	367
130	619
130	850
130	935
131	179
131	463
131	828
131	851
131	971
132	113
132	557
132	725
132	904
132	958
133	78
133	564
133	830
133	959
133	969
134	313
134	541
134	849
134	856
134	959
135	234
135	412
135	742
135	853
135	984
136	510
136	670
136	845
136	877
136	982
137	452
137	524
137	915
137	946
137	947
138	35
138	853
138	861
138	882
138	888
139	560
139	646
139	764
139	814
139	967
140	237
140	796
140	865
140	976
140	992
141	255
141	688
141	914
141	942
141	962
142	25
142	234
142	675
142	724
142	859
143	108
143	574
143	713
143	732
143	915
144	208
144	364
144	467
144	512
144	970
145	195
145	231
145	542
145	658
145	728
146	31
146	472
146	506
146	725
146	727
147	385
147	502
147	623
147	810
147	813
148	413
148	769
148	826
148	949
148	985
149	785
149	848
149	859
149	900
149	998
150	333
150	464
150	819
150	928
150	967
151	430
151	494
151	730
151	843
151	870
152	46
152	119
152	389
152	551
152	639
153	380
153	585
153	667
153	801
153	974
154	436
154	451
154	648
154	885
154	892
155	429
155	502
155	537
155	781
155	976
156	590
156	703
156	900
156	982
156	990
157	393
157	809
157	857
157	922
157	980
158	104
158	358
158	750
158	846
158	865
159	247
159	458
159	639
159	839
159	886
160	129
160	161
160	297
160	397
160	545
161	10
161	160
161	287
161	649
161	952
162	429
162	452
162	686
162	869
162	947
163	28
163	69
163	447
163	772
163	826
164	90
164	574
164	623
164	923
164	986
165	188
165	694
165	771
165	951
165	968
166	735
166	804
166	825
166	984
166	990
167	664
167	814
167	860
167	906
167	921
168	499
168	767
168	789
168	865
168	988
169	385
169	467
169	522
169	554
169	893
170	303
170	416
170	828
170	933
170	995
171	628
171	795
171	865
171	936
171	944
172	281
172	367
172	540
172	559
172	921
173	240
173	748
173	768
173	802
173	925
174	725
174	818
174	864
174	873
174	904
175	471
175	636
175	855
175	910
175	946
176	113
176	599
176	757
176	948
176	972
177	78
177	260
177	644
177	678
177	998
178	348
178	765
178	879
178	935
178	990
179	131
179	511
179	647
179	834
179	978
180	683
180	806
180	862
180	878
180	989
181	728
181	800
181	812
181	936
181	982
182	227
182	770
182	776
182	868
182	982
183	130
183	245
183	580
183	908
183	933
184	305
184	335
184	876
184	935
184	962
185	563
185	631
185	649
185	783
185	881
186	210
186	955
186	976
186	994
186	999
187	252
187	416
187	467
187	752
187	893
188	165
188	235
188	303
188	709
188	772
189	115
189	499
189	842
189	963
189	974
190	408
190	501
190	913
190	930
190	950
191	719
191	895
191	927
191	941
191	962
192	249
192	329
192	645
192	760
192	964
193	404
193	532
193	565
193	712
193	733
194	86
194	702
194	745
194	796
194	982
195	121
195	145
195	274
195	681
195	706
196	242
196	591
196	745
196	809
196	914
197	213
197	400
197	477
197	944
197	982
198	210
198	299
198	485
198	737
198	847
199	65
199	897
199	919
199	994
199	1000
200	2
200	787
200	838
200	919
200	988
201	96
201	775
201	821
201	899
201	937
202	323
202	529
202	822
202	859
202	988
203	269
203	468
203	715
203	796
203	990
204	584
204	598
204	603
204	688
204	749
204	997
205	296
205	393
205	729
205	742
205	808
205	943
206	313
206	849
206	867
206	888
206	944
206	980
207	72
207	470
207	714
207	939
207	970
207	986
208	144
208	748
208	855
208	879
208	948
208	966
209	245
209	657
209	844
209	908
209	914
209	996
210	118
210	186
210	198
210	293
210	586
210	943
211	214
211	651
211	836
211	913
211	964
211	985
212	454
212	614
212	654
212	716
212	784
212	836
213	197
213	217
213	618
213	633
213	905
213	978
214	211
214	257
214	413
214	565
214	821
214	938
215	16
215	509
215	510
215	752
215	896
215	1000
216	129
216	246
216	632
216	905
216	923
216	951
217	213
217	423
217	438
217	796
217	881
217	909
218	446
218	552
218	673
218	717
218	884
218	969
219	666
219	762
219	775
219	788
219	854
219	858
220	87
220	680
220	822
220	858
220	943
220	972
221	346
221	378
221	387
221	577
221	656
221	826
222	696
222	803
222	808
222	811
222	851
222	978
223	351
223	577
223	713
223	781
223	892
223	966
224	239
224	330
224	338
224	392
224	554
224	840
225	252
225	326
225	668
225	843
225	889
225	931
226	665
226	779
226	792
226	801
226	924
226	976
227	182
227	718
227	765
227	770
227	795
227	982
228	439
228	456
228	641
228	917
228	964
228	977
229	541
229	793
229	841
229	896
229	916
229	986
230	121
230	566
230	737
230	813
230	937
230	988
231	145
231	655
231	660
231	804
231	876
231	997
232	640
232	647
232	776
232	817
232	901
232	983
233	492
233	623
233	719
233	873
233	984
233	992
234	135
234	142
234	292
234	529
234	719
234	809
235	94
235	188
235	440
235	518
235	892
235	904
236	563
236	759
236	830
236	870
236	955
236	962
237	2
237	13
237	140
237	452
237	507
237	973
238	111
238	298
238	588
238	838
238	910
238	995
239	224
239	390
239	653
239	832
239	879
239	941
240	61
240	173
240	341
240	648
240	793
240	999
241	287
241	466
241	555
241	677
241	932
241	943
242	196
242	704
242	827
242	834
242	914
242	981
243	259
243	639
243	810
243	876
243	884
243	962
244	587
244	625
244	838
244	878
244	915
244	947
245	183
245	209
245	402
245	520
245	888
245	995
246	216
246	380
246	562
246	630
246	902
246	980
247	47
247	159
247	611
247	799
247	826
247	969
248	525
248	787
248	815
248	843
248	907
248	986
249	192
249	365
249	513
249	799
249	964
249	969
250	311
250	408
250	600
250	618
250	663
250	782
251	85
251	502
251	679
251	883
251	978
251	980
252	187
252	225
252	733
252	864
252	953
252	976
253	86
253	100
253	817
253	883
253	915
253	947
254	667
254	683
254	685
254	767
254	786
254	926
255	141
255	284
255	592
255	740
255	792
255	951
256	302
256	388
256	633
256	643
256	831
256	885
257	214
257	286
257	668
257	747
257	973
257	999
258	259
258	594
258	769
258	792
258	817
258	933
259	243
259	258
259	443
259	796
259	810
259	893
260	177
260	263
260	276
260	422
260	595
260	736
261	27
261	304
261	371
261	644
261	766
261	847
262	760
262	801
262	837
262	951
262	955
262	968
263	23
263	260
263	455
263	592
263	756
263	993
264	431
264	572
264	600
264	633
264	939
264	982
265	295
265	493
265	847
265	915
265	947
265	981
266	482
266	631
266	799
266	897
266	912
266	931
267	677
267	830
267	857
267	906
267	975
267	987
268	593
268	631
268	831
268	918
268	972
268	987
269	203
269	436
269	791
269	960
269	982
269	990
270	91
270	272
270	324
270	523
270	568
270	675
271	361
271	406
271	698
271	755
271	901
271	940
272	270
272	361
272	653
272	767
272	829
272	859
273	322
273	341
273	451
273	787
273	971
273	980
274	195
274	712
274	738
274	901
274	953
274	965
275	123
275	519
275	524
275	571
275	861
275	897
276	260
276	383
276	487
276	643
276	869
276	870
277	39
277	99
277	488
277	687
277	708
277	975
278	497
278	564
278	703
278	717
278	944
278	969
279	704
279	710
279	806
279	827
279	853
279	920
280	532
280	553
280	604
280	705
280	870
280	974
281	13
281	172
281	752
281	847
281	932
281	960
282	363
282	604
282	693
282	802
282	914
282	942
283	548
283	609
283	880
283	905
283	958
283	999
284	255
284	403
284	630
284	675
284	920
284	983
285	606
285	784
285	901
285	909
285	919
285	924
286	257
286	319
286	575
286	914
286	935
286	954
287	161
287	241
287	462
287	707
287	778
287	954
288	462
288	533
288	768
288	820
288	978
288	991
289	508
289	520
289	558
289	645
289	662
289	743
290	50
290	709
290	788
290	819
290	823
290	858
291	293
291	523
291	736
291	747
291	938
291	975
292	234
292	523
292	569
292	615
292	818
292	873
293	9
293	210
293	291
293	769
293	830
293	943
294	4
294	45
294	346
294	928
294	982
294	993
295	265
295	650
295	663
295	705
295	794
295	926
296	205
296	421
296	568
296	699
296	910
296	920
297	160
297	460
297	566
297	789
297	804
297	918
298	238
298	491
298	529
298	602
298	630
298	828
299	198
299	446
299	476
299	866
299	893
299	966
300	71
300	312
300	716
300	793
300	935
300	967
301	306
301	616
301	709
301	734
301	863
301	981
302	256
302	559
302	596
302	784
302	794
302	960
303	170
303	188
303	402
303	468
303	697
303	875
304	261
304	634
304	836
304	965
304	987
304	993
305	33
305	184
305	543
305	866
305	886
305	954
306	301
306	774
306	816
306	840
306	907
306	968
307	444
307	593
307	718
307	964
307	991
307	992
308	503
308	576
308	635
308	804
308	922
308	934
309	731
309	842
309	887
309	959
309	976
309	984
310	496
310	710
310	785
310	859
310	895
310	937
311	250
311	403
311	832
311	847
311	862
311	997
312	300
312	462
312	500
312	686
312	744
312	966
313	134
313	206
313	522
313	650
313	797
313	865
314	381
314	423
314	744
314	840
314	892
314	943
315	609
315	675
315	763
315	792
315	951
315	976
316	356
316	424
316	521
316	609
316	861
316	930
317	359
317	578
317	800
317	841
317	913
317	921
318	2
318	407
318	459
318	700
318	915
318	959
319	76
319	80
319	286
319	749
319	821
319	885
320	400
320	579
320	652
320	889
320	915
320	958
321	636
321	863
321	882
321	947
321	981
321	997
322	273
322	419
322	615
322	757
322	783
322	971
323	202
323	647
323	694
323	740
323	806
323	951
324	270
324	368
324	647
324	708
324	886
324	894
325	487
325	549
325	605
325	646
325	836
325	991
326	225
326	327
326	376
326	451
326	834
326	941
327	326
327	465
327	613
327	676
327	921
327	955
328	378
328	406
328	543
328	667
328	753
328	881
329	192
329	702
329	796
329	813
329	837
329	982
330	224
330	392
330	420
330	637
330	929
330	987
331	81
331	527
331	654
331	716
331	881
331	925
332	555
332	743
332	788
332	825
332	922
332	930
333	150
333	405
333	498
333	542
333	991
333	997
334	9
334	515
334	646
334	651
334	811
334	823
335	184
335	337
335	543
335	716
335	827
335	955
336	47
336	712
336	762
336	822
336	872
336	960
337	335
337	637
337	846
337	928
337	949
337	990
338	224
338	434
338	505
338	841
338	941
338	971
339	493
339	648
339	650
339	738
339	959
339	976
340	95
340	372
340	645
340	753
340	946
340	996
341	240
341	273
341	610
341	759
341	928
341	980
342	573
342	672
342	735
342	763
342	818
342	994
343	764
343	778
343	875
343	909
343	929
343	989
344	401
344	447
344	684
344	752
344	843
344	892
345	105
345	628
345	652
345	854
345	933
345	992
346	74
346	221
346	294
346	612
346	680
346	904
347	575
347	654
347	794
347	935
347	944
347	945
348	178
348	505
348	594
348	640
348	783
348	981
349	420
349	509
349	534
349	814
349	879
349	941
350	536
350	807
350	871
350	907
350	945
350	1000
351	100
351	223
351	415
351	588
351	748
351	966
352	658
352	780
352	837
352	871
352	905
352	938
353	21
353	435
353	670
353	797
353	803
353	949
354	62
354	450
354	527
354	559
354	758
354	971
355	476
355	477
355	488
355	699
355	706
355	986
356	316
356	626
356	744
356	870
356	985
356	992
357	486
357	750
357	921
357	929
357	949
357	979
358	158
358	664
358	801
358	886
358	950
358	998
359	317
359	427
359	446
359	544
359	890
359	984
360	38
360	388
360	513
360	726
360	820
360	916
361	91
361	271
361	272
361	367
361	884
361	945
361	954
362	596
362	731
362	800
362	882
362	972
362	990
362	999
363	282
363	562
363	604
363	618
363	632
363	638
363	693
364	37
364	43
364	144
364	579
364	854
364	966
364	984
365	249
365	717
365	799
365	860
365	880
365	932
365	969
366	46
366	600
366	719
366	737
366	856
366	885
366	927
367	130
367	172
367	361
367	400
367	741
367	933
367	992
368	85
368	324
368	561
368	775
368	783
368	799
368	900
369	430
369	443
369	526
369	699
369	787
369	833
369	980
370	425
370	443
370	489
370	793
370	816
370	846
370	934
371	261
371	436
371	445
371	735
371	739
371	850
371	990
372	340
372	648
372	763
372	827
372	952
372	973
372	974
373	414
373	432
373	483
373	491
373	592
373	704
373	727
374	10
374	98
374	721
374	805
374	815
374	898
374	986
375	63
375	523
375	544
375	769
375	835
375	871
375	945
376	326
376	441
376	594
376	754
376	798
376	892
376	987
377	600
377	643
377	712
377	738
377	877
377	919
377	961
378	22
378	221
378	328
378	396
378	593
378	685
378	901
379	64
379	718
379	763
379	778
379	780
379	855
379	985
380	113
380	153
380	246
380	429
380	692
380	968
380	979
381	12
381	48
381	314
381	610
381	731
381	749
381	872
382	383
382	464
382	563
382	585
382	851
382	852
382	907
383	276
383	382
383	693
383	821
383	871
383	912
383	996
384	556
384	570
384	839
384	876
384	894
384	935
384	967
385	20
385	44
385	147
385	169
385	660
385	931
385	979
386	400
386	650
386	761
386	832
386	853
386	856
386	859
387	221
387	612
387	624
387	707
387	807
387	852
387	965
388	256
388	360
388	597
388	723
388	854
388	931
388	950
389	152
389	397
389	472
389	498
389	500
389	799
389	851
390	23
390	239
390	558
390	719
390	941
390	974
390	997
391	124
391	419
391	697
391	895
391	930
391	991
391	994
392	224
392	330
392	718
392	757
392	850
392	895
392	945
393	157
393	205
393	556
393	611
393	669
393	874
393	956
394	436
394	770
394	812
394	836
394	926
394	936
394	1000
395	63
395	583
395	741
395	808
395	822
395	834
395	880
396	378
396	546
396	674
396	679
396	685
396	731
396	788
397	160
397	389
397	524
397	640
397	779
397	862
397	929
398	544
398	609
398	628
398	800
398	879
398	908
398	984
399	554
399	629
399	641
399	726
399	745
399	921
399	924
400	197
400	320
400	367
400	386
400	652
400	685
400	832
401	65
401	344
401	614
401	672
401	803
401	842
401	934
402	245
402	303
402	419
402	850
402	883
402	895
402	1000
403	85
403	284
403	311
403	521
403	645
403	834
403	978
404	193
404	427
404	731
404	736
404	739
404	909
404	948
405	333
405	555
405	714
405	765
405	896
405	939
405	972
406	271
406	328
406	427
406	571
406	823
406	906
406	958
407	318
407	428
407	596
407	687
407	801
407	864
407	953
408	190
408	250
408	447
408	452
408	645
408	874
408	915
409	71
409	410
409	503
409	525
409	575
409	715
409	777
410	409
410	418
410	451
410	475
410	812
410	876
410	971
411	644
411	683
411	791
411	844
411	920
411	957
411	978
412	87
412	135
412	653
412	853
412	881
412	955
412	981
413	148
413	214
413	606
413	799
413	825
413	848
413	950
414	373
414	431
414	444
414	455
414	797
414	824
414	993
415	4
415	351
415	521
415	669
415	821
415	922
415	930
416	170
416	187
416	435
416	560
416	899
416	954
416	958
417	647
417	825
417	848
417	928
417	967
417	968
417	977
418	410
418	554
418	616
418	762
418	781
418	867
418	907
419	322
419	391
419	402
419	423
419	581
419	757
419	762
420	330
420	349
420	439
420	578
420	663
420	676
420	962
421	296
421	694
421	842
421	857
421	868
421	943
421	989
422	260
422	535
422	775
422	848
422	854
422	886
422	998
423	97
423	217
423	314
423	419
423	473
423	661
423	877
424	116
424	316
424	494
424	635
424	819
424	917
424	993
425	370
425	614
425	670
425	697
425	741
425	804
425	934
426	431
426	442
426	515
426	755
426	796
426	884
426	940
427	359
427	404
427	406
427	499
427	679
427	746
427	790
428	407
428	547
428	589
428	671
428	708
428	945
428	958
429	155
429	162
429	380
429	534
429	850
429	943
429	970
430	99
430	151
430	369
430	437
430	671
430	699
430	993
431	97
431	264
431	414
431	426
431	601
431	904
431	999
432	373
432	535
432	615
432	670
432	751
432	797
432	891
433	21
433	594
433	664
433	701
433	863
433	914
433	996
434	83
434	118
434	338
434	440
434	775
434	851
434	993
435	36
435	353
435	416
435	491
435	561
435	933
435	992
436	154
436	269
436	371
436	394
436	659
436	907
436	988
437	430
437	623
437	707
437	911
437	948
437	990
437	1000
438	217
438	556
438	566
438	653
438	822
438	904
438	964
439	228
439	420
439	502
439	672
439	898
439	911
439	931
440	235
440	434
440	643
440	854
440	886
440	894
440	950
441	376
441	496
441	832
441	942
441	967
441	977
441	996
442	53
442	426
442	468
442	695
442	760
442	960
442	983
443	259
443	369
443	370
443	635
443	763
443	785
443	890
444	307
444	414
444	489
444	820
444	868
444	901
444	913
445	371
445	803
445	818
445	923
445	945
445	973
445	987
446	218
446	299
446	359
446	615
446	628
446	750
446	768
447	163
447	344
447	408
447	850
447	868
447	970
447	977
448	93
448	682
448	707
448	824
448	876
448	956
448	965
449	475
449	646
449	768
449	787
449	833
449	930
449	980
450	354
450	827
450	841
450	878
450	919
450	940
450	990
451	154
451	273
451	326
451	410
451	754
451	863
451	960
452	137
452	162
452	237
452	408
452	603
452	811
452	845
453	4
453	769
453	829
453	861
453	889
453	917
453	983
454	212
454	494
454	543
454	764
454	866
454	899
454	935
455	263
455	414
455	745
455	775
455	896
455	903
455	995
456	228
456	582
456	902
456	920
456	949
456	952
456	978
457	534
457	541
457	636
457	728
457	763
457	924
457	968
458	110
458	159
458	472
458	550
458	787
458	910
458	969
459	114
459	318
459	832
459	838
459	906
459	908
459	956
460	68
460	297
460	490
460	718
460	744
460	865
460	971
461	499
461	533
461	549
461	800
461	813
461	904
461	990
462	22
462	287
462	288
462	312
462	716
462	935
462	994
463	29
463	131
463	586
463	851
463	863
463	922
463	965
464	150
464	382
464	607
464	615
464	773
464	839
464	881
465	80
465	327
465	520
465	873
465	891
465	905
465	946
466	241
466	553
466	570
466	646
466	661
466	766
466	997
467	144
467	169
467	187
467	680
467	741
467	897
467	997
468	108
468	203
468	303
468	442
468	512
468	939
468	960
469	482
469	674
469	720
469	921
469	938
469	977
469	983
470	207
470	602
470	665
470	698
470	771
470	857
470	957
471	79
471	175
471	732
471	741
471	966
471	968
471	992
472	146
472	389
472	458
472	501
472	645
472	657
472	980
473	16
473	423
473	510
473	652
473	747
473	918
473	960
474	483
474	501
474	521
474	740
474	916
474	930
474	995
475	410
475	449
475	515
475	668
475	854
475	943
475	1000
476	299
476	355
476	487
476	777
476	778
476	798
476	949
477	197
477	355
477	642
477	774
477	779
477	848
477	877
478	79
478	481
478	817
478	819
478	860
478	957
478	958
479	559
479	625
479	711
479	724
479	747
479	911
479	913
480	555
480	824
480	863
480	877
480	879
480	981
480	992
481	478
481	517
481	569
481	695
481	829
481	948
481	975
482	3
482	266
482	469
482	513
482	666
482	837
482	917
482	973
483	373
483	474
483	485
483	612
483	637
483	661
483	909
483	963
484	50
484	524
484	549
484	701
484	914
484	967
484	993
484	996
485	36
485	198
485	483
485	623
485	784
485	793
485	984
485	992
486	357
486	559
486	564
486	648
486	782
486	832
486	852
486	969
487	276
487	325
487	476
487	665
487	734
487	869
487	977
487	996
488	277
488	355
488	491
488	548
488	640
488	726
488	916
488	991
489	370
489	444
489	517
489	623
489	627
489	662
489	820
489	870
490	460
490	765
490	779
490	786
490	853
490	863
490	904
490	981
491	298
491	373
491	435
491	488
491	956
491	973
491	984
491	995
492	233
492	737
492	821
492	851
492	912
492	931
492	943
492	974
493	265
493	339
493	567
493	795
493	818
493	849
493	867
493	959
494	30
494	151
494	424
494	454
494	619
494	671
494	707
494	936
495	571
495	601
495	763
495	846
495	882
495	890
495	934
495	964
496	310
496	441
496	520
496	607
496	632
496	658
496	756
496	822
497	278
497	645
497	704
497	728
497	835
497	912
497	948
497	964
498	333
498	389
498	730
498	736
498	855
498	891
498	955
498	978
499	168
499	189
499	427
499	461
499	689
499	909
499	910
499	948
500	312
500	389
500	654
500	777
500	841
500	866
500	935
500	942
501	125
501	190
501	472
501	474
501	806
501	819
501	930
501	936
502	147
502	155
502	251
502	439
502	674
502	723
502	912
502	974
503	100
503	308
503	409
503	690
503	695
503	742
503	889
503	911
504	76
504	82
504	755
504	866
504	935
504	969
504	978
504	991
505	75
505	338
505	348
505	529
505	577
505	934
505	952
505	954
506	146
506	552
506	629
506	703
506	717
506	742
506	799
506	852
507	237
507	742
507	831
507	854
507	900
507	930
507	939
507	998
508	289
508	513
508	750
508	763
508	804
508	807
508	925
508	934
509	215
509	349
509	572
509	584
509	781
509	839
509	876
509	967
510	136
510	215
510	473
510	659
510	790
510	843
510	876
510	895
511	84
511	179
511	717
511	740
511	807
511	848
511	951
511	990
512	144
512	468
512	514
512	730
512	793
512	841
512	936
512	983
513	249
513	360
513	482
513	508
513	554
513	665
513	823
513	921
514	2
514	512
514	516
514	823
514	837
514	864
514	916
514	966
515	334
515	426
515	475
515	690
515	704
515	773
515	889
515	985
516	126
516	514
516	825
516	869
516	885
516	942
516	956
516	977
517	110
517	481
517	489
517	580
517	582
517	791
517	913
517	921
518	235
518	534
518	573
518	599
518	697
518	724
518	801
518	881
519	275
519	640
519	642
519	674
519	720
519	861
519	892
519	922
520	20
520	245
520	289
520	465
520	496
520	780
520	971
520	991
521	316
521	403
521	415
521	474
521	633
521	664
521	695
521	896
522	169
522	313
522	601
522	697
522	745
522	868
522	887
522	911
523	270
523	291
523	292
523	375
523	700
523	848
523	916
523	991
524	79
524	137
524	275
524	397
524	484
524	551
524	596
524	930
525	46
525	248
525	409
525	536
525	699
525	767
525	833
525	946
526	3
526	369
526	645
526	749
526	844
526	885
526	974
526	985
527	55
527	331
527	354
527	543
527	866
527	935
527	939
527	993
528	41
528	107
528	673
528	748
528	757
528	772
528	790
528	984
529	77
529	202
529	234
529	298
529	505
529	714
529	908
529	961
530	575
530	722
530	774
530	815
530	816
530	923
530	932
530	999
531	11
531	816
531	854
531	886
531	912
531	948
531	998
531	999
532	193
532	280
532	577
532	698
532	813
532	864
532	873
532	953
533	288
533	461
533	608
533	758
533	870
533	901
533	947
533	971
534	349
534	429
534	457
534	518
534	668
534	720
534	970
534	990
535	42
535	422
535	432
535	545
535	718
535	766
535	939
535	957
536	350
536	525
536	558
536	737
536	740
536	883
536	885
536	987
537	155
537	563
537	607
537	670
537	739
537	795
537	849
537	959
538	124
538	708
538	791
538	841
538	916
538	961
538	970
538	1000
539	116
539	629
539	731
539	897
539	942
539	951
539	990
539	1000
540	51
540	172
540	562
540	684
540	692
540	843
540	971
540	982
541	134
541	229
541	457
541	769
541	774
541	776
541	784
541	994
542	145
542	333
542	591
542	848
542	871
542	876
542	908
542	984
543	305
543	328
543	335
543	454
543	527
543	677
543	686
543	746
544	71
544	359
544	375
544	398
544	832
544	893
544	896
544	933
545	160
545	535
545	714
545	766
545	833
545	895
545	939
545	951
546	396
546	661
546	692
546	825
546	841
546	872
546	918
546	979
547	428
547	572
547	636
547	669
547	738
547	857
547	868
547	925
548	283
548	488
548	694
548	781
548	789
548	815
548	979
548	988
549	325
549	461
549	484
549	836
549	914
549	947
549	977
549	996
550	60
550	458
550	692
550	756
550	762
550	767
550	857
550	879
551	152
551	524
551	598
551	770
551	788
551	793
551	819
551	861
552	218
552	506
552	564
552	843
552	852
552	862
552	969
552	983
553	22
553	37
553	280
553	466
553	802
553	962
553	986
553	999
554	169
554	224
554	399
554	418
554	513
554	589
554	850
554	906
555	241
555	332
555	405
555	480
555	794
555	860
555	896
555	911
556	384
556	393
556	438
556	728
556	782
556	805
556	979
556	988
557	132
557	602
557	823
557	895
557	936
557	948
557	958
557	972
558	289
558	390
558	536
558	757
558	783
558	814
558	863
558	933
559	172
559	302
559	354
559	479
559	486
559	687
559	738
559	864
560	2
560	139
560	416
560	598
560	665
560	845
560	876
560	997
561	103
561	368
561	435
561	597
561	785
561	941
561	950
561	985
562	69
562	246
562	363
562	540
562	593
562	631
562	705
562	768
563	61
563	185
563	236
563	382
563	537
563	631
563	975
563	989
564	57
564	133
564	278
564	486
564	552
564	641
564	957
564	971
565	193
565	214
565	835
565	983
565	984
565	988
565	997
565	999
566	230
566	297
566	438
566	643
566	696
566	810
566	926
566	937
567	109
567	493
567	649
567	734
567	784
567	924
567	931
567	951
567	968
568	270
568	296
568	702
568	833
568	860
568	873
568	905
568	983
568	999
569	82
569	292
569	481
569	642
569	678
569	695
569	861
569	922
569	998
570	384
570	466
570	585
570	591
570	646
570	856
570	885
570	938
570	997
571	30
571	275
571	406
571	495
571	587
571	726
571	823
571	854
571	916
572	264
572	509
572	547
572	637
572	649
572	798
572	890
572	912
572	929
573	342
573	518
573	684
573	763
573	815
573	846
573	890
573	929
573	934
574	143
574	164
574	689
574	781
574	867
574	890
574	907
574	950
574	976
575	286
575	347
575	409
575	530
575	751
575	777
575	788
575	866
575	903
576	103
576	308
576	584
576	619
576	624
576	644
576	741
576	844
576	886
577	221
577	223
577	505
577	532
577	591
577	781
577	806
577	867
577	877
578	317
578	420
578	583
578	707
578	812
578	841
578	906
578	958
578	1000
579	320
579	364
579	693
579	748
579	781
579	787
579	790
579	884
579	984
580	183
580	517
580	613
580	630
580	704
580	811
580	920
580	978
580	979
581	45
581	92
581	419
581	678
581	698
581	798
581	904
581	928
581	995
582	456
582	517
582	589
582	730
582	837
582	880
582	916
582	958
582	996
583	395
583	578
583	707
583	761
583	793
583	906
583	925
583	936
583	946
584	204
584	509
584	576
584	598
584	692
584	933
584	996
584	997
584	998
585	120
585	153
585	382
585	570
585	806
585	898
585	927
585	989
585	994
586	84
586	210
586	463
586	593
586	638
586	795
586	849
586	865
586	929
587	244
587	571
587	608
587	656
587	765
587	773
587	786
587	955
587	958
588	238
588	351
588	749
588	790
588	884
588	933
588	942
588	957
588	966
589	428
589	554
589	582
589	808
589	837
589	859
589	869
589	897
589	947
590	156
590	602
590	742
590	792
590	886
590	894
590	900
590	941
590	998
591	196
591	542
591	570
591	577
591	839
591	880
591	891
591	967
591	1000
592	255
592	263
592	373
592	595
592	668
592	688
592	732
592	842
592	924
593	268
593	307
593	378
593	562
593	586
593	694
593	937
593	959
593	972
594	258
594	348
594	376
594	433
594	694
594	697
594	719
594	797
594	970
595	31
595	71
595	124
595	260
595	592
595	633
595	649
595	853
595	998
596	40
596	302
596	362
596	407
596	524
596	843
596	855
596	864
596	888
597	388
597	561
597	613
597	713
597	875
597	897
597	900
597	950
597	952
598	83
598	106
598	204
598	551
598	560
598	584
598	839
598	843
598	963
599	10
599	176
599	518
599	610
599	625
599	794
599	800
599	835
599	874
600	250
600	264
600	366
600	377
600	621
600	686
600	732
600	761
600	841
601	431
601	495
601	522
601	622
601	760
601	868
601	871
601	941
601	995
602	298
602	470
602	557
602	590
602	605
602	758
602	820
602	836
602	971
603	204
603	452
603	718
603	744
603	810
603	870
603	890
603	913
603	971
604	65
604	280
604	282
604	363
604	705
604	735
604	787
604	804
604	980
605	41
605	129
605	325
605	602
605	679
605	778
605	903
605	957
605	971
606	107
606	285
606	413
606	649
606	792
606	848
606	852
606	989
606	998
607	464
607	496
607	537
607	656
607	673
607	698
607	786
607	883
607	989
608	533
608	587
608	621
608	755
608	898
608	918
608	950
608	985
608	989
609	86
609	111
609	283
609	315
609	316
609	398
609	636
609	784
609	792
610	341
610	381
610	599
610	664
610	688
610	703
610	830
610	963
610	1000
611	247
611	393
611	682
611	754
611	761
611	864
611	887
611	910
611	929
612	346
612	387
612	483
612	640
612	678
612	768
612	785
612	949
612	977
613	327
613	580
613	597
613	628
613	748
613	821
613	955
613	962
613	994
614	212
614	401
614	425
614	635
614	735
614	747
614	788
614	804
614	890
615	292
615	322
615	432
615	446
615	464
615	790
615	875
615	893
615	992
616	301
616	418
616	706
616	779
616	800
616	816
616	829
616	889
616	959
617	661
617	670
617	794
617	849
617	869
617	907
617	919
617	942
617	996
618	34
618	114
618	213
618	250
618	363
618	720
618	740
618	803
618	807
619	130
619	494
619	576
619	714
619	733
619	766
619	934
619	939
619	957
620	44
620	49
620	110
620	806
620	810
620	919
620	946
620	955
620	962
621	28
621	124
621	600
621	608
621	652
621	676
621	814
621	847
621	988
622	601
622	627
622	760
622	783
622	868
622	898
622	910
622	925
622	990
623	147
623	164
623	233
623	437
623	485
623	489
623	656
623	810
623	954
624	39
624	56
624	64
624	387
624	576
624	707
624	775
624	949
624	972
625	10
625	244
625	479
625	599
625	650
625	664
625	816
625	909
625	926
626	356
626	632
626	695
626	768
626	787
626	823
626	833
626	944
626	980
627	51
627	489
627	622
627	699
627	828
627	885
627	892
627	902
627	987
628	41
628	58
628	171
628	345
628	398
628	446
628	613
628	893
628	950
629	399
629	506
629	539
629	640
629	655
629	734
629	937
629	940
629	958
630	90
630	246
630	284
630	298
630	580
630	781
630	845
630	883
630	887
631	185
631	266
631	268
631	562
631	563
631	818
631	826
631	901
631	989
632	22
632	216
632	363
632	496
632	626
632	807
632	833
632	886
632	940
633	213
633	256
633	264
633	521
633	595
633	805
633	843
633	886
633	982
634	39
634	304
634	641
634	688
634	727
634	868
634	935
634	947
634	956
634	958
635	308
635	424
635	443
635	614
635	636
635	673
635	801
635	804
635	864
635	890
636	175
636	321
636	457
636	547
636	609
636	635
636	817
636	825
636	848
636	864
637	8
637	330
637	337
637	483
637	572
637	676
637	683
637	723
637	899
637	952
638	73
638	363
638	586
638	642
638	764
638	865
638	944
638	951
638	960
638	976
639	57
639	119
639	152
639	159
639	243
639	642
639	717
639	795
639	958
639	970
640	232
640	348
640	397
640	488
640	519
640	612
640	629
640	791
640	837
640	921
641	228
641	399
641	564
641	634
641	774
641	877
641	879
641	907
641	923
641	986
642	105
642	118
642	477
642	519
642	569
642	638
642	639
642	887
642	922
642	982
643	40
643	256
643	276
643	377
643	440
643	566
643	733
643	910
643	917
643	953
644	15
644	177
644	261
644	411
644	576
644	815
644	844
644	886
644	938
644	999
645	96
645	192
645	289
645	340
645	403
645	408
645	472
645	497
645	526
645	917
646	139
646	325
646	334
646	449
646	466
646	570
646	747
646	780
646	967
646	997
647	98
647	107
647	179
647	232
647	323
647	324
647	417
647	771
647	813
647	993
648	154
648	240
648	339
648	372
648	486
648	768
648	904
648	909
648	927
648	928
649	161
649	185
649	567
649	572
649	595
649	606
649	678
649	782
649	798
649	894
650	295
650	313
650	339
650	386
650	625
650	659
650	880
650	927
650	990
650	1000
651	77
651	211
651	334
651	703
651	808
651	840
651	872
651	885
651	889
651	943
652	320
652	345
652	400
652	473
652	621
652	686
652	777
652	923
652	943
652	947
653	56
653	102
653	239
653	272
653	412
653	438
653	772
653	872
653	952
653	972
654	63
654	212
654	331
654	347
654	500
654	682
654	686
654	698
654	935
654	972
655	48
655	231
655	629
655	660
655	678
655	823
655	841
655	873
655	958
655	975
656	221
656	587
656	607
656	623
656	665
656	748
656	755
656	770
656	871
656	881
657	68
657	76
657	94
657	209
657	472
657	783
657	814
657	844
657	895
657	945
658	101
658	145
658	352
658	496
658	694
658	789
658	918
658	972
658	984
658	985
659	33
659	60
659	436
659	510
659	650
659	710
659	720
659	739
659	997
659	998
660	89
660	231
660	385
660	655
660	792
660	838
660	893
660	961
660	966
660	992
661	40
661	423
661	466
661	483
661	546
661	617
661	777
661	904
661	909
661	949
662	74
662	289
662	489
662	705
662	743
662	800
662	864
662	903
662	932
662	985
663	250
663	295
663	420
663	685
663	782
663	856
663	884
663	909
663	929
663	932
664	167
664	358
664	433
664	521
664	610
664	625
664	674
664	746
664	961
664	1000
665	52
665	226
665	470
665	487
665	513
665	560
665	656
665	683
665	751
665	939
666	219
666	482
666	709
666	758
666	780
666	787
666	875
666	952
666	985
666	991
667	153
667	254
667	328
667	767
667	773
667	854
667	861
667	872
667	878
667	881
668	225
668	257
668	475
668	534
668	592
668	677
668	690
668	892
668	900
668	943
669	28
669	393
669	415
669	547
669	729
669	794
669	874
669	886
669	910
669	989
670	18
670	120
670	136
670	353
670	425
670	432
670	537
670	617
670	677
670	752
671	428
671	430
671	494
671	727
671	761
671	809
671	888
671	956
671	982
671	993
672	87
672	120
672	342
672	401
672	439
672	804
672	846
672	869
672	934
672	975
673	218
673	528
673	607
673	635
673	741
673	790
673	900
673	905
673	949
673	954
674	34
674	396
674	469
674	502
674	519
674	664
674	897
674	948
674	977
674	1000
675	61
675	142
675	270
675	284
675	315
675	835
675	880
675	911
675	932
675	945
676	327
676	420
676	621
676	637
676	751
676	862
676	909
676	923
676	927
676	945
677	5
677	88
677	241
677	267
677	543
677	668
677	670
677	817
677	909
677	927
678	177
678	569
678	581
678	612
678	649
678	655
678	682
678	932
678	949
678	990
679	14
679	19
679	251
679	396
679	427
679	605
679	735
679	925
679	948
679	990
680	220
680	346
680	467
680	689
680	710
680	731
680	820
680	897
680	994
680	1000
681	74
681	195
681	686
681	687
681	770
681	812
681	813
681	827
681	888
681	953
682	448
682	611
682	654
682	678
682	752
682	760
682	806
682	809
682	868
682	910
683	103
683	180
683	254
683	411
683	637
683	665
683	751
683	893
683	914
683	957
684	88
684	344
684	540
684	573
684	718
684	721
684	752
684	770
684	796
684	960
685	254
685	378
685	396
685	400
685	663
685	698
685	826
685	898
685	964
685	994
686	162
686	312
686	543
686	600
686	652
686	654
686	681
686	833
686	856
686	947
687	277
687	407
687	559
687	681
687	690
687	702
687	831
687	874
687	888
687	910
688	141
688	204
688	592
688	610
688	634
688	828
688	932
688	965
688	995
688	996
689	499
689	574
689	680
689	703
689	739
689	744
689	846
689	926
689	975
689	982
690	503
690	515
690	668
690	687
690	699
690	857
690	889
690	924
690	968
690	972
691	703
691	746
691	759
691	784
691	789
691	800
691	828
691	918
691	926
691	948
692	380
692	540
692	546
692	550
692	584
692	773
692	795
692	858
692	972
692	979
692	988
693	8
693	117
693	282
693	363
693	383
693	579
693	753
693	801
693	921
693	951
693	996
694	165
694	323
694	421
694	548
694	593
694	594
694	658
694	727
694	805
694	870
694	979
695	17
695	442
695	481
695	503
695	521
695	569
695	626
695	769
695	819
695	930
695	998
696	63
696	222
696	566
696	701
696	827
696	845
696	849
696	902
696	915
696	920
696	970
697	303
697	391
697	425
697	518
697	522
697	594
697	723
697	724
697	970
697	973
697	992
698	271
698	470
698	532
698	581
698	607
698	654
698	685
698	709
698	751
698	898
698	901
699	296
699	355
699	369
699	430
699	525
699	627
699	690
699	840
699	875
699	987
699	991
700	318
700	523
700	771
700	778
700	813
700	831
700	864
700	906
700	946
700	953
700	961
701	103
701	433
701	484
701	696
701	702
701	716
701	827
701	845
701	920
701	951
701	978
702	92
702	194
702	329
702	568
702	687
702	701
702	717
702	770
702	840
702	954
702	960
703	48
703	156
703	278
703	506
703	610
703	651
703	689
703	691
703	926
703	930
703	995
704	242
704	279
704	373
704	497
704	515
704	580
704	726
704	834
704	902
704	979
704	991
705	67
705	280
705	295
705	562
705	604
705	662
705	852
705	894
705	896
705	937
705	980
706	195
706	355
706	616
706	732
706	774
706	862
706	867
706	907
706	921
706	957
706	986
707	72
707	287
707	387
707	437
707	448
707	494
707	578
707	583
707	624
707	824
707	828
708	110
708	277
708	324
708	428
708	538
708	713
708	736
708	816
708	849
708	914
708	975
709	188
709	290
709	301
709	666
709	698
709	738
709	881
709	898
709	901
709	919
709	989
710	73
710	279
710	310
710	659
710	680
710	794
710	808
710	827
710	943
710	990
710	1000
711	479
711	720
711	757
711	774
711	798
711	864
711	871
711	880
711	945
711	966
711	999
712	193
712	274
712	336
712	377
712	805
712	831
712	836
712	858
712	942
712	953
712	961
713	13
713	143
713	223
713	597
713	708
713	842
713	877
713	907
713	923
713	968
713	986
714	24
714	52
714	207
714	405
714	529
714	545
714	619
714	715
714	766
714	919
714	957
715	42
715	203
715	409
715	714
715	748
715	754
715	885
715	892
715	899
715	981
715	987
716	4
716	89
716	212
716	300
716	331
716	335
716	462
716	701
716	734
716	812
716	866
717	122
717	218
717	278
717	365
717	506
717	511
717	639
717	702
717	896
717	976
717	981
718	227
718	307
718	379
718	392
718	460
718	535
718	603
718	684
718	836
718	875
718	954
719	191
719	233
719	234
719	366
719	390
719	594
719	743
719	797
719	850
719	908
719	925
720	469
720	519
720	534
720	618
720	659
720	711
720	725
720	759
720	871
720	890
720	936
721	374
721	684
721	779
721	781
721	844
721	846
721	867
721	873
721	877
721	960
721	986
722	111
722	530
722	730
722	733
722	765
722	782
722	910
722	956
722	965
722	990
722	995
723	388
723	502
723	637
723	697
723	821
723	845
723	912
723	952
723	963
723	964
723	978
724	55
724	142
724	479
724	518
724	697
724	846
724	884
724	903
724	929
724	941
724	970
725	74
725	132
725	146
725	174
725	720
725	734
725	807
725	881
725	905
725	996
725	999
726	38
726	54
726	360
726	399
726	488
726	571
726	704
726	795
726	837
726	957
726	965
727	128
727	146
727	373
727	634
727	671
727	694
727	788
727	828
727	933
727	956
727	995
728	145
728	181
728	457
728	497
728	556
728	749
728	917
728	922
728	931
728	952
728	994
729	90
729	107
729	205
729	669
729	783
729	830
729	857
729	887
729	925
729	960
729	993
730	12
730	43
730	114
730	151
730	498
730	512
730	582
730	722
730	875
730	983
730	995
731	80
731	309
731	362
731	381
731	396
731	404
731	539
731	680
731	903
731	969
731	992
732	12
732	143
732	471
732	592
732	600
732	706
732	775
732	824
732	851
732	866
732	993
733	193
733	252
733	619
733	643
733	722
733	884
733	888
733	890
733	891
733	961
733	966
734	17
734	94
734	301
734	487
734	567
734	629
734	716
734	725
734	765
734	882
734	981
735	166
735	342
735	371
735	604
735	614
735	679
735	746
735	755
735	980
735	991
735	1000
736	260
736	291
736	404
736	498
736	708
736	832
736	855
736	878
736	959
736	962
736	994
737	3
737	100
737	198
737	230
737	366
737	492
737	536
737	739
737	741
737	835
737	840
738	11
738	81
738	274
738	339
738	377
738	547
738	559
738	709
738	937
738	953
738	961
739	371
739	404
739	537
739	659
739	689
739	737
739	812
739	851
739	906
739	937
739	948
739	963
740	7
740	99
740	255
740	323
740	474
740	511
740	536
740	618
740	863
740	916
740	945
740	968
741	44
741	367
741	395
741	425
741	467
741	471
741	576
741	673
741	737
741	889
741	938
741	984
742	11
742	135
742	205
742	503
742	506
742	507
742	590
742	799
742	805
742	894
742	950
742	998
743	91
743	289
743	332
743	662
743	719
743	746
743	796
743	824
743	870
743	903
743	971
743	985
744	79
744	122
744	312
744	314
744	356
744	460
744	603
744	689
744	746
744	748
744	820
744	903
745	24
745	194
745	196
745	399
745	455
745	522
745	809
745	874
745	887
745	925
745	965
745	991
746	427
746	543
746	664
746	691
746	735
746	743
746	744
746	747
746	812
746	827
746	949
746	1000
747	257
747	291
747	473
747	479
747	614
747	646
747	746
747	764
747	880
747	911
747	920
747	999
748	101
748	173
748	208
748	351
748	528
748	579
748	613
748	656
748	715
748	744
748	817
748	954
749	5
749	204
749	319
749	381
749	526
749	588
749	728
749	899
749	963
749	964
749	973
749	998
750	50
750	65
750	158
750	357
750	446
750	508
750	846
750	867
750	883
750	890
750	934
750	969
751	27
751	432
751	575
751	665
751	676
751	683
751	698
751	771
751	912
751	939
751	947
751	957
752	93
752	187
752	215
752	281
752	344
752	670
752	682
752	684
752	802
752	824
752	929
752	982
753	95
753	328
753	340
753	693
753	756
753	790
753	797
753	840
753	869
753	900
753	907
753	914
754	100
754	376
754	451
754	611
754	715
754	757
754	822
754	831
754	892
754	918
754	953
754	987
755	271
755	426
755	504
755	608
755	656
755	735
755	760
755	773
755	806
755	826
755	868
755	996
756	31
756	263
756	496
756	550
756	753
756	767
756	789
756	890
756	893
756	937
756	956
756	972
757	9
757	176
757	322
757	392
757	419
757	528
757	558
757	711
757	754
757	772
757	779
757	908
758	354
758	533
758	602
758	666
758	760
758	767
758	870
758	872
758	876
758	886
758	985
758	988
759	106
759	236
759	341
759	691
759	720
759	761
759	795
759	849
759	865
759	944
759	966
759	976
760	192
760	262
760	442
760	601
760	622
760	682
760	755
760	758
760	874
760	876
760	887
760	925
761	26
761	36
761	386
761	583
761	600
761	611
761	671
761	759
761	831
761	832
761	847
761	856
762	102
762	219
762	336
762	418
762	419
762	550
762	763
762	784
762	872
762	979
762	988
762	993
763	315
763	342
763	372
763	379
763	443
763	457
763	495
763	508
763	573
763	762
763	890
763	911
764	53
764	139
764	343
764	454
764	638
764	747
764	794
764	795
764	944
764	946
764	959
764	976
765	126
765	178
765	227
765	405
765	490
765	587
765	722
765	734
765	853
765	879
765	970
765	989
766	261
766	466
766	535
766	545
766	619
766	714
766	776
766	790
766	844
766	913
766	951
766	955
767	113
767	168
767	254
767	272
767	525
767	550
767	667
767	756
767	758
767	780
767	894
767	979
768	37
768	173
768	288
768	446
768	449
768	562
768	612
768	626
768	648
768	802
768	937
768	954
769	25
769	109
769	148
769	258
769	293
769	375
769	453
769	541
769	695
769	801
769	968
769	981
770	92
770	182
770	227
770	394
770	551
770	656
770	681
770	684
770	702
770	843
770	893
770	979
771	72
771	105
771	119
771	165
771	470
771	647
771	700
771	751
771	844
771	911
771	939
771	957
772	69
772	163
772	188
772	528
772	653
772	757
772	774
772	891
772	893
772	908
772	970
772	972
773	76
773	113
773	464
773	515
773	587
773	667
773	692
773	755
773	786
773	898
773	926
773	999
774	7
774	306
774	477
774	530
774	541
774	641
774	706
774	711
774	772
774	882
774	887
774	986
775	201
775	219
775	368
775	422
775	434
775	455
775	624
775	732
775	851
775	859
775	980
775	993
776	182
776	232
776	541
776	766
776	777
776	790
776	801
776	891
776	915
776	924
776	951
776	968
777	409
777	476
777	500
777	575
777	652
777	661
777	776
777	778
777	798
777	927
777	928
777	965
778	14
778	287
778	343
778	379
778	476
778	605
778	700
778	777
778	780
778	852
778	947
778	953
779	108
779	226
779	397
779	477
779	490
779	616
779	721
779	757
779	816
779	862
779	923
779	950
780	112
780	352
780	379
780	520
780	646
780	666
780	767
780	778
780	803
780	870
780	899
780	985
781	155
781	223
781	418
781	509
781	548
781	574
781	577
781	579
781	630
781	721
781	874
781	907
781	923
782	117
782	250
782	486
782	556
782	649
782	663
782	722
782	806
782	808
782	836
782	852
782	932
782	938
783	185
783	322
783	348
783	368
783	558
783	622
783	657
783	729
783	814
783	888
783	895
783	945
783	970
784	212
784	285
784	302
784	485
784	541
784	567
784	609
784	691
784	762
784	793
784	825
784	871
784	951
785	23
785	149
785	310
785	443
785	561
785	612
785	839
785	854
785	886
785	900
785	933
785	950
785	983
786	254
786	490
786	587
786	607
786	773
786	788
786	794
786	806
786	817
786	820
786	824
786	894
786	989
787	18
787	67
787	200
787	248
787	273
787	369
787	449
787	458
787	579
787	604
787	626
787	666
787	833
788	116
788	219
788	290
788	332
788	396
788	551
788	575
788	614
788	727
788	786
788	819
788	922
788	955
789	168
789	297
789	548
789	658
789	691
789	756
789	808
789	861
789	929
789	972
789	982
789	988
789	996
790	101
790	427
790	510
790	528
790	579
790	588
790	615
790	673
790	753
790	766
790	776
790	945
790	984
791	269
791	411
791	517
791	538
791	640
791	837
791	841
791	867
791	891
791	936
791	966
791	973
791	975
792	226
792	255
792	258
792	315
792	590
792	606
792	609
792	660
792	818
792	826
792	848
792	884
792	920
793	229
793	240
793	300
793	370
793	485
793	512
793	551
793	583
793	784
793	808
793	921
793	975
793	977
794	295
794	302
794	347
794	555
794	599
794	617
794	669
794	710
794	764
794	786
794	812
794	897
794	990
795	171
795	227
795	493
795	537
795	586
795	639
795	692
795	726
795	759
795	764
795	842
795	845
795	852
796	20
796	140
796	194
796	203
796	217
796	259
796	329
796	426
796	684
796	743
796	843
796	902
796	998
797	313
797	353
797	414
797	432
797	594
797	719
797	753
797	855
797	914
797	928
797	942
797	977
797	996
798	5
798	30
798	376
798	476
798	572
798	581
798	649
798	711
798	777
798	851
798	908
798	932
798	987
799	247
799	249
799	266
799	365
799	368
799	389
799	413
799	506
799	742
799	863
799	956
799	969
799	984
800	36
800	181
800	317
800	362
800	398
800	461
800	599
800	616
800	662
800	691
800	805
800	897
800	990
801	153
801	226
801	262
801	358
801	407
801	518
801	635
801	693
801	769
801	776
801	817
801	924
801	968
802	22
802	61
802	173
802	282
802	553
802	752
802	768
802	809
802	823
802	833
802	900
802	928
802	961
803	40
803	222
803	353
803	401
803	445
803	618
803	780
803	835
803	846
803	873
803	911
803	925
803	983
804	166
804	231
804	297
804	308
804	425
804	508
804	604
804	614
804	635
804	672
804	883
804	929
804	995
805	75
805	374
805	556
805	633
805	694
805	712
805	742
805	800
805	811
805	822
805	859
805	937
805	988
806	33
806	180
806	279
806	323
806	501
806	577
806	585
806	620
806	682
806	755
806	782
806	786
806	898
807	104
807	350
807	387
807	508
807	511
807	618
807	632
807	725
807	818
807	873
807	905
807	970
807	983
807	986
808	30
808	97
808	205
808	222
808	395
808	589
808	651
808	710
808	782
808	789
808	793
808	916
808	958
808	975
809	79
809	157
809	196
809	234
809	671
809	682
809	745
809	802
809	860
809	874
809	887
809	910
809	932
809	938
810	91
810	147
810	243
810	259
810	566
810	603
810	620
810	623
810	896
810	902
810	915
810	933
810	982
810	992
811	222
811	334
811	452
811	580
811	805
811	827
811	834
811	835
811	838
811	844
811	883
811	902
811	978
811	984
812	47
812	56
812	181
812	394
812	410
812	578
812	681
812	716
812	739
812	746
812	794
812	856
812	877
812	926
813	29
813	64
813	81
813	147
813	230
813	329
813	461
813	532
813	647
813	681
813	700
813	856
813	864
813	954
814	31
814	124
814	139
814	167
814	349
814	558
814	621
814	657
814	783
814	815
814	817
814	861
814	908
814	941
815	26
815	248
815	374
815	530
815	548
815	573
815	644
815	814
815	816
815	819
815	867
815	868
815	877
815	986
816	104
816	108
816	306
816	370
816	530
816	531
816	616
816	625
816	708
816	779
816	815
816	867
816	912
816	928
817	58
817	121
817	232
817	253
817	258
817	478
817	636
817	677
817	748
817	786
817	801
817	814
817	825
817	968
818	86
818	174
818	292
818	342
818	445
818	493
818	631
818	792
818	807
818	835
818	874
818	879
818	911
818	945
819	14
819	95
819	150
819	290
819	424
819	478
819	501
819	551
819	695
819	788
819	815
819	840
819	922
819	982
820	288
820	360
820	444
820	489
820	602
820	680
820	744
820	786
820	823
820	903
820	908
820	944
820	947
820	991
821	201
821	214
821	319
821	383
821	415
821	492
821	613
821	723
821	899
821	931
821	940
821	964
821	965
821	973
822	19
822	202
822	220
822	336
822	395
822	438
822	496
822	754
822	805
822	850
822	882
822	895
822	902
822	931
823	290
823	334
823	406
823	513
823	514
823	557
823	571
823	626
823	655
823	802
823	820
823	838
823	848
823	936
824	67
824	414
824	448
824	480
824	707
824	732
824	743
824	752
824	786
824	834
824	851
824	867
824	956
824	995
825	52
825	82
825	99
825	166
825	332
825	413
825	417
825	516
825	546
825	636
825	784
825	817
825	893
825	924
826	148
826	163
826	221
826	247
826	631
826	685
826	755
826	792
826	832
826	858
826	888
826	898
826	901
826	989
827	35
827	52
827	242
827	279
827	335
827	372
827	450
827	681
827	696
827	701
827	710
827	746
827	811
827	902
828	25
828	54
828	83
828	131
828	170
828	298
828	627
828	688
828	691
828	707
828	727
828	917
828	956
828	966
829	40
829	105
829	272
829	453
829	481
829	616
829	858
829	861
829	865
829	910
829	916
829	922
829	930
829	987
830	49
830	118
830	133
830	236
830	267
830	293
830	610
830	729
830	878
830	891
830	919
830	942
830	962
830	994
831	38
831	81
831	256
831	268
831	507
831	687
831	700
831	712
831	754
831	761
831	961
831	964
831	975
831	999
832	239
832	311
832	386
832	400
832	441
832	459
832	486
832	544
832	736
832	761
832	826
832	838
832	847
832	868
833	12
833	369
833	449
833	525
833	545
833	568
833	626
833	632
833	686
833	787
833	802
833	837
833	968
833	980
834	54
834	179
834	242
834	326
834	395
834	403
834	704
834	811
834	824
834	883
834	894
834	902
834	947
834	978
835	375
835	497
835	565
835	599
835	675
835	737
835	803
835	811
835	818
835	897
835	906
835	911
835	918
835	938
836	211
836	212
836	304
836	325
836	394
836	549
836	602
836	712
836	718
836	782
836	903
836	913
836	971
836	979
837	262
837	329
837	352
837	482
837	514
837	582
837	589
837	640
837	726
837	791
837	833
837	906
837	935
837	939
838	88
838	125
838	200
838	238
838	244
838	459
838	660
838	811
838	823
838	832
838	847
838	915
838	934
838	980
839	59
839	84
839	159
839	384
839	464
839	509
839	591
839	598
839	785
839	840
839	876
839	942
839	967
839	997
839	998
840	9
840	51
840	224
840	306
840	314
840	651
840	699
840	702
840	737
840	753
840	819
840	839
840	889
840	960
840	987
841	32
841	229
841	317
841	338
841	450
841	500
841	512
841	538
841	546
841	578
841	600
841	655
841	791
841	914
841	975
842	18
842	53
842	84
842	106
842	189
842	309
842	401
842	421
842	592
842	713
842	795
842	850
842	866
842	944
842	976
843	67
843	93
843	151
843	225
843	248
843	344
843	510
843	540
843	552
843	596
843	598
843	633
843	770
843	796
843	960
844	72
844	209
844	411
844	526
844	576
844	644
844	657
844	721
844	766
844	771
844	811
844	916
844	957
844	958
844	960
845	35
845	90
845	136
845	452
845	560
845	630
845	696
845	701
845	723
845	795
845	883
845	956
845	964
845	978
845	993
846	16
846	158
846	337
846	370
846	495
846	573
846	672
846	689
846	721
846	724
846	750
846	803
846	890
846	934
846	956
847	26
847	84
847	198
847	261
847	265
847	281
847	311
847	621
847	761
847	832
847	838
847	866
847	908
847	912
847	947
848	58
848	149
848	413
848	417
848	422
848	477
848	511
848	523
848	542
848	606
848	636
848	792
848	823
848	883
848	958
849	101
849	106
849	134
849	206
849	493
849	537
849	586
849	617
849	696
849	708
849	759
849	867
849	870
849	902
849	959
850	15
850	21
850	130
850	371
850	392
850	402
850	429
850	447
850	554
850	719
850	822
850	842
850	861
850	941
850	953
851	128
851	131
851	222
851	382
851	389
851	434
851	463
851	492
851	732
851	739
851	775
851	798
851	824
851	993
851	995
852	45
852	382
852	387
852	486
852	506
852	552
852	606
852	705
852	778
852	782
852	795
852	853
852	862
852	932
852	949
853	10
853	135
853	138
853	279
853	386
853	412
853	490
853	595
853	765
853	852
853	854
853	879
853	896
853	981
853	985
854	71
854	219
854	345
854	364
854	388
854	422
854	440
854	475
854	507
854	531
854	571
854	667
854	785
854	853
854	894
855	21
855	70
855	175
855	208
855	379
855	498
855	596
855	736
855	797
855	858
855	880
855	940
855	962
855	979
855	994
856	13
856	26
856	28
856	125
856	134
856	366
856	386
856	570
856	663
856	686
856	761
856	812
856	813
856	858
856	947
857	157
857	267
857	421
857	470
857	547
857	550
857	690
857	729
857	868
857	874
857	887
857	906
857	910
857	916
857	926
858	4
858	37
858	105
858	118
858	219
858	220
858	290
858	692
858	712
858	826
858	829
858	855
858	856
858	861
858	974
859	142
859	149
859	202
859	272
859	310
859	386
859	589
859	775
859	805
859	872
859	918
859	937
859	968
859	988
859	995
860	42
860	47
860	167
860	365
860	478
860	555
860	568
860	809
860	863
860	869
860	879
860	882
860	896
860	969
860	981
861	66
861	138
861	275
861	316
861	453
861	519
861	551
861	569
861	667
861	789
861	814
861	829
861	850
861	858
861	995
862	117
862	180
862	311
862	397
862	552
862	676
862	706
862	779
862	852
862	904
862	927
862	929
862	949
862	983
862	989
863	17
863	301
863	321
863	433
863	451
863	463
863	480
863	490
863	558
863	740
863	799
863	860
863	875
863	896
863	934
864	78
864	174
864	252
864	407
864	514
864	532
864	559
864	596
864	611
864	635
864	636
864	662
864	700
864	711
864	813
864	961
865	53
865	140
865	158
865	168
865	171
865	313
865	460
865	586
865	638
865	759
865	829
865	869
865	873
865	876
865	878
865	944
866	82
866	299
866	305
866	454
866	500
866	504
866	527
866	575
866	716
866	732
866	842
866	847
866	900
866	906
866	917
866	919
867	206
867	418
867	493
867	574
867	577
867	706
867	721
867	750
867	791
867	815
867	816
867	824
867	849
867	877
867	905
867	981
868	182
868	421
868	444
868	447
868	522
868	547
868	601
868	622
868	634
868	682
868	755
868	815
868	832
868	857
868	869
868	925
869	8
869	17
869	18
869	70
869	162
869	276
869	487
869	516
869	589
869	617
869	672
869	753
869	860
869	865
869	868
869	977
870	151
870	236
870	276
870	280
870	356
870	489
870	533
870	603
870	694
870	743
870	758
870	780
870	849
870	875
870	969
870	986
871	96
871	350
871	352
871	375
871	383
871	542
871	601
871	656
871	711
871	720
871	784
871	880
871	927
871	938
871	941
871	983
872	19
872	27
872	39
872	336
872	381
872	546
872	651
872	653
872	667
872	758
872	762
872	859
872	882
872	884
872	972
872	979
873	58
873	174
873	233
873	292
873	465
873	532
873	568
873	655
873	721
873	803
873	807
873	865
873	911
873	965
873	983
873	999
874	393
874	408
874	599
874	669
874	687
874	745
874	760
874	781
874	809
874	818
874	857
874	880
874	910
874	913
874	925
874	975
875	5
875	41
875	122
875	303
875	343
875	597
875	615
875	666
875	699
875	718
875	730
875	863
875	870
875	903
875	913
875	991
876	184
876	231
876	243
876	384
876	410
876	448
876	509
876	510
876	542
876	560
876	758
876	760
876	839
876	865
876	967
876	997
877	136
877	377
877	423
877	477
877	480
877	577
877	641
877	713
877	721
877	812
877	815
877	867
877	905
877	914
877	923
877	965
878	180
878	244
878	450
878	667
878	736
878	830
878	865
878	891
878	899
878	912
878	940
878	946
878	955
878	965
878	978
878	994
879	59
879	178
879	208
879	239
879	349
879	398
879	480
879	550
879	641
879	765
879	818
879	853
879	860
879	882
879	896
879	981
880	283
880	365
880	395
880	582
880	591
880	650
880	675
880	711
880	747
880	855
880	871
880	874
880	938
880	945
880	975
880	983
881	185
881	217
881	328
881	331
881	412
881	464
881	518
881	656
881	667
881	709
881	725
881	901
881	947
881	948
881	989
881	994
882	45
882	47
882	138
882	321
882	362
882	495
882	734
882	774
882	822
882	860
882	872
882	879
882	896
882	920
882	974
882	981
883	251
883	253
883	402
883	536
883	607
883	630
883	750
883	804
883	811
883	834
883	845
883	848
883	891
883	902
883	920
883	978
884	44
884	102
884	218
884	243
884	361
884	426
884	579
884	588
884	663
884	724
884	733
884	792
884	872
884	933
884	954
884	966
885	154
885	256
885	319
885	366
885	516
885	526
885	536
885	570
885	627
885	651
885	715
885	912
885	943
885	948
885	987
885	989
886	159
886	305
886	324
886	358
886	422
886	440
886	531
886	576
886	590
886	632
886	633
886	644
886	669
886	758
886	785
886	900
887	309
887	522
887	611
887	630
887	642
887	729
887	745
887	760
887	774
887	809
887	857
887	900
887	922
887	924
887	925
887	971
888	38
888	68
888	138
888	206
888	245
888	596
888	671
888	681
888	687
888	733
888	783
888	826
888	889
888	953
888	961
888	996
889	225
889	320
889	453
889	503
889	515
889	616
889	651
889	690
889	741
889	840
889	888
889	893
889	894
889	943
889	974
889	987
890	58
890	104
890	359
890	443
890	495
890	572
890	573
890	574
890	603
890	614
890	635
890	720
890	733
890	750
890	756
890	763
890	846
891	66
891	432
891	465
891	498
891	591
891	733
891	772
891	776
891	791
891	830
891	878
891	883
891	924
891	946
891	955
891	962
891	994
892	42
892	115
892	121
892	154
892	223
892	235
892	314
892	344
892	376
892	519
892	627
892	668
892	715
892	754
892	911
892	987
892	991
893	3
893	19
893	169
893	187
893	259
893	299
893	544
893	615
893	628
893	660
893	683
893	756
893	770
893	772
893	825
893	889
893	992
894	23
894	324
894	384
894	440
894	590
894	649
894	705
894	742
894	767
894	786
894	834
894	854
894	889
894	900
894	925
894	950
894	998
895	1
895	69
895	77
895	191
895	310
895	391
895	392
895	402
895	510
895	545
895	557
895	657
895	783
895	822
895	919
895	967
895	970
896	92
896	215
896	229
896	405
896	455
896	521
896	544
896	555
896	705
896	717
896	810
896	853
896	860
896	863
896	879
896	882
896	981
897	43
897	60
897	199
897	266
897	275
897	467
897	539
897	589
897	597
897	674
897	680
897	794
897	800
897	835
897	948
897	954
897	990
898	115
898	374
898	439
898	585
898	608
898	622
898	685
898	698
898	709
898	773
898	806
898	826
898	903
898	932
898	944
898	953
898	989
899	201
899	416
899	454
899	637
899	715
899	749
899	780
899	821
899	878
899	905
899	907
899	931
899	952
899	963
899	964
899	966
899	974
900	149
900	156
900	368
900	507
900	590
900	597
900	668
900	673
900	753
900	785
900	802
900	866
900	886
900	887
900	894
900	928
900	998
901	11
901	33
901	232
901	271
901	274
901	285
901	378
901	444
901	533
901	631
901	698
901	709
901	826
901	881
901	902
901	904
901	974
902	246
902	456
902	627
902	696
902	704
902	796
902	810
902	811
902	822
902	827
902	834
902	849
902	883
902	901
902	925
902	964
902	978
903	34
903	66
903	455
903	575
903	605
903	662
903	724
903	731
903	743
903	744
903	820
903	836
903	875
903	898
903	913
903	944
903	985
904	5
904	88
904	132
904	174
904	235
904	346
904	431
904	438
904	461
904	490
904	581
904	648
904	661
904	862
904	901
904	927
904	928
904	985
905	213
905	216
905	283
905	352
905	465
905	568
905	673
905	725
905	807
905	867
905	877
905	899
905	928
905	938
905	945
905	983
905	999
905	1000
906	24
906	167
906	267
906	406
906	459
906	554
906	578
906	583
906	700
906	739
906	835
906	837
906	857
906	866
906	908
906	922
906	930
906	936
907	34
907	248
907	306
907	350
907	382
907	418
907	436
907	574
907	617
907	641
907	706
907	713
907	753
907	781
907	899
907	923
907	987
907	997
908	75
908	183
908	209
908	398
908	459
908	529
908	542
908	719
908	757
908	772
908	798
908	814
908	820
908	847
908	906
908	917
908	941
908	942
909	217
909	285
909	343
909	404
909	483
909	499
909	625
909	648
909	661
909	663
909	676
909	677
909	915
909	918
909	927
909	932
909	951
909	987
910	175
910	238
910	296
910	458
910	499
910	611
910	622
910	643
910	669
910	682
910	687
910	722
910	809
910	829
910	857
910	874
910	923
910	925
911	437
911	439
911	479
911	503
911	522
911	555
911	675
911	747
911	763
911	771
911	803
911	818
911	835
911	873
911	892
911	931
911	983
911	999
912	266
912	383
912	492
912	497
912	502
912	531
912	572
912	723
912	751
912	816
912	847
912	878
912	885
912	917
912	940
912	952
912	963
912	973
913	112
913	190
913	211
913	317
913	444
913	479
913	517
913	603
913	766
913	836
913	874
913	875
913	903
913	920
913	959
913	985
913	990
913	991
914	141
914	196
914	209
914	242
914	282
914	286
914	433
914	484
914	549
914	683
914	708
914	753
914	797
914	841
914	877
914	942
914	996
914	999
915	11
915	86
915	137
915	143
915	244
915	253
915	265
915	318
915	320
915	408
915	696
915	776
915	810
915	838
915	909
915	923
915	957
915	978
916	20
916	229
916	360
916	474
916	488
916	514
916	523
916	538
916	571
916	582
916	740
916	808
916	829
916	844
916	857
916	920
916	950
916	984
917	228
917	424
917	453
917	482
917	643
917	645
917	728
917	828
917	866
917	908
917	912
917	920
917	937
917	952
917	964
917	968
917	973
917	974
918	19
918	87
918	101
918	127
918	268
918	297
918	473
918	546
918	608
918	658
918	691
918	754
918	835
918	859
918	909
918	930
918	937
918	939
919	70
919	199
919	200
919	285
919	377
919	450
919	617
919	620
919	709
919	714
919	830
919	866
919	895
919	930
919	940
919	946
919	962
919	994
920	35
920	279
920	284
920	296
920	411
920	456
920	580
920	696
920	701
920	747
920	792
920	882
920	883
920	913
920	916
920	917
920	923
920	978
921	20
921	48
921	167
921	172
921	317
921	327
921	357
921	399
921	469
921	513
921	517
921	640
921	693
921	706
921	793
921	936
921	992
921	1000
922	62
922	94
922	157
922	308
922	332
922	415
922	463
922	519
922	569
922	642
922	728
922	788
922	819
922	829
922	887
922	906
922	930
922	940
923	164
923	216
923	445
923	530
923	641
923	652
923	676
923	713
923	779
923	781
923	877
923	907
923	910
923	915
923	920
923	935
923	986
923	996
924	3
924	61
924	99
924	123
924	226
924	285
924	399
924	457
924	567
924	592
924	690
924	776
924	801
924	825
924	887
924	891
924	927
924	951
925	98
925	173
925	331
925	508
925	547
925	583
925	622
925	679
925	719
925	729
925	745
925	760
925	803
925	868
925	874
925	887
925	894
925	902
925	910
926	39
926	48
926	73
926	93
926	254
926	295
926	394
926	566
926	625
926	689
926	691
926	703
926	773
926	812
926	857
926	939
926	948
926	957
926	965
927	14
927	57
927	126
927	191
927	366
927	585
927	648
927	650
927	676
927	677
927	777
927	862
927	871
927	904
927	909
927	924
927	928
927	929
927	969
928	14
928	150
928	294
928	337
928	341
928	417
928	581
928	648
928	777
928	797
928	802
928	816
928	900
928	904
928	905
928	927
928	942
928	949
928	998
929	89
929	117
929	330
929	343
929	357
929	397
929	572
929	573
929	586
929	611
929	663
929	724
929	752
929	789
929	804
929	862
929	927
929	932
929	960
930	90
930	190
930	316
930	332
930	391
930	415
930	449
930	474
930	501
930	507
930	524
930	695
930	703
930	829
930	906
930	918
930	919
930	922
930	970
931	54
931	91
931	225
931	266
931	385
931	388
931	439
931	492
931	567
931	728
931	821
931	822
931	899
931	911
931	941
931	952
931	963
931	973
931	974
932	32
932	41
932	241
932	281
932	365
932	530
932	662
932	663
932	675
932	678
932	688
932	782
932	798
932	809
932	852
932	898
932	909
932	929
932	940
933	6
933	27
933	49
933	170
933	183
933	258
933	345
933	367
933	435
933	544
933	558
933	584
933	588
933	727
933	785
933	810
933	884
933	954
933	959
934	68
934	98
934	308
934	370
934	401
934	425
934	495
934	505
934	508
934	573
934	619
934	672
934	750
934	838
934	846
934	863
934	944
934	953
934	991
935	112
935	116
935	130
935	178
935	184
935	286
935	300
935	347
935	384
935	454
935	462
935	500
935	504
935	527
935	634
935	654
935	837
935	923
935	986
936	171
936	181
936	394
936	494
936	501
936	512
936	557
936	583
936	720
936	791
936	823
936	906
936	921
936	942
936	953
936	958
936	975
936	995
936	996
937	44
937	127
937	201
937	230
937	310
937	566
937	593
937	629
937	705
937	738
937	739
937	756
937	768
937	805
937	859
937	917
937	918
937	979
937	980
938	34
938	214
938	291
938	352
938	469
938	570
938	644
938	741
938	782
938	809
938	835
938	871
938	880
938	905
938	945
938	946
938	951
938	960
938	963
939	15
939	36
939	103
939	207
939	264
939	405
939	468
939	507
939	527
939	535
939	545
939	619
939	665
939	751
939	771
939	837
939	918
939	926
939	957
939	983
940	49
940	123
940	271
940	426
940	450
940	629
940	632
940	821
940	855
940	878
940	912
940	919
940	922
940	932
940	946
940	953
940	955
940	962
940	979
940	994
941	117
941	191
941	239
941	326
941	338
941	349
941	390
941	561
941	590
941	601
941	724
941	814
941	850
941	871
941	908
941	931
941	962
941	970
941	975
941	1000
942	126
942	141
942	282
942	441
942	500
942	516
942	539
942	588
942	617
942	712
942	797
942	830
942	839
942	908
942	914
942	928
942	936
942	946
942	977
942	996
943	205
943	210
943	220
943	241
943	293
943	314
943	421
943	429
943	475
943	492
943	651
943	652
943	668
943	710
943	885
943	889
943	974
943	975
943	976
943	987
944	6
944	111
944	115
944	171
944	197
944	206
944	278
944	347
944	626
944	638
944	759
944	764
944	820
944	842
944	865
944	898
944	903
944	934
944	959
944	976
945	347
945	350
945	361
945	375
945	392
945	428
945	445
945	657
945	675
945	676
945	711
945	740
945	783
945	790
945	818
945	880
945	905
945	938
945	955
945	983
946	66
946	137
946	175
946	340
946	465
946	525
946	583
946	620
946	700
946	764
946	878
946	891
946	919
946	938
946	940
946	942
946	962
946	972
946	987
946	994
947	28
947	137
947	162
947	244
947	253
947	265
947	321
947	533
947	549
947	589
947	634
947	652
947	686
947	751
947	778
947	820
947	834
947	847
947	856
947	881
948	56
948	176
948	208
948	404
948	437
948	481
948	497
948	499
948	531
948	557
948	674
948	679
948	691
948	739
948	881
948	885
948	897
948	926
948	957
948	989
949	32
949	97
949	148
949	337
949	353
949	357
949	456
949	476
949	612
949	624
949	661
949	673
949	678
949	746
949	852
949	862
949	928
949	955
949	961
949	992
950	23
950	78
950	190
950	358
950	388
950	413
950	440
950	561
950	574
950	597
950	608
950	628
950	742
950	779
950	785
950	894
950	916
950	952
950	956
950	961
951	165
951	216
951	255
951	262
951	315
951	323
951	511
951	539
951	545
951	567
951	638
951	693
951	701
951	766
951	776
951	784
951	909
951	924
951	938
951	968
951	986
952	8
952	128
952	161
952	372
952	456
952	505
952	597
952	637
952	653
952	666
952	723
952	728
952	899
952	912
952	917
952	931
952	950
952	964
952	973
952	974
952	986
953	68
953	77
953	252
953	274
953	407
953	532
953	643
953	681
953	700
953	712
953	738
953	754
953	778
953	850
953	888
953	898
953	934
953	936
953	940
953	964
953	997
954	51
954	85
954	89
954	286
954	287
954	305
954	361
954	416
954	505
954	623
954	673
954	702
954	718
954	748
954	768
954	813
954	884
954	897
954	933
954	984
954	992
955	45
955	70
955	186
955	236
955	262
955	327
955	335
955	412
955	498
955	587
955	613
955	620
955	766
955	788
955	878
955	891
955	940
955	945
955	949
955	959
955	962
956	7
956	43
956	55
956	111
956	393
956	448
956	459
956	491
956	516
956	634
956	671
956	722
956	727
956	756
956	799
956	824
956	828
956	845
956	846
956	950
956	1000
957	27
957	109
957	411
957	470
957	478
957	535
957	564
957	588
957	605
957	619
957	683
957	706
957	714
957	726
957	751
957	771
957	844
957	915
957	926
957	939
957	948
958	63
958	132
958	283
958	320
958	406
958	416
958	428
958	478
958	557
958	578
958	582
958	587
958	629
958	634
958	639
958	655
958	808
958	844
958	848
958	936
958	984
959	53
959	133
959	134
959	309
959	318
959	339
959	493
959	537
959	593
959	616
959	736
959	764
959	849
959	913
959	933
959	944
959	955
959	973
959	976
959	980
959	995
960	93
960	269
960	281
960	302
960	336
960	442
960	451
960	468
960	473
960	638
960	684
960	702
960	721
960	729
960	840
960	843
960	844
960	929
960	938
960	982
960	993
961	29
961	64
961	74
961	96
961	377
961	529
961	538
961	660
961	664
961	700
961	712
961	733
961	738
961	802
961	831
961	864
961	888
961	949
961	950
961	967
961	999
962	141
962	184
962	191
962	236
962	243
962	420
962	553
962	613
962	620
962	736
962	830
962	855
962	891
962	919
962	940
962	941
962	946
962	955
962	981
962	986
962	997
963	35
963	60
963	70
963	96
963	119
963	128
963	189
963	483
963	598
963	610
963	723
963	739
963	749
963	899
963	912
963	931
963	938
963	964
963	973
963	974
963	981
964	192
964	211
964	228
964	249
964	307
964	438
964	495
964	497
964	685
964	723
964	749
964	821
964	831
964	845
964	899
964	902
964	917
964	952
964	953
964	963
964	969
965	69
965	83
965	116
965	127
965	274
965	304
965	387
965	448
965	463
965	688
965	722
965	726
965	745
965	777
965	821
965	873
965	877
965	878
965	926
965	993
965	995
966	25
966	80
966	208
966	223
966	299
966	312
966	351
966	364
966	471
966	514
966	588
966	660
966	711
966	733
966	759
966	791
966	828
966	884
966	899
966	976
966	984
966	992
967	26
967	57
967	59
967	95
967	121
967	139
967	150
967	300
967	384
967	417
967	441
967	484
967	509
967	591
967	646
967	839
967	876
967	895
967	961
967	974
967	989
967	997
968	15
968	62
968	165
968	262
968	306
968	380
968	417
968	457
968	471
968	567
968	690
968	713
968	740
968	769
968	776
968	801
968	817
968	833
968	859
968	917
968	951
968	969
969	1
969	104
969	119
969	133
969	218
969	247
969	249
969	278
969	365
969	458
969	486
969	504
969	552
969	731
969	750
969	799
969	860
969	870
969	927
969	964
969	968
969	985
970	42
970	94
970	144
970	207
970	429
970	447
970	534
970	538
970	594
970	639
970	696
970	697
970	724
970	765
970	772
970	783
970	807
970	895
970	930
970	941
970	972
970	988
971	1
971	122
971	131
971	273
971	322
971	338
971	354
971	410
971	460
971	520
971	533
971	540
971	564
971	602
971	603
971	605
971	743
971	836
971	887
971	976
971	977
971	991
972	176
972	220
972	268
972	362
972	405
972	557
972	593
972	624
972	653
972	654
972	658
972	690
972	692
972	756
972	772
972	789
972	872
972	946
972	970
972	977
972	979
972	985
973	38
973	102
973	115
973	120
973	237
973	257
973	372
973	445
973	482
973	491
973	697
973	749
973	791
973	821
973	912
973	917
973	931
973	952
973	959
973	963
973	974
973	980
974	81
974	153
974	189
974	280
974	372
974	390
974	492
974	502
974	526
974	858
974	882
974	889
974	899
974	901
974	917
974	931
974	943
974	952
974	963
974	967
974	973
974	989
975	24
975	54
975	267
975	277
975	291
975	481
975	563
975	655
975	672
975	689
975	708
975	791
975	793
975	808
975	831
975	841
975	874
975	880
975	936
975	941
975	943
975	998
976	6
976	140
976	155
976	186
976	226
976	252
976	309
976	315
976	339
976	574
976	638
976	717
976	759
976	764
976	842
976	943
976	944
976	959
976	966
976	971
976	989
976	992
977	8
977	15
977	18
977	29
977	50
977	120
977	228
977	417
977	441
977	447
977	469
977	487
977	516
977	549
977	612
977	674
977	793
977	797
977	869
977	942
977	971
977	972
977	996
978	7
978	179
978	213
978	222
978	251
978	288
978	403
978	411
978	456
978	498
978	504
978	580
978	701
978	723
978	811
978	834
978	845
978	878
978	883
978	902
978	915
978	920
978	997
979	72
979	123
979	128
979	357
979	380
979	385
979	546
979	548
979	556
979	580
979	692
979	694
979	704
979	762
979	767
979	770
979	836
979	855
979	872
979	937
979	940
979	972
979	988
980	67
980	129
980	157
980	206
980	246
980	251
980	273
980	341
980	369
980	449
980	472
980	604
980	626
980	705
980	735
980	775
980	833
980	838
980	937
980	959
980	973
980	986
980	999
981	6
981	127
981	242
981	265
981	301
981	321
981	348
981	412
981	480
981	490
981	715
981	717
981	734
981	769
981	853
981	860
981	867
981	879
981	882
981	896
981	962
981	963
981	982
982	24
982	136
982	156
982	181
982	182
982	194
982	197
982	227
982	264
982	269
982	294
982	329
982	540
982	633
982	642
982	671
982	689
982	752
982	789
982	810
982	819
982	960
982	981
982	991
983	232
983	284
983	442
983	453
983	469
983	512
983	552
983	565
983	568
983	730
983	785
983	803
983	807
983	862
983	871
983	873
983	880
983	905
983	911
983	939
983	945
983	990
983	992
983	999
984	25
984	110
984	135
984	166
984	233
984	309
984	359
984	364
984	398
984	485
984	491
984	528
984	542
984	565
984	579
984	658
984	741
984	790
984	799
984	811
984	916
984	954
984	958
984	966
985	52
985	62
985	148
985	211
985	356
985	379
985	515
985	526
985	561
985	608
985	658
985	662
985	666
985	743
985	758
985	780
985	853
985	903
985	904
985	913
985	969
985	972
985	991
985	992
986	98
986	125
986	164
986	207
986	229
986	248
986	355
986	374
986	553
986	641
986	706
986	713
986	721
986	774
986	807
986	815
986	870
986	923
986	935
986	951
986	952
986	962
986	980
986	987
987	46
987	267
987	268
987	304
987	330
987	376
987	445
987	536
987	627
987	699
987	715
987	754
987	798
987	829
987	840
987	885
987	889
987	892
987	907
987	909
987	943
987	946
987	986
987	992
988	9
988	16
988	56
988	88
988	127
988	168
988	200
988	202
988	230
988	436
988	548
988	556
988	565
988	621
988	692
988	758
988	762
988	789
988	805
988	859
988	970
988	979
988	993
988	1000
989	33
989	180
989	343
989	421
989	563
989	585
989	606
989	607
989	608
989	631
989	669
989	709
989	765
989	786
989	826
989	862
989	881
989	885
989	898
989	948
989	967
989	974
989	976
989	994
990	156
990	166
990	178
990	203
990	269
990	337
990	362
990	371
990	437
990	450
990	461
990	511
990	534
990	539
990	622
990	650
990	678
990	679
990	710
990	722
990	794
990	800
990	897
990	913
990	983
991	62
991	106
991	112
991	288
991	307
991	325
991	333
991	391
991	488
991	504
991	520
991	523
991	666
991	699
991	704
991	735
991	745
991	820
991	875
991	892
991	913
991	934
991	971
991	982
991	985
992	140
992	233
992	307
992	345
992	356
992	367
992	435
992	471
992	480
992	485
992	615
992	660
992	697
992	731
992	810
992	893
992	921
992	949
992	954
992	966
992	976
992	983
992	985
992	987
992	993
993	55
993	112
993	129
993	263
993	294
993	304
993	414
993	424
993	430
993	434
993	484
993	527
993	647
993	671
993	729
993	732
993	762
993	775
993	845
993	851
993	960
993	965
993	988
993	992
993	995
994	46
994	60
994	66
994	123
994	186
994	199
994	342
994	391
994	462
994	541
994	585
994	613
994	680
994	685
994	728
994	736
994	830
994	855
994	878
994	881
994	891
994	919
994	940
994	946
994	989
995	12
995	170
995	238
995	245
995	455
995	474
995	491
995	581
995	601
995	688
995	703
995	722
995	727
995	730
995	804
995	824
995	851
995	859
995	861
995	936
995	959
995	965
995	993
995	996
995	998
996	1
996	209
996	340
996	383
996	433
996	441
996	484
996	487
996	549
996	582
996	584
996	617
996	688
996	693
996	725
996	755
996	789
996	797
996	888
996	914
996	923
996	936
996	942
996	977
996	995
997	50
997	59
997	85
997	89
997	204
997	231
997	311
997	321
997	333
997	390
997	466
997	467
997	560
997	565
997	570
997	584
997	646
997	659
997	839
997	876
997	907
997	953
997	962
997	967
997	978
998	31
998	73
998	78
998	149
998	177
998	358
998	422
998	507
998	531
998	569
998	584
998	590
998	595
998	606
998	659
998	695
998	742
998	749
998	796
998	839
998	894
998	900
998	928
998	975
998	995
999	114
999	186
999	240
999	257
999	283
999	362
999	431
999	530
999	531
999	553
999	565
999	568
999	644
999	711
999	725
999	747
999	773
999	831
999	873
999	905
999	911
999	914
999	961
999	980
999	983
1000	73
1000	199
1000	215
1000	350
1000	394
1000	402
1000	437
1000	475
1000	538
1000	539
1000	578
1000	591
1000	610
1000	650
1000	664
1000	674
1000	680
1000	710
1000	735
1000	746
1000	905
1000	921
1000	941
1000	956
1000	988
