1  1  1  1  2  1  2  2  1  1  1  1  1  1  1  1  1  2  1  2  1  
2  2  1  2  2  2  2  2  1  1  1  1  1  2  1  1  2  2  1  1  2  
3  1  1  1  1  2  1  2  2  1  1  1  1  1  1  2  1  2  2  1  1  
4  1  1  2  1  2  2  2  1  2  2  1  2  2  1  2  1  1  2  2  1  
5  1  1  2  2  2  1  2  1  1  1  2  1  2  1  2  2  1  1  1  2  
6  2  1  2  1  2  1  2  1  2  2  1  2  2  1  1  1  1  2  1  1  
7  1  1  1  1  2  2  2  2  2  1  2  1  1  2  1  2  1  2  2  2  
8  1  1  2  2  2  2  2  1  1  2  2  2  2  1  1  2  2  1  1  1  
9  2  2  2  1  2  2  1  1  2  2  2  2  1  1  2  1  1  1  1  2  
10  2  1  2  1  2  1  1  2  1  1  2  2  2  1  2  2  2  1  2  2  
11  1  2  1  1  2  1  1  1  1  2  1  1  2  1  2  2  2  2  2  2  
12  1  2  1  1  2  1  2  1  2  2  1  1  2  2  1  1  1  2  2  2  
13  2  2  2  1  2  1  2  2  1  1  2  2  2  1  2  1  1  1  1  1  
14  1  1  2  1  1  2  1  1  2  2  1  2  2  2  1  2  1  2  2  1  
15  2  2  2  2  1  2  2  2  2  2  2  2  1  1  2  2  1  1  1  1  
16  2  2  1  2  1  1  1  2  2  1  2  1  1  1  1  1  2  1  1  2  
17  2  2  2  2  2  1  2  2  1  1  1  2  2  1  2  2  2  2  2  1  
18  1  2  2  1  1  2  1  1  2  1  2  2  1  1  1  1  1  2  2  1  
19  1  1  2  2  2  1  2  1  2  1  1  2  2  2  1  1  1  2  2  2  
20  1  1  1  2  1  1  2  1  2  2  2  1  2  2  1  2  1  1  1  2  
21  1  1  1  2  1  2  1  1  1  1  1  2  1  2  2  1  2  2  1  2  
22  2  2  1  2  1  2  2  1  1  2  1  1  2  2  2  1  1  2  1  2  
23  2  2  2  1  1  2  1  1  2  2  1  1  1  1  2  1  1  1  1  2  
24  2  2  1  2  1  2  2  2  2  1  1  2  1  1  2  2  1  1  2  2  
25  1  1  1  1  1  2  1  2  1  1  2  1  2  2  1  1  2  1  1  1  
26  1  1  1  1  2  1  1  2  1  1  2  1  1  1  1  1  2  1  1  1  
27  2  2  2  2  2  2  1  1  2  2  2  2  1  1  1  1  1  2  2  1  
28  1  1  2  1  2  1  2  2  1  1  1  1  2  2  2  2  1  2  1  1  
29  2  2  1  1  2  2  1  1  2  2  2  1  1  1  1  1  1  2  1  1  
30  2  2  2  1  2  2  1  2  2  2  1  2  2  2  2  1  2  1  2  2  
31  2  2  2  1  2  2  1  1  2  2  2  2  1  1  2  1  1  1  1  2  
32  2  2  2  2  1  2  1  2  2  2  1  1  1  1  1  2  1  1  1  1  
33  2  2  1  2  1  2  2  1  2  1  2  2  1  1  1  1  1  1  2  1  
34  1  1  2  2  1  1  2  2  2  2  1  2  2  2  1  1  1  2  2  2  
35  2  2  2  1  1  2  1  2  2  2  1  1  1  1  1  1  1  2  2  1  
36  2  2  2  2  1  2  2  2  2  2  2  1  1  1  1  2  1  1  1  1  
37  1  1  1  1  2  1  2  1  2  2  2  1  1  2  1  2  1  2  2  2  
38  2  1  1  2  2  2  2  1  1  1  1  2  2  1  1  2  1  1  1  2  
39  2  1  1  2  1  1  2  1  1  1  1  1  1  1  1  1  1  1  2  2  
40  2  2  2  2  1  1  1  1  2  2  2  2  1  1  2  1  1  1  1  2  
41  2  2  1  2  1  1  1  1  1  1  2  1  1  2  2  1  2  1  2  1  
42  1  1  1  2  2  1  1  2  1  1  2  2  1  1  2  1  1  1  1  1  
43  1  2  1  1  2  2  1  1  2  2  1  2  2  2  2  2  1  2  2  1  
44  1  1  2  1  2  2  2  1  1  1  1  1  1  1  2  1  1  2  1  1  
45  1  1  2  1  1  2  2  1  1  2  1  1  2  1  1  2  1  1  2  1  
46  1  2  2  1  2  1  1  2  1  1  2  2  1  1  2  1  2  1  1  1  
47  1  2  1  1  1  2  2  1  2  2  1  1  2  2  2  2  1  1  1  2  
48  2  2  2  2  2  2  2  1  1  2  1  1  1  1  1  2  1  1  1  2  
49  2  2  1  1  1  1  1  1  2  1  2  1  1  2  1  1  2  1  1  1  
50  2  2  2  1  2  2  1  1  2  2  2  2  1  1  2  1  1  2  1  2  
51  2  2  1  2  1  2  1  1  1  1  1  1  1  2  2  1  2  2  2  2  
52  2  2  1  2  2  1  1  2  1  2  1  1  2  2  2  1  1  1  2  2  
53  1  1  1  1  2  2  1  1  1  2  1  1  2  2  1  2  1  1  2  1  
54  2  2  1  1  2  1  2  2  1  2  1  1  2  1  1  1  2  2  2  2  
55  2  2  1  2  1  2  1  2  1  1  1  2  1  2  2  2  1  2  1  1  
56  2  1  1  2  1  2  1  1  1  1  2  2  1  2  2  2  2  2  1  1  
57  2  2  2  1  2  1  2  2  2  1  1  2  2  2  2  1  2  1  2  2  
58  1  2  2  1  2  2  1  1  1  2  2  2  1  1  1  1  2  2  2  1  
59  2  2  2  2  1  1  1  2  1  2  2  1  1  2  1  1  1  1  2  1  
60  2  2  2  1  2  1  2  2  2  2  1  2  1  2  2  1  2  1  2  2  
61  1  2  2  2  1  2  1  1  2  2  2  2  2  2  1  1  2  1  2  1  
62  1  2  2  1  2  2  1  2  2  2  2  1  1  2  1  1  1  2  1  2  
63  1  2  2  1  2  1  1  2  2  1  1  1  1  2  1  1  1  2  1  2  
64  1  1  2  2  2  2  1  2  1  1  2  2  2  1  2  2  2  1  1  2  
65  1  1  1  1  1  1  2  1  2  2  2  1  2  2  2  2  1  2  1  2  
66  2  2  1  1  1  1  2  2  2  1  1  2  2  1  2  2  1  1  2  2  
67  2  2  2  2  1  1  1  2  1  1  2  1  1  2  2  2  1  1  2  1  
68  2  2  1  2  2  1  2  1  2  1  2  1  2  2  2  2  2  1  2  1  
69  2  2  2  1  2  2  1  1  2  1  2  2  1  1  1  1  1  1  1  2  
70  2  1  1  2  1  2  1  2  1  1  1  1  2  2  2  2  1  2  2  1  
71  1  1  2  1  2  2  1  1  2  2  1  2  2  2  2  2  2  1  2  1  
72  1  1  1  2  1  2  1  1  1  1  1  2  1  2  2  1  2  2  2  2  
73  1  2  2  1  2  2  1  1  2  2  1  1  2  2  2  1  2  2  2  1  
74  1  1  1  2  1  2  2  1  1  1  1  2  1  2  2  2  1  1  1  1  
75  2  1  1  2  2  2  2  2  2  2  1  2  1  1  1  2  1  1  2  2  
76  1  2  1  1  2  2  1  1  2  2  2  1  2  2  2  2  2  2  2  2  
77  2  2  1  2  1  2  2  2  2  1  1  2  1  1  2  2  1  1  2  2  
78  1  2  1  1  2  2  1  1  2  1  1  2  2  1  2  2  2  2  2  1  
79  2  1  2  2  1  1  1  2  1  1  2  1  2  2  1  1  1  1  2  2  
80  2  1  1  2  1  2  1  1  1  1  1  2  1  2  2  1  2  2  2  2  
81  2  2  1  2  1  2  2  2  2  2  1  1  1  1  1  2  1  1  1  1  
82  2  2  1  1  1  2  2  2  1  1  1  2  1  2  2  2  1  1  2  2  
83  1  2  2  2  1  2  1  1  2  1  2  2  1  1  1  1  1  2  2  2  
84  2  2  2  2  1  2  2  2  2  1  1  2  1  1  2  2  1  1  2  2  
85  2  1  1  2  2  2  2  1  1  2  2  2  2  1  1  2  2  1  1  2  
86  2  2  1  2  1  2  2  2  2  1  1  2  1  1  1  1  2  1  2  1  
87  1  1  1  1  1  1  2  2  1  2  2  1  1  2  1  1  1  2  2  2  
88  2  1  2  2  2  1  1  2  1  1  2  1  2  1  1  1  1  1  2  2  
89  2  2  2  1  2  1  1  2  2  2  1  2  2  2  2  2  2  1  2  2  
90  2  2  1  2  1  2  2  2  2  1  1  2  1  1  2  2  2  1  2  2  
91  2  2  1  2  2  1  2  1  1  2  2  1  1  1  1  1  2  2  1  1  
92  2  1  2  2  1  1  1  2  1  1  2  1  2  2  2  1  1  2  2  2  
93  1  2  1  1  2  2  1  1  2  2  1  2  2  2  2  2  2  2  2  2  
94  2  2  2  2  2  1  1  1  2  1  2  2  2  1  2  2  1  1  1  2  
95  2  2  2  2  2  2  1  2  1  1  1  2  2  2  1  2  2  1  1  2  
96  2  2  1  1  1  1  2  1  1  2  1  1  2  1  1  1  2  2  1  1  
97  2  2  1  2  2  1  2  1  1  2  1  1  2  2  2  1  2  2  2  2  
98  2  1  1  1  2  2  1  1  1  1  1  2  2  2  2  2  2  2  1  1  
99  1  1  2  1  1  1  2  2  1  1  2  1  1  2  1  2  1  2  2  2  
100  2  2  1  2  2  1  2  1  1  2  1  1  2  1  1  1  1  1  1  1  
101  2  2  2  1  1  1  2  2  1  2  2  1  2  1  1  2  1  1  1  1  
102  2  2  1  2  2  2  2  1  1  1  1  2  1  1  1  1  1  2  1  2  
103  2  1  1  2  2  2  1  1  1  2  1  2  2  1  1  2  1  1  1  1  
104  2  2  2  1  2  2  1  1  2  2  1  2  1  1  2  2  1  1  1  2  
105  2  2  1  2  1  2  1  1  1  2  2  1  1  2  2  2  2  1  2  1  
106  1  1  1  2  2  2  1  1  1  1  1  2  2  2  2  2  2  2  2  1  
107  2  2  1  2  1  2  1  2  2  2  1  2  1  1  2  2  1  1  2  1  
108  2  2  1  2  1  1  1  2  2  1  2  1  1  1  1  1  2  1  1  2  
109  2  1  1  1  1  2  1  2  1  1  2  1  1  1  2  1  2  1  1  2  
110  1  1  2  2  2  2  1  2  1  1  2  2  2  1  2  1  2  1  1  2  
111  1  1  1  1  1  2  2  2  2  2  2  1  1  2  1  1  1  2  2  2  
112  1  2  2  1  2  1  1  2  2  2  2  1  1  2  2  1  1  2  1  1  
113  2  2  2  1  1  1  2  2  1  1  2  1  2  1  2  2  2  1  1  1  
114  1  2  1  2  1  2  2  1  2  1  1  1  1  2  1  1  2  1  2  1  
115  1  2  1  2  1  2  2  1  2  1  1  2  1  1  1  1  2  1  2  1  
116  2  1  2  2  1  1  1  2  2  1  2  1  2  2  1  1  1  1  2  2  
117  2  2  2  1  2  1  2  1  1  1  2  2  2  1  2  2  2  1  2  1  
118  1  1  1  1  2  1  1  2  2  1  2  1  1  1  1  1  2  1  1  1  
119  2  2  1  2  1  2  2  2  2  1  1  2  1  1  2  2  1  1  2  2  
120  1  2  1  1  1  2  2  1  2  1  1  2  2  2  1  1  2  1  2  1  
121  1  1  2  1  2  1  2  2  1  1  1  1  1  1  2  1  1  2  1  1  
122  2  1  2  2  2  2  2  1  1  2  2  1  2  1  1  2  2  1  1  2  
123  1  1  1  1  1  2  2  2  2  1  2  1  1  2  1  2  1  2  2  2  
124  2  2  1  2  1  1  2  1  1  2  1  1  2  1  2  1  1  2  1  2  
125  2  1  1  2  2  1  2  1  1  1  1  1  1  2  2  1  1  2  2  2  
126  2  1  2  2  2  2  2  1  2  1  1  2  2  1  1  2  1  1  1  2  
127  2  2  2  1  2  1  1  2  2  2  1  2  1  2  2  1  2  1  2  2  
128  1  1  1  2  2  2  1  1  1  1  1  2  1  2  2  1  2  2  2  2  
129  2  1  1  2  2  2  2  2  1  1  2  2  2  1  1  2  1  1  1  2  
130  1  1  1  1  2  1  1  2  1  1  2  1  1  1  2  1  2  1  2  2  
131  2  2  2  2  2  1  2  1  2  2  1  1  2  2  2  1  1  2  2  2  
132  2  1  2  2  2  2  1  2  1  1  2  2  2  1  1  1  2  1  1  1  
133  2  2  1  1  2  1  2  2  2  2  1  2  2  2  2  1  2  1  1  2  
134  1  1  1  1  2  1  1  2  2  1  2  1  1  2  1  1  1  1  1  2  
135  2  2  1  2  1  2  2  2  2  1  1  2  1  1  2  2  1  1  2  2  
136  2  1  2  2  1  2  1  2  1  1  2  1  2  2  1  1  1  1  2  2  
137  1  2  1  2  1  1  1  1  1  1  2  1  1  2  2  2  2  1  2  1  
138  1  1  2  1  2  2  2  1  2  2  1  2  2  1  2  2  1  1  2  2  
139  2  1  2  1  1  1  1  2  2  2  2  2  2  2  1  2  1  1  1  1  
140  2  2  1  2  2  2  2  2  1  2  2  1  2  2  2  1  1  2  2  2  
141  2  2  1  2  1  1  1  2  2  2  2  2  1  1  2  2  2  2  2  1  
142  1  1  1  1  1  1  2  1  2  2  2  1  2  2  1  2  1  1  1  2  
143  1  2  1  2  1  2  1  2  1  1  1  2  1  2  2  2  1  2  1  1  
144  1  1  1  1  1  2  2  1  2  1  2  2  1  2  1  2  1  2  2  2  
145  2  2  2  1  2  2  1  1  1  2  2  2  1  1  2  1  1  1  1  2  
146  2  1  2  2  2  2  2  2  2  2  2  2  2  2  1  1  2  2  1  1  
147  1  2  1  1  2  2  2  2  2  2  1  2  2  2  2  1  2  1  2  1  
148  1  1  1  1  1  2  2  2  2  1  2  1  1  2  2  2  2  2  2  2  
149  2  1  2  1  1  2  1  1  1  1  1  1  2  2  1  2  1  1  2  1  
150  1  2  2  1  2  1  1  2  2  2  1  2  2  2  1  1  2  1  2  2  
151  1  1  2  1  1  2  1  2  1  2  1  1  2  2  2  2  1  1  1  1  
152  1  1  1  2  2  2  1  1  1  1  1  2  2  2  2  2  2  2  1  1  
153  1  2  1  1  2  1  1  2  1  1  2  1  2  1  2  1  2  2  1  2  
154  2  2  1  2  2  2  1  1  1  2  1  2  1  2  1  1  1  2  2  2  
155  2  2  2  2  1  1  2  2  1  2  2  2  1  1  1  2  2  2  1  1  
156  1  1  1  1  2  2  1  2  2  2  1  2  2  2  2  2  2  2  2  1  
157  1  1  2  1  2  1  2  2  2  2  1  2  2  2  1  2  2  2  2  2  
158  1  2  1  2  2  2  2  1  1  2  1  2  2  2  2  2  2  2  1  1  
159  1  1  2  1  1  2  1  1  1  1  1  1  2  2  1  2  1  1  1  1  
160  1  2  1  2  1  1  2  2  2  1  1  2  1  1  1  1  2  1  2  1  
161  2  1  2  2  2  1  2  2  2  2  2  2  2  2  2  2  1  2  1  1  
162  2  2  1  2  1  2  1  2  2  1  1  2  1  1  2  2  2  2  2  2  
163  1  2  2  1  2  1  1  1  1  2  1  1  2  2  2  1  2  1  1  2  
164  2  2  1  1  1  1  2  2  1  2  2  1  1  1  1  2  2  2  2  1  
165  1  1  1  2  1  2  1  1  1  1  1  2  1  2  2  1  2  2  1  1  
166  1  1  1  1  1  2  2  2  2  1  2  2  1  2  1  2  1  2  2  2  
167  1  2  1  2  1  2  2  2  2  2  1  2  1  1  1  1  2  2  2  1  
168  1  1  1  1  1  2  2  2  2  1  2  1  1  2  1  2  1  2  2  2  
169  1  1  1  1  2  2  2  2  2  1  2  1  1  2  1  2  1  2  2  2  
170  1  2  1  2  1  2  1  2  1  1  1  2  1  2  1  2  2  2  1  1  
171  1  1  1  2  2  2  1  1  1  2  1  1  2  2  2  1  1  2  1  1  
172  1  2  2  1  2  2  1  2  2  2  2  1  1  2  1  1  1  2  1  2  
173  1  1  2  2  2  2  1  2  2  1  2  2  2  1  2  1  2  1  1  2  
174  1  1  2  1  1  2  1  1  1  2  2  1  2  2  1  2  1  1  2  1  
175  2  2  2  1  2  2  1  1  2  2  2  2  1  1  2  1  1  1  1  2  
176  2  2  1  2  2  1  2  1  1  1  1  1  2  1  2  1  1  2  2  2  
177  1  2  2  1  2  1  1  2  1  2  2  1  1  1  1  1  1  2  1  2  
178  2  1  1  2  1  1  1  1  2  1  1  1  1  1  2  2  1  1  2  2  
179  2  1  2  2  2  1  2  1  2  2  1  2  2  2  1  1  2  2  2  2  
180  2  1  2  2  1  1  1  2  1  1  2  1  2  2  1  1  1  1  2  2  
181  2  1  2  2  1  1  1  2  1  2  2  1  1  2  1  1  1  1  1  2  
182  1  1  1  1  1  1  2  1  1  2  2  1  1  2  1  2  1  1  2  2  
183  1  2  1  2  1  2  2  1  2  1  1  2  1  1  1  2  2  1  1  1  
184  1  2  2  2  1  2  1  1  2  2  1  2  1  1  1  1  1  2  2  1  
185  2  2  2  2  1  1  2  2  2  2  1  2  2  2  2  2  1  2  1  1  
186  1  1  2  1  2  1  2  2  2  1  1  1  2  1  2  1  2  2  1  1  
187  1  2  1  2  1  1  1  1  2  1  2  1  2  2  2  2  2  2  1  1  
188  2  2  1  2  2  1  1  1  1  1  2  1  1  1  2  1  2  1  1  1  
189  2  2  2  2  1  2  2  2  2  1  2  1  1  1  1  2  1  1  1  1  
190  1  1  2  1  2  1  2  1  1  2  1  1  1  1  2  1  1  2  1  1  
191  2  2  2  1  2  2  1  1  2  2  1  2  2  2  2  2  2  2  2  2  
192  1  2  2  1  1  1  2  2  1  1  2  2  2  1  2  2  2  1  2  1  
193  2  2  1  2  1  2  1  2  2  1  2  1  1  1  2  1  2  1  1  2  
194  1  2  2  2  1  2  2  1  2  2  2  2  2  1  1  1  1  2  2  1  
195  2  2  2  1  2  1  1  2  2  2  1  2  2  2  2  1  2  1  2  2  
196  1  2  1  1  2  1  2  1  1  2  1  1  2  2  1  2  2  2  1  1  
197  2  2  1  1  1  1  1  2  2  2  1  1  1  1  1  2  2  2  2  1  
198  2  1  2  2  2  1  1  2  2  2  1  2  2  2  2  1  2  1  2  2  
199  1  2  2  2  2  2  2  1  2  2  2  1  1  1  1  2  1  1  1  1  
200  2  2  2  1  2  1  1  1  2  2  1  2  1  1  2  1  2  2  2  2  
201  2  2  1  1  2  1  1  2  1  2  1  2  2  2  2  1  2  2  2  1  
202  1  2  2  2  1  2  2  2  2  2  1  1  1  1  1  2  1  2  1  1  
203  2  1  2  2  2  2  1  2  1  1  2  2  2  1  2  1  2  2  1  2  
204  1  1  1  2  2  1  2  2  2  2  1  2  2  2  1  1  2  2  2  2  
205  2  1  2  2  2  2  2  1  1  2  2  1  2  1  1  2  2  1  1  2  
206  1  1  2  1  2  1  1  2  2  2  2  2  2  2  1  1  2  2  2  2  
207  1  1  1  2  1  1  2  1  2  2  2  1  2  2  1  2  1  2  2  1  
208  2  2  1  1  2  2  2  1  1  2  2  1  2  1  1  2  2  2  1  1  
209  1  1  1  2  2  2  1  1  1  1  1  2  1  2  2  2  2  2  2  1  
210  2  1  2  1  2  2  1  1  2  2  2  2  2  1  2  1  2  2  2  2  
211  1  1  2  2  1  1  2  2  1  1  1  2  1  1  2  1  2  1  2  2  
212  1  1  2  2  2  2  1  2  1  1  2  2  2  1  2  1  2  2  1  2  
213  2  2  1  2  1  2  2  1  2  1  2  2  1  1  2  1  2  2  2  1  
214  1  2  2  1  1  2  1  1  1  1  1  1  2  2  1  1  2  2  2  2  
215  1  1  1  2  1  1  2  1  1  2  2  1  2  2  1  1  1  1  1  2  
216  2  2  2  1  2  1  1  2  2  2  1  2  2  2  2  1  1  2  2  2  
217  2  2  2  2  2  2  1  2  2  2  1  2  2  2  2  1  2  2  2  2  
218  2  1  1  2  2  2  2  1  1  1  1  2  2  1  2  2  1  1  2  2  
219  1  2  1  2  1  2  2  2  2  1  1  2  1  1  2  2  1  1  2  1  
220  1  2  2  1  2  2  2  1  2  2  1  2  2  1  2  1  1  1  2  1  
221  2  2  2  1  2  1  1  2  2  2  1  1  2  2  2  1  1  1  2  2  
222  2  1  2  1  1  1  2  2  2  2  2  2  2  2  1  2  1  2  1  1  
223  2  2  1  2  1  1  2  1  1  1  1  2  1  2  2  2  2  1  2  2  
224  2  2  2  1  1  1  2  1  2  2  1  1  1  1  1  2  2  2  2  1  
225  1  2  1  2  2  2  1  1  1  1  1  2  2  2  2  1  2  2  2  1  
226  2  2  1  2  1  1  1  1  1  1  1  1  1  2  2  2  2  1  2  2  
227  2  2  1  1  2  1  1  2  2  2  1  2  1  2  2  1  2  1  2  1  
228  1  2  2  1  2  1  1  2  2  2  2  2  1  1  1  1  1  2  1  2  
229  1  2  2  1  1  1  1  2  2  2  2  1  1  2  1  1  1  2  1  2  
230  1  2  2  1  2  2  2  2  1  2  1  1  1  2  2  2  1  2  1  1  
231  2  2  1  2  1  1  1  1  1  1  2  1  1  1  1  2  2  1  2  1  
232  2  2  2  2  2  1  1  2  2  2  2  2  2  2  2  2  2  1  2  2  
233  1  1  1  2  1  2  2  2  2  1  2  1  1  2  1  2  1  2  2  2  
234  2  1  2  1  2  2  1  1  2  2  2  2  2  1  2  1  1  1  1  2  
235  1  2  1  1  2  2  2  1  2  2  1  2  2  2  1  2  2  2  2  1  
236  2  2  1  2  2  2  2  2  2  1  1  2  2  1  1  2  1  1  2  2  
237  2  2  1  1  2  1  2  1  1  1  1  1  2  1  1  1  2  2  1  1  
238  1  2  1  1  1  1  2  1  2  2  2  1  2  2  1  2  1  2  1  2  
239  1  2  1  1  1  2  1  2  2  1  2  1  1  2  1  2  1  1  1  2  
240  1  1  2  1  1  1  1  1  2  2  2  1  2  2  1  1  1  2  1  2  
241  1  1  1  2  1  2  1  2  2  2  2  2  1  1  1  1  1  2  2  1  
242  1  2  1  1  2  2  1  2  1  1  1  2  2  1  2  1  2  1  1  2  
243  2  2  1  2  2  1  2  1  1  2  1  1  2  1  2  1  1  2  2  2  
244  1  1  1  2  2  2  1  1  1  1  1  2  2  2  2  1  2  1  2  2  
245  1  1  1  1  2  1  1  2  1  1  2  1  1  1  2  2  2  1  1  1  
246  1  2  2  2  1  1  1  2  1  1  2  1  2  2  1  1  1  1  2  2  
247  2  2  1  2  1  1  1  1  1  1  2  1  1  2  1  2  2  1  2  1  
248  2  1  2  2  1  1  1  1  1  1  2  2  2  2  2  1  1  1  2  1  
249  2  2  2  2  1  1  1  1  2  1  2  1  1  2  2  2  2  1  2  1  
250  2  1  2  1  2  1  2  2  2  1  2  2  1  2  1  2  1  2  1  1  
251  2  1  1  1  2  1  2  2  1  1  1  1  1  1  2  1  2  2  1  1  
252  2  1  1  2  2  2  1  1  1  1  1  1  2  1  1  2  1  1  1  1  
253  1  1  1  2  2  2  1  2  2  1  1  2  2  2  2  2  2  1  1  1  
254  2  1  1  2  2  2  2  1  1  1  1  2  2  1  1  1  1  2  1  1  
255  2  2  2  1  2  1  1  2  2  2  2  2  1  2  1  1  2  1  2  2  
256  1  1  1  2  1  2  1  1  1  1  1  2  1  2  2  2  2  2  2  2  
257  1  1  2  2  2  2  1  2  1  1  2  2  2  1  2  1  2  1  1  2  
258  1  1  2  1  1  1  2  2  2  2  2  2  2  2  1  1  1  2  1  1  
259  1  1  2  1  2  1  1  2  1  2  2  1  1  1  2  1  1  2  2  1  
260  1  1  1  1  1  1  2  1  2  2  1  1  2  2  1  2  1  2  2  2  
261  1  1  1  1  2  1  2  1  1  2  1  1  2  2  2  1  2  2  2  1  
262  1  2  1  2  2  2  2  1  2  1  1  2  1  1  1  1  2  1  2  1  
263  1  1  1  2  1  2  1  1  1  1  1  2  1  2  2  1  2  2  2  2  
264  2  2  2  2  1  2  2  2  2  1  1  1  2  1  1  2  1  1  1  1  
265  2  2  2  2  1  2  2  2  2  2  2  1  1  1  1  1  1  1  1  1  
266  1  2  1  2  1  2  1  2  1  1  1  2  1  2  2  2  1  2  1  1  
267  2  1  1  1  1  2  1  2  2  2  1  1  1  1  1  2  2  2  1  1  
268  2  2  2  1  2  1  2  2  1  1  2  2  1  1  2  2  2  1  2  2  
269  2  1  2  1  2  1  1  1  2  2  1  2  2  2  2  1  2  1  2  2  
270  2  2  1  2  1  2  2  2  2  1  1  2  1  1  2  2  1  2  2  2  
271  1  2  2  2  2  2  2  2  2  2  1  2  1  1  2  1  2  2  2  1  
272  1  1  2  1  2  1  2  2  1  1  1  2  1  1  1  1  1  2  1  2  
273  2  2  2  1  2  1  1  2  2  2  1  2  2  2  2  1  2  1  2  2  
274  1  1  1  2  2  2  1  1  1  1  1  2  2  2  2  2  2  2  1  1  
275  2  2  2  1  1  1  1  1  2  2  1  2  2  2  1  1  2  1  2  2  
276  1  1  1  1  2  2  1  1  2  2  1  2  2  2  2  2  2  2  1  1  
277  1  1  1  1  2  1  1  2  2  1  2  1  1  2  2  1  2  1  1  1  
278  1  1  1  1  1  2  2  2  2  1  1  1  1  2  1  2  1  2  2  1  
279  1  2  1  2  1  2  1  2  1  2  1  1  1  2  2  2  2  2  1  1  
280  1  1  1  1  1  2  2  2  2  1  2  1  1  2  1  2  1  2  2  1  
281  1  2  1  2  1  2  2  2  2  1  1  1  1  1  2  2  1  1  2  2  
282  2  1  1  2  1  1  1  2  1  1  2  1  2  2  1  1  1  1  2  2  
283  2  2  2  1  2  1  1  2  2  2  1  2  2  2  2  2  2  1  1  1  
284  2  2  1  1  2  2  1  1  1  2  2  2  1  1  2  1  1  1  1  2  
285  1  1  1  2  1  2  1  1  1  1  1  2  1  2  2  1  2  2  2  2  
286  2  2  1  2  1  1  1  2  1  1  2  1  1  2  2  2  2  1  2  1  
287  1  1  2  2  1  2  1  2  1  1  2  1  2  2  1  2  2  1  1  2  
288  2  2  1  2  1  2  2  2  2  2  2  1  1  1  1  2  2  1  1  2  
289  1  1  2  1  2  2  2  1  2  2  2  2  2  1  2  1  1  1  2  2  
290  1  2  2  2  1  2  1  1  2  2  2  2  1  1  1  2  1  2  1  1  
291  2  2  1  1  1  1  1  2  2  2  1  1  1  1  1  2  1  2  2  2  
292  1  1  1  1  1  2  2  2  2  1  2  2  1  1  1  2  1  1  2  2  
293  2  1  1  1  2  1  2  1  1  1  1  2  2  2  1  1  1  1  1  2  
294  2  2  2  1  2  1  2  2  1  1  2  2  2  1  2  2  2  1  2  1  
295  2  1  1  2  2  2  2  1  2  1  1  2  2  1  1  2  1  1  1  2  
296  1  2  1  1  2  2  1  2  2  2  1  1  1  2  1  2  2  2  2  1  
297  2  1  2  1  1  2  1  2  1  1  2  1  2  2  1  1  1  1  2  2  
298  2  2  1  2  1  2  2  2  1  1  2  2  1  1  2  2  1  1  2  2  
299  1  2  1  1  2  2  1  1  2  2  1  2  2  2  1  2  2  1  2  1  
300  2  2  2  2  2  1  2  2  2  1  2  2  2  2  2  2  2  1  2  1  
301  2  2  2  2  1  1  1  2  2  1  2  1  1  1  1  1  2  1  1  2  
302  2  1  1  1  2  1  2  1  1  1  1  1  1  1  1  1  2  1  1  1  
303  1  2  2  2  1  2  2  1  1  1  1  2  1  1  1  1  2  1  2  1  
304  2  2  1  1  2  1  2  2  1  2  1  1  1  1  1  1  2  2  1  1  
305  2  1  1  2  1  1  1  1  1  1  2  1  2  2  2  2  2  1  1  1  
306  2  1  2  2  1  1  1  1  1  1  2  1  2  2  1  1  1  1  2  2  
307  2  1  1  2  1  1  1  1  1  1  2  1  1  2  1  2  2  1  2  1  
308  1  1  1  2  2  1  1  1  1  2  1  2  2  2  2  2  2  2  1  1  
309  2  2  2  1  2  1  2  1  1  2  1  1  2  1  1  1  2  2  1  1  
310  2  1  2  1  1  2  1  2  1  2  1  1  2  2  1  2  1  1  2  1  
311  1  1  1  1  2  1  1  2  1  1  2  1  1  1  2  1  2  1  1  1  
312  1  1  2  2  1  2  1  1  2  2  2  2  1  1  1  2  1  2  2  1  
313  2  2  1  1  2  1  2  2  2  1  2  1  2  1  2  2  2  1  2  1  
314  1  1  1  1  2  1  1  2  1  1  2  1  1  1  2  1  2  1  2  1  
315  1  2  2  1  1  2  2  2  2  1  2  1  1  1  1  2  2  2  2  2  
316  2  2  1  2  1  1  1  2  1  1  2  1  1  1  1  1  2  2  1  2  
317  1  2  1  1  2  2  2  1  1  2  1  2  2  1  2  1  1  2  2  2  
318  1  2  1  2  1  2  1  2  1  1  1  2  2  1  2  2  1  2  1  1  
319  1  1  2  2  2  2  2  1  2  2  1  2  2  1  2  1  1  2  2  1  
320  1  2  1  2  1  1  1  1  1  2  2  1  2  2  2  2  2  1  2  1  
321  1  2  1  2  1  2  2  1  2  1  1  2  1  1  1  1  2  1  2  1  
322  1  1  1  2  2  2  2  1  2  2  1  1  1  1  2  1  2  2  2  2  
323  2  2  2  2  1  2  2  2  2  2  2  1  1  2  1  2  1  1  1  1  
324  1  2  2  1  2  1  2  2  1  1  2  2  2  1  2  2  2  1  1  1  
325  1  1  2  1  1  2  1  1  1  2  1  1  2  2  1  2  2  1  2  1  
326  1  2  1  2  1  2  1  2  1  1  1  2  1  1  2  2  1  1  1  1  
327  2  2  1  2  2  1  2  1  1  2  1  1  2  2  2  1  1  2  2  2  
328  1  1  2  2  2  1  2  1  1  2  1  2  2  2  1  1  2  2  2  2  
329  2  2  1  2  1  1  1  1  1  1  2  1  1  2  2  2  2  1  2  1  
330  1  1  1  1  1  1  2  1  2  2  2  1  2  1  1  2  1  2  1  2  
331  2  1  2  1  2  2  2  1  1  2  2  2  2  1  1  2  2  1  1  2  
332  1  2  1  1  1  1  2  2  2  2  2  2  1  1  1  1  1  2  2  1  
333  1  1  1  2  2  2  1  1  1  1  1  2  1  2  2  2  2  2  1  1  
334  1  2  2  1  1  2  1  1  1  2  1  1  2  2  2  2  1  1  2  1  
335  1  1  2  2  2  2  2  2  2  2  1  1  2  2  1  1  2  2  2  2  
336  1  2  2  2  1  2  1  1  2  2  2  2  1  1  1  1  1  2  2  1  
337  2  2  1  1  2  1  2  1  1  2  2  1  2  2  1  1  2  2  1  2  
338  1  1  2  2  2  2  2  2  1  2  2  2  2  1  2  1  2  1  1  2  
339  2  1  2  1  1  1  2  2  2  2  2  2  2  2  1  2  1  2  1  1  
340  2  1  1  2  2  2  2  1  1  1  2  2  2  1  2  2  1  1  1  2  
341  2  1  2  2  1  1  1  2  1  2  2  1  2  2  1  1  1  1  2  2  
342  1  1  2  2  2  1  2  2  2  2  1  2  2  2  1  1  2  2  2  2  
343  1  2  2  2  1  2  2  1  2  2  1  2  1  2  1  1  2  1  2  1  
344  2  1  1  1  2  2  1  2  1  1  2  1  1  1  2  1  2  1  1  1  
345  2  2  1  1  2  2  2  1  1  2  1  1  2  1  1  1  2  1  1  2  
346  1  1  2  1  1  2  1  1  1  2  1  1  2  2  1  2  1  1  2  1  
347  1  2  1  1  2  2  1  1  2  1  2  2  1  2  2  2  2  2  2  1  
348  2  1  1  1  1  2  1  2  2  1  2  1  1  2  1  2  1  2  2  2  
349  1  2  1  1  1  1  1  2  1  2  2  1  1  1  1  1  1  2  1  2  
350  2  2  1  1  2  2  1  1  1  1  1  2  1  1  2  2  1  2  2  1  
351  2  1  1  2  1  1  2  1  1  2  1  2  2  1  1  2  2  1  2  2  
352  2  2  2  2  1  2  2  2  2  2  2  1  1  1  1  2  1  1  1  1  
353  2  2  2  2  1  2  2  2  2  2  2  1  1  1  1  2  1  1  1  1  
354  2  2  2  2  1  2  1  1  2  2  2  1  1  1  1  2  1  1  1  1  
355  2  2  2  1  2  1  1  2  2  2  1  2  2  2  2  1  2  1  2  2  
356  1  1  2  1  2  1  2  2  1  1  1  2  1  1  1  1  1  1  1  1  
357  2  1  1  1  1  1  2  1  2  2  2  1  2  2  1  2  1  2  1  2  
358  2  1  2  1  1  1  2  2  2  2  2  2  2  2  1  2  1  2  2  1  
359  1  2  1  2  1  1  1  1  1  1  2  1  1  2  1  2  2  2  2  1  
360  2  1  2  2  1  1  2  2  1  1  2  2  2  2  1  1  2  1  2  2  
361  2  1  2  1  2  2  2  1  1  2  2  1  2  1  1  2  2  1  1  2  
362  1  1  1  1  1  2  2  2  2  1  2  1  1  2  1  2  1  2  2  2  
363  1  1  2  1  2  2  2  1  2  2  1  2  2  2  2  2  1  2  2  2  
364  1  1  1  1  2  2  2  1  2  2  1  1  2  1  1  1  1  2  2  2  
365  1  1  1  2  1  2  1  1  1  1  1  2  1  2  2  1  2  2  2  2  
366  1  1  1  2  1  2  1  1  1  1  1  2  1  2  2  1  2  2  2  2  
367  2  1  2  2  1  1  2  2  1  1  2  1  2  2  1  1  1  1  2  2  
368  1  2  1  1  2  2  1  2  2  2  1  2  2  2  2  2  1  2  2  1  
369  2  2  1  2  2  1  2  2  1  2  1  1  2  2  2  2  1  2  2  1  
370  2  2  2  1  1  1  2  2  1  1  2  2  2  2  1  2  2  1  2  1  
371  2  2  1  2  1  1  1  1  1  1  2  1  1  2  2  2  2  1  2  1  
372  2  2  2  1  2  2  2  1  2  2  2  2  1  1  2  2  1  2  1  2  
373  1  1  1  2  1  2  1  2  1  2  1  2  1  1  2  1  1  1  1  1  
374  2  2  1  1  1  1  1  2  2  2  2  1  2  1  1  2  2  2  1  1  
375  2  2  1  1  1  1  1  1  1  1  2  1  1  2  2  2  1  1  2  1  
376  1  1  2  1  1  2  1  2  1  1  1  1  2  1  1  2  1  1  2  1  
377  1  2  1  2  1  1  1  2  2  2  2  1  1  1  1  1  2  1  1  1  
378  1  1  1  2  1  2  2  2  2  2  2  1  1  2  1  2  1  2  2  2  
379  1  1  2  1  2  2  1  1  1  2  1  1  1  2  1  2  1  1  2  1  
380  1  1  2  2  2  1  1  2  2  2  1  2  2  2  1  2  1  1  2  1  
381  1  2  2  1  2  1  2  2  1  1  1  2  1  1  2  1  1  2  1  1  
382  2  1  2  2  2  2  1  1  1  1  2  1  2  1  2  1  2  1  1  1  
383  1  2  1  2  1  2  1  2  1  1  1  2  1  2  2  2  1  1  1  1  
384  2  1  1  2  1  1  1  2  1  1  1  2  1  2  2  1  2  2  2  2  
385  1  1  2  1  1  2  2  1  1  2  2  1  2  2  1  2  1  2  1  2  
386  1  1  2  2  2  1  2  2  2  2  1  2  1  2  1  1  2  2  2  2  
387  1  1  1  1  1  1  2  1  2  2  2  1  2  2  1  2  2  2  1  2  
388  2  2  1  2  2  1  2  1  1  2  2  1  2  2  2  1  1  2  2  2  
389  2  2  1  2  2  1  2  1  2  2  1  2  2  1  2  1  1  2  1  2  
390  1  1  2  1  2  2  2  1  2  2  1  2  2  1  2  1  1  1  2  2  
391  1  1  1  2  1  2  1  1  1  1  1  2  1  2  2  1  1  2  2  2  
392  1  1  2  2  2  2  1  1  1  1  1  2  2  2  2  2  2  2  1  1  
393  1  2  1  2  2  2  1  1  2  2  2  2  1  1  1  2  1  2  2  1  
394  1  1  1  2  1  2  1  1  1  1  1  2  1  2  2  1  2  2  2  2  
395  2  2  1  2  1  1  1  1  1  1  2  1  1  2  2  2  2  1  2  2  
396  1  1  2  2  2  1  2  2  2  2  1  2  2  1  1  1  2  2  2  2  
397  2  2  1  2  2  1  2  2  2  1  1  1  1  2  1  2  1  1  2  2  
398  2  2  1  2  1  2  1  2  2  1  2  1  1  1  1  1  2  1  1  2  
399  1  1  1  1  1  2  1  1  2  1  2  1  1  2  1  2  2  1  1  2  
400  1  1  2  1  1  1  2  2  1  2  2  2  2  2  1  1  2  2  1  2  
401  1  1  1  1  1  1  2  1  2  2  2  1  2  2  1  2  1  2  1  2  
402  1  1  1  1  1  2  2  1  2  2  2  1  1  2  1  2  1  2  1  2  
403  1  2  2  2  1  1  2  2  2  2  1  2  2  1  2  1  2  2  2  2  
404  2  2  2  1  2  1  1  2  1  1  2  2  2  1  2  2  2  2  2  1  
405  1  1  2  2  1  2  1  1  1  2  1  1  2  2  1  2  2  1  2  1  
406  1  2  1  2  2  2  1  1  1  1  1  2  2  2  2  2  2  2  1  2  
407  1  1  2  2  2  2  1  1  1  2  2  1  2  1  1  2  2  1  1  2  
408  1  1  2  1  1  2  2  2  1  2  1  1  2  2  1  1  1  2  2  1  
409  1  1  2  1  2  2  2  1  2  1  1  2  2  1  2  1  1  2  2  2  
410  1  1  2  2  1  2  1  2  1  1  2  2  1  1  2  1  2  1  1  2  
411  2  2  2  2  1  2  1  1  2  2  2  2  1  2  1  1  1  2  2  1  
412  2  1  2  1  1  1  2  2  2  2  2  1  1  1  1  2  1  2  1  2  
413  2  2  1  1  2  1  1  1  2  1  2  2  2  2  1  2  1  2  2  2  
414  1  2  1  1  2  2  1  1  2  2  1  2  2  2  2  1  2  2  2  1  
415  2  2  1  2  1  1  1  2  2  1  2  1  1  1  1  2  2  1  1  2  
416  2  1  1  2  1  1  1  2  2  1  2  1  2  2  1  1  1  1  2  2  
417  2  2  1  1  1  1  1  2  2  1  1  1  1  1  1  1  2  2  1  2  
418  1  2  1  2  1  2  2  1  2  1  1  2  2  1  1  1  2  1  2  1  
419  2  2  1  1  1  1  1  2  2  2  1  2  1  1  1  2  1  2  2  1  
420  1  2  1  2  1  2  1  2  1  1  1  2  1  2  2  2  1  2  1  1  
421  2  2  1  1  2  1  2  1  1  2  1  1  2  1  1  1  2  2  1  1  
422  2  2  2  1  2  1  1  2  1  2  2  2  2  1  2  2  2  1  2  1  
423  1  1  2  1  2  1  2  2  1  1  1  2  2  1  2  1  1  1  1  1  
424  2  2  1  1  1  1  2  2  2  2  2  1  1  1  1  2  2  1  2  1  
425  2  1  2  2  1  2  2  2  2  2  2  1  1  2  2  1  1  1  2  1  
426  2  2  2  2  2  2  1  1  2  2  2  2  1  1  2  1  1  1  1  2  
427  2  2  2  2  2  1  2  1  1  1  1  1  2  2  1  1  1  2  2  2  
428  2  2  2  2  2  2  1  2  2  2  2  2  1  1  2  2  1  1  1  2  
429  2  1  2  2  2  2  2  2  2  2  1  1  2  1  1  2  1  1  2  2  
430  1  2  1  1  1  2  2  2  2  1  2  2  2  2  1  2  1  2  2  2  
431  2  2  1  2  1  1  1  1  2  2  1  1  1  2  1  2  2  2  2  2  
432  1  1  1  1  1  1  2  1  2  2  1  1  2  2  2  2  2  2  1  2  
433  2  2  2  1  2  1  2  2  1  1  2  1  2  1  2  1  2  1  2  1  
434  1  1  2  2  2  2  1  2  1  1  2  2  1  1  2  1  1  1  1  2  
435  1  2  2  1  2  2  2  1  2  2  1  2  2  1  1  1  1  2  2  2  
436  2  1  2  2  2  2  1  1  2  2  2  1  2  1  2  2  2  2  1  1  
437  2  2  2  1  2  2  1  1  2  2  2  2  1  2  2  1  1  1  2  2  
438  2  2  1  2  1  2  2  2  2  1  2  2  1  2  2  2  1  1  1  2  
439  2  1  2  1  2  1  2  2  1  1  2  1  1  2  2  2  1  2  1  1  
440  1  1  2  1  1  2  2  1  2  2  1  2  2  2  2  1  1  2  2  2  
441  1  1  1  2  2  2  1  1  1  1  1  2  2  2  2  2  2  1  1  2  
442  2  2  1  1  2  2  2  1  2  1  1  2  1  1  1  1  2  1  2  1  
443  1  1  2  2  2  1  2  2  2  2  1  2  1  2  1  1  2  2  2  2  
444  2  2  2  1  2  1  1  2  2  2  1  1  1  2  2  1  2  1  2  2  
445  1  1  2  1  1  2  1  1  1  2  1  1  2  2  1  2  1  1  2  1  
446  1  1  1  2  1  2  2  2  2  1  1  1  1  1  1  2  1  2  2  2  
447  1  2  1  2  2  2  1  2  1  1  2  2  2  1  1  1  2  1  1  2  
448  1  1  1  1  1  1  1  1  1  2  1  1  2  2  1  2  2  1  2  1  
449  1  1  1  1  1  2  1  1  2  1  1  2  1  2  1  1  2  2  1  2  
450  1  2  2  1  2  1  1  2  2  2  2  2  1  2  1  1  1  2  1  2  
451  1  1  1  1  1  1  2  2  2  2  2  1  2  2  1  2  1  2  1  2  
452  2  1  1  2  2  2  2  1  1  1  1  2  2  2  2  2  2  2  1  1  
453  1  1  1  1  2  1  2  2  1  1  2  1  1  1  2  1  2  2  1  1  
454  1  1  1  1  1  2  2  2  2  1  1  1  1  2  1  2  1  2  2  2  
455  1  1  1  2  2  1  1  1  1  1  1  2  2  2  2  2  2  2  1  2  
456  1  1  2  1  2  1  2  2  2  2  1  2  2  1  2  1  1  2  2  2  
457  1  2  2  2  2  1  2  2  2  2  1  1  1  2  1  1  1  2  1  2  
458  1  1  2  2  2  1  2  2  2  2  1  2  2  2  1  1  2  2  2  2  
459  1  1  1  2  2  2  2  1  1  1  1  2  2  1  1  2  1  1  1  2  
460  2  2  1  2  1  2  1  1  2  2  2  1  1  1  2  1  1  2  2  1  
461  2  2  1  1  2  1  1  1  1  2  1  1  2  1  1  1  2  1  2  1  
462  1  1  2  1  2  1  2  2  1  1  1  1  1  1  2  2  1  2  1  1  
463  2  1  2  2  2  2  2  1  1  2  1  1  2  1  1  2  2  1  1  2  
464  2  1  2  2  2  2  2  2  1  2  2  1  2  1  1  2  2  1  1  2  
465  2  2  2  2  2  2  2  2  2  2  2  1  1  1  1  2  1  1  1  1  
466  2  2  2  1  2  1  1  2  2  2  1  2  2  2  2  1  1  1  2  2  
467  1  2  2  2  1  2  1  1  2  2  2  1  1  1  2  1  1  2  2  1  
468  1  2  1  1  2  1  2  1  1  2  1  1  2  1  1  1  2  2  1  1  
469  1  1  2  2  2  1  1  2  1  2  1  1  1  2  1  1  1  2  1  2  
470  1  1  1  2  1  2  1  2  1  1  1  2  1  2  2  2  2  2  1  1  
471  2  2  1  2  1  1  2  2  1  1  2  1  1  1  1  1  2  1  1  2  
472  2  2  1  2  1  1  2  2  2  1  1  1  1  1  1  1  2  1  2  1  
473  2  2  1  1  2  1  1  1  1  1  1  1  1  2  2  2  2  1  2  1  
474  1  1  2  1  1  1  2  2  1  1  1  1  1  1  2  1  1  2  2  1  
475  2  2  2  1  1  2  2  2  2  1  2  1  2  1  1  1  1  1  1  1  
476  1  2  1  1  2  2  2  2  2  1  1  2  1  1  2  2  1  2  1  1  
477  1  1  2  2  2  2  1  2  1  2  2  2  2  1  2  1  2  1  1  2  
478  2  2  1  1  2  1  2  1  1  2  1  1  2  1  2  1  2  2  1  1  
479  2  1  2  2  1  1  1  2  1  1  2  1  2  2  1  1  1  1  2  2  
480  1  1  2  2  2  2  1  2  1  1  2  2  2  1  2  1  2  1  1  2  
481  2  1  1  2  2  2  2  1  2  2  2  1  2  1  2  1  2  1  1  2  
482  1  1  2  1  1  2  1  1  1  2  1  1  2  2  1  2  1  1  2  1  
483  2  1  1  1  1  2  2  2  2  1  2  1  1  2  1  2  1  2  2  2  
484  2  2  2  2  1  1  1  2  1  1  1  1  1  1  1  2  2  2  2  1  
485  1  1  2  2  2  1  1  1  1  1  1  1  2  1  2  2  2  2  1  1  
486  1  1  2  1  1  1  1  2  1  1  1  1  1  1  2  1  1  2  1  1  
487  1  2  2  1  2  2  1  1  2  2  2  2  1  1  1  1  2  1  2  2  
488  1  1  1  1  1  2  2  1  2  1  2  1  1  2  1  2  1  2  2  2  
489  2  2  2  1  1  2  1  1  2  2  2  2  1  1  2  1  1  1  2  2  
490  1  2  1  2  2  2  1  1  1  2  1  2  2  2  2  2  2  2  2  1  
491  1  2  1  2  1  1  1  2  1  1  1  2  1  2  2  2  1  2  1  1  
492  2  2  1  1  1  1  1  2  2  2  1  1  1  1  2  2  2  2  2  1  
493  2  1  2  1  1  1  1  1  2  2  2  1  1  2  2  1  1  1  1  2  
494  1  1  2  1  1  2  2  1  2  1  2  2  2  1  2  1  1  2  2  2  
495  2  2  2  2  2  2  2  1  2  2  2  1  1  2  1  2  1  1  1  1  
496  2  2  1  1  2  1  2  1  1  2  1  1  2  1  1  1  2  2  1  2  
497  2  2  1  2  1  2  2  2  2  1  1  2  1  1  2  1  1  1  2  2  
498  2  2  2  2  2  1  1  2  2  2  2  1  1  2  1  2  1  2  1  2  
499  1  1  1  2  1  2  1  2  1  1  1  2  1  2  2  1  2  2  2  2  
500  1  1  2  2  2  1  2  2  1  1  2  1  1  1  2  1  1  2  1  1  
501  1  2  2  2  1  2  1  2  1  1  1  2  1  2  2  2  1  2  1  1  
502  1  1  2  1  2  1  2  2  2  1  1  1  1  1  2  1  1  2  1  1  
503  1  1  2  1  2  1  1  2  1  1  1  1  1  1  2  1  2  1  1  2  
504  1  1  1  2  1  2  1  1  1  1  1  2  1  2  1  1  1  2  2  2  
505  2  1  2  2  1  1  2  2  2  2  2  1  2  2  1  2  1  2  1  1  
506  1  2  1  1  1  2  1  1  2  2  1  2  2  2  2  2  2  2  2  1  
507  2  1  2  2  1  1  1  2  1  1  2  1  2  2  1  2  1  1  2  2  
508  2  2  1  1  1  1  1  2  2  2  1  1  2  1  1  2  2  1  2  1  
509  2  2  1  2  1  1  2  2  1  1  2  1  1  1  1  1  2  1  1  2  
510  1  1  1  1  1  1  1  1  2  2  2  1  2  2  1  1  1  2  1  1  
511  2  2  2  1  1  2  1  2  2  2  2  2  2  2  1  1  2  1  2  2  
512  1  2  2  2  1  2  1  2  2  2  2  2  1  1  1  1  1  2  2  1  
513  2  1  1  1  2  2  2  2  1  1  2  1  2  2  1  1  1  2  1  1  
514  1  1  2  2  1  2  2  1  1  2  1  2  2  1  1  2  1  2  2  2  
515  1  1  2  2  2  1  1  1  1  1  2  2  2  1  2  1  1  1  1  2  
516  1  2  1  2  2  1  2  1  1  2  1  1  2  2  2  1  1  2  2  2  
517  1  1  1  2  2  1  1  2  2  2  2  2  2  2  2  2  2  1  2  2  
518  1  1  2  2  2  2  2  2  1  1  1  1  1  1  1  1  2  2  1  1  
519  2  1  2  2  2  2  2  1  1  1  2  2  2  1  1  1  1  2  1  2  
520  1  2  1  2  1  2  1  2  1  1  1  2  1  2  2  2  1  2  1  2  
521  1  1  1  1  2  1  1  2  2  1  2  1  1  1  2  2  2  1  1  1  
522  1  1  1  2  2  2  1  1  2  1  1  2  2  2  2  1  2  2  1  1  
523  2  1  2  2  2  2  1  1  1  2  2  1  2  1  1  1  2  1  1  2  
524  1  1  2  1  1  2  2  1  1  2  1  1  2  2  1  2  1  1  2  1  
525  2  2  1  1  2  1  2  1  1  2  1  1  2  1  1  2  2  2  2  1  
526  1  1  2  1  1  2  1  1  1  2  1  1  2  2  1  2  1  1  2  1  
527  2  2  1  1  1  1  1  1  2  1  1  1  2  1  1  1  1  1  1  1  
528  2  1  2  2  2  1  2  2  1  2  2  1  2  1  1  2  2  1  1  2  
529  1  2  1  2  1  2  2  1  2  1  1  2  1  1  2  1  1  2  2  2  
530  1  2  2  1  1  2  1  1  1  2  1  2  2  2  1  2  1  1  2  1  
531  1  1  1  2  2  2  1  1  1  1  1  2  2  2  2  2  2  2  1  1  
532  2  1  1  1  2  2  2  1  1  1  1  2  2  2  1  2  1  1  1  2  
533  1  1  2  2  2  1  1  2  2  1  2  2  2  1  2  1  2  1  1  2  
534  1  2  2  1  2  2  2  2  2  2  2  1  2  1  2  1  1  2  2  2  
535  2  2  1  1  2  1  2  1  1  2  1  1  2  1  1  2  2  2  1  1  
536  1  1  1  1  2  1  1  1  1  2  2  1  2  1  2  2  2  1  1  1  
537  2  1  2  1  1  2  1  1  1  2  2  1  1  2  1  2  1  1  1  1  
538  2  1  1  2  2  1  2  1  1  2  1  1  2  2  2  1  2  2  2  2  
539  2  1  2  2  2  2  2  2  2  2  2  1  1  1  1  2  1  2  1  1  
540  2  2  1  2  1  1  1  2  2  2  2  2  1  1  1  1  2  1  1  2  
541  1  2  1  1  2  1  2  1  1  2  1  1  2  2  2  2  1  2  2  1  
542  2  2  2  1  2  1  1  2  1  2  1  2  2  1  2  1  2  1  2  2  
543  1  1  2  2  2  2  2  1  1  2  2  1  2  2  1  2  2  1  2  2  
544  2  1  2  1  2  2  2  1  1  2  2  1  2  1  2  2  2  1  1  1  
545  1  1  1  2  1  1  1  1  1  1  1  2  2  2  2  2  1  1  1  1  
546  1  1  2  1  2  2  1  2  1  1  2  1  2  1  2  1  2  1  2  2  
547  2  2  1  2  2  2  2  1  1  1  1  2  2  2  1  2  1  1  2  2  
548  1  1  2  1  2  2  2  1  2  2  1  2  2  1  2  1  1  2  1  2  
549  1  2  2  1  2  1  2  2  2  2  1  2  2  2  1  1  2  2  2  2  
550  1  2  1  2  1  2  1  2  1  1  1  2  2  2  2  2  1  2  1  2  
551  2  2  2  2  1  2  2  2  2  2  2  1  1  1  1  2  1  1  1  1  
552  2  2  2  1  1  1  2  2  2  2  2  2  2  2  1  2  2  2  1  1  
553  2  2  1  2  2  1  2  1  1  2  1  1  1  2  2  2  1  1  2  2  
554  2  2  2  2  1  2  2  2  2  2  2  1  1  1  1  2  1  1  1  1  
555  2  2  2  1  2  2  1  2  2  2  1  2  2  2  2  2  1  2  1  2  
556  2  1  2  1  2  1  1  2  2  2  1  2  2  2  1  1  2  1  2  2  
557  1  1  1  2  1  2  1  1  1  1  1  1  1  1  2  1  2  1  2  2  
558  2  2  1  2  1  1  1  2  2  1  2  1  1  1  1  1  2  1  2  2  
559  2  2  1  1  2  1  2  1  2  2  1  1  2  1  1  1  2  2  1  1  
560  2  2  1  1  1  1  1  2  2  2  1  1  1  1  1  2  2  2  2  1  
561  2  2  1  2  1  1  2  2  1  2  1  2  2  1  1  1  2  2  1  1  
562  2  2  2  1  2  2  2  1  1  1  2  2  2  1  2  2  2  1  2  1  
563  2  1  2  1  1  2  2  2  1  2  1  2  2  2  2  2  1  2  1  1  
564  2  1  2  1  1  2  2  1  2  1  1  2  2  1  2  1  1  2  2  2  
565  1  1  2  1  2  1  2  1  2  2  2  1  2  2  1  2  1  2  1  2  
566  2  1  2  2  1  2  2  1  2  1  1  2  1  1  2  2  1  1  2  2  
567  1  2  2  2  2  1  2  2  1  1  1  1  1  1  2  1  1  1  1  1  
568  2  1  2  2  2  1  1  2  1  1  2  1  2  1  1  1  2  1  2  2  
569  2  2  1  1  2  2  1  1  2  2  2  2  1  1  2  1  1  1  1  2  
570  2  2  2  1  1  2  2  2  2  1  1  2  1  1  2  2  1  1  2  2  
571  1  1  2  2  2  2  2  2  1  1  2  2  2  1  2  1  2  1  1  2  
572  1  2  2  1  2  1  1  2  2  1  2  1  1  2  2  1  1  2  1  2  
573  1  1  1  1  2  1  1  2  2  1  1  1  1  1  2  1  1  2  1  1  
574  2  2  1  1  2  2  2  1  1  2  1  1  2  1  1  1  2  2  1  1  
575  2  2  1  1  2  1  1  2  2  2  1  1  1  1  1  2  2  2  2  1  
576  2  2  1  2  1  2  2  1  1  1  1  2  1  2  2  1  2  2  2  2  
577  1  1  1  2  2  1  1  2  2  2  1  1  2  2  1  1  2  2  2  2  
578  1  1  1  1  2  1  1  1  1  2  1  1  1  1  2  1  2  1  1  1  
579  2  2  1  2  2  2  2  1  1  2  1  1  2  2  2  1  1  2  2  2  
580  1  2  1  1  1  1  1  2  2  2  1  1  1  2  1  1  2  2  2  1  
581  1  1  1  1  2  2  2  1  1  1  2  2  2  1  1  2  1  2  1  1  
582  2  2  1  1  1  1  1  1  2  2  1  1  2  1  1  1  2  2  2  1  
583  2  1  1  2  1  1  1  2  2  1  2  1  1  1  1  1  2  1  1  2  
584  2  2  1  2  1  1  2  2  1  2  1  1  2  2  2  1  1  2  2  1  
585  1  1  1  2  2  2  2  1  1  1  1  2  2  1  1  2  1  1  1  2  
586  2  2  2  2  1  2  2  2  2  2  2  1  1  1  1  2  1  1  1  2  
587  2  2  1  1  2  2  2  1  1  1  2  2  2  1  2  2  2  1  2  1  
588  2  1  2  1  2  1  2  2  1  1  2  2  2  1  1  2  2  1  2  1  
589  1  1  2  2  2  2  1  2  1  1  1  1  2  1  2  1  2  1  1  2  
590  2  2  2  2  1  1  1  2  2  1  2  1  1  1  2  1  2  1  1  2  
591  2  2  1  2  1  1  1  1  1  1  2  2  1  2  2  2  2  1  2  1  
592  1  1  2  2  1  1  2  1  1  1  2  2  2  2  1  1  1  2  2  1  
593  2  1  2  1  1  1  1  2  2  2  2  2  2  2  1  2  1  2  1  1  
594  2  2  1  2  1  2  2  1  1  1  2  1  1  2  2  2  2  1  2  2  
595  1  2  1  1  1  1  2  2  2  1  2  1  1  2  1  2  2  2  2  2  
596  2  1  2  2  2  1  2  2  1  2  2  2  2  1  1  1  1  2  2  2  
597  1  1  1  2  2  2  1  1  2  1  1  2  2  2  1  2  1  2  1  1  
598  1  2  1  2  1  1  1  2  2  1  2  1  2  2  1  1  2  1  1  2  
599  2  2  1  1  2  2  1  1  2  2  2  2  1  1  2  1  1  1  1  2  
600  2  2  1  1  1  1  1  2  2  2  1  1  1  1  1  2  2  2  2  1  
601  2  1  2  2  1  2  2  1  1  2  2  1  2  1  1  2  2  1  1  2  
602  2  2  1  1  1  2  1  1  2  2  1  2  1  2  2  2  2  2  1  1  
603  2  2  1  1  2  1  2  1  1  1  1  1  2  1  1  1  2  2  1  1  
604  1  1  2  1  2  2  2  2  1  1  1  1  1  1  2  1  1  2  1  2  
605  2  1  2  2  2  1  2  1  1  2  1  1  2  2  2  1  1  2  2  2  
606  2  1  2  1  2  1  2  2  2  2  1  2  2  2  1  2  1  2  1  1  
607  2  2  2  1  2  2  1  1  2  2  1  2  1  1  2  1  1  1  1  2  
608  2  2  1  2  1  1  1  2  2  1  1  1  2  1  1  1  2  1  1  2  
609  1  2  2  1  2  2  1  2  2  2  2  1  1  2  1  1  1  2  1  2  
610  2  2  1  2  2  2  2  1  1  2  2  1  1  1  1  2  2  2  2  2  
611  1  2  2  1  1  1  1  2  2  2  2  2  1  2  1  1  1  2  1  2  
612  2  1  2  2  2  1  1  2  1  1  2  1  1  2  1  1  1  1  1  2  
613  1  1  1  1  1  2  2  2  2  1  2  1  2  2  1  2  1  2  2  2  
614  2  1  2  2  2  1  1  2  1  1  2  1  2  2  1  1  1  2  2  2  
615  2  1  2  2  1  1  1  2  1  1  2  1  2  2  2  1  1  1  2  2  
616  2  2  1  2  1  1  1  2  2  1  1  1  1  1  1  1  2  1  1  2  
617  1  2  1  1  1  1  1  2  1  1  1  2  1  2  1  2  1  2  1  1  
618  1  1  2  1  1  2  1  1  2  2  1  1  2  2  1  2  1  1  2  1  
619  1  2  1  2  1  2  1  2  1  1  1  1  1  2  2  2  1  2  1  1  
620  1  1  1  1  1  2  1  1  1  2  1  1  2  2  2  1  1  1  2  1  
621  1  2  1  2  1  2  1  2  1  1  1  2  1  2  1  2  1  2  1  1  
622  2  2  1  2  1  1  1  2  2  1  2  1  1  2  1  1  2  1  1  2  
623  2  1  2  1  1  1  1  2  1  1  1  1  2  2  1  1  1  1  2  2  
624  1  1  1  1  1  2  2  2  2  1  2  1  1  2  2  2  1  2  2  2  
625  1  1  1  1  2  2  1  2  1  1  1  2  2  2  2  2  2  2  1  1  
626  2  2  2  1  1  2  1  2  2  1  1  2  2  2  2  1  2  1  2  2  
627  1  2  2  1  2  1  1  2  2  2  2  1  1  2  1  1  1  2  1  2  
628  2  1  2  1  2  1  2  2  1  1  2  2  2  1  2  2  2  1  2  1  
629  2  2  1  2  1  1  2  2  2  1  1  1  1  1  2  2  1  1  1  2  
630  2  1  1  2  1  2  2  1  1  1  1  2  2  1  2  2  1  1  1  2  
631  1  1  2  1  2  2  2  1  2  2  1  1  2  1  2  1  1  2  1  2  
632  1  2  1  1  2  1  1  2  1  1  2  1  1  1  2  1  2  1  2  1  
633  2  2  1  1  2  1  2  1  1  2  1  1  2  1  2  1  1  2  1  1  
634  2  2  1  1  2  2  2  1  2  2  1  1  1  1  1  1  2  2  1  1  
635  1  1  2  1  2  1  2  2  1  1  1  1  1  1  2  1  1  1  1  1  
636  1  2  1  2  1  1  1  2  1  1  1  2  1  2  2  1  1  2  1  1  
637  1  2  2  1  2  1  1  2  2  2  1  2  2  2  2  1  2  1  2  2  
638  2  2  1  1  2  1  1  1  1  2  2  1  2  1  1  1  2  2  1  1  
639  2  2  1  2  1  2  1  2  1  2  2  2  1  1  2  2  2  2  2  1  
640  2  1  2  1  2  2  1  1  2  2  2  2  1  2  2  1  1  1  1  2  
641  1  1  2  1  2  2  1  2  2  1  1  2  1  2  2  2  1  2  1  1  
642  1  1  2  1  1  1  2  2  1  1  1  1  1  1  2  2  1  2  1  2  
643  1  2  1  1  2  2  1  1  2  2  1  2  2  1  1  2  2  2  2  1  
644  1  2  1  2  1  1  1  1  1  1  1  2  1  2  2  2  1  1  1  1  
645  1  1  1  2  1  2  1  1  1  2  1  2  1  2  2  2  1  2  2  2  
646  2  1  2  2  1  2  1  2  1  1  1  1  2  2  1  2  1  2  2  1  
647  1  1  1  1  2  1  1  2  1  1  2  1  1  1  2  1  2  1  1  1  
648  2  1  2  2  2  1  2  2  2  2  1  2  2  2  1  1  2  2  1  2  
649  2  1  1  1  1  1  2  2  2  2  2  2  2  2  1  2  1  1  1  1  
650  1  2  1  1  2  1  1  2  2  2  2  1  1  2  1  1  1  2  1  2  
651  1  1  2  2  2  2  1  2  1  1  2  2  2  1  2  1  2  1  1  2  
652  1  2  2  2  1  1  1  1  2  2  1  2  1  1  1  1  1  1  2  1  
653  2  1  1  2  2  1  1  2  1  2  2  1  1  1  1  1  2  1  1  2  
654  2  2  2  2  1  2  1  1  2  2  1  1  1  1  1  1  1  2  2  1  
655  2  1  2  2  2  2  2  1  1  2  2  1  2  1  1  2  2  1  2  2  
656  1  1  2  1  2  2  2  1  2  1  1  2  2  1  2  1  1  2  2  2  
657  2  1  1  2  2  1  2  1  1  1  2  1  1  1  1  2  1  1  1  2  
658  1  1  1  1  1  1  2  2  2  2  2  2  2  1  1  2  2  2  1  2  
659  1  1  2  2  1  2  1  1  2  2  2  1  1  1  1  1  2  2  2  2  
660  1  2  1  1  1  1  1  1  2  2  2  1  2  2  1  2  1  2  1  2  
661  1  2  1  2  1  2  1  2  1  1  1  2  1  2  2  2  2  2  1  1  
662  1  1  2  2  2  1  2  2  2  1  1  2  2  2  1  1  2  2  1  2  
663  1  1  1  2  1  2  1  1  1  1  2  2  1  1  2  1  2  2  2  2  
664  1  2  1  2  2  2  1  1  1  1  1  2  2  2  2  2  2  2  1  1  
665  2  2  2  2  1  2  2  2  2  2  2  1  1  1  1  2  2  1  1  1  
666  1  1  2  2  1  1  1  1  1  1  1  2  1  2  2  1  2  2  2  2  
667  1  2  2  2  2  1  1  2  2  1  1  2  2  2  2  1  2  1  2  2  
668  1  2  2  2  2  1  2  2  2  2  1  2  1  2  1  1  2  2  2  2  
669  2  1  2  2  1  1  1  2  1  1  2  1  2  1  1  1  1  1  2  2  
670  1  1  1  1  2  1  1  2  1  2  2  2  1  1  2  1  2  1  1  1  
671  1  1  1  2  1  1  2  2  2  2  2  1  2  2  1  2  1  2  1  2  
672  1  1  2  2  2  1  2  2  1  2  1  2  2  2  1  1  2  2  2  1  
673  1  1  2  1  2  1  1  2  1  1  2  1  1  1  2  1  2  1  1  1  
674  1  2  2  2  1  2  1  1  2  2  2  2  1  2  1  1  1  2  2  2  
675  2  1  2  1  1  1  1  2  2  1  1  1  1  1  1  2  1  1  2  1  
676  1  1  2  2  1  2  2  1  1  1  1  2  1  2  2  1  2  2  2  2  
677  1  1  1  2  2  2  1  1  1  2  1  2  2  2  2  2  2  2  1  1  
678  1  2  2  2  1  2  2  1  2  2  2  1  1  1  1  2  2  1  1  1  
679  1  2  1  2  2  1  2  1  1  2  1  2  2  2  2  1  1  2  2  2  
680  2  1  2  2  1  1  1  2  1  1  2  1  2  2  1  1  1  2  2  2  
681  1  2  2  2  1  2  1  1  2  2  2  2  1  1  1  1  1  1  2  2  
682  1  2  2  1  2  2  2  1  2  2  1  2  1  1  2  1  1  1  1  1  
683  2  2  2  1  1  1  2  1  2  2  2  2  1  1  2  2  1  1  1  1  
684  1  2  1  2  1  2  1  2  1  2  1  2  1  2  2  2  1  2  1  1  
685  2  2  1  2  1  2  2  2  1  1  1  2  1  1  2  2  1  1  2  2  
686  1  1  1  2  2  1  1  1  1  1  2  1  1  1  2  2  2  2  1  1  
687  1  1  1  1  2  2  2  2  1  1  2  1  1  1  1  1  1  1  1  1  
688  1  2  1  2  2  2  1  1  2  2  1  2  2  2  2  2  2  2  2  1  
689  2  1  1  1  1  1  1  2  2  2  1  1  2  1  1  2  2  2  2  1  
690  1  2  2  1  1  2  2  1  2  1  1  1  1  1  1  1  2  1  2  1  
691  1  1  2  1  1  2  1  2  2  1  2  1  1  2  1  2  1  2  2  1  
692  2  2  2  1  1  2  2  2  2  2  2  2  1  1  2  2  1  1  1  1  
693  1  2  1  2  2  1  2  1  2  1  1  2  1  1  1  1  1  1  2  1  
694  1  1  2  1  2  1  2  1  1  1  1  1  1  1  2  1  1  2  1  1  
695  2  2  1  2  1  2  1  2  2  1  2  1  1  1  1  1  2  1  1  2  
696  2  2  2  1  1  1  2  1  1  2  1  2  2  1  1  1  1  2  1  1  
697  1  1  1  1  2  2  1  1  1  1  1  2  2  2  2  1  2  2  1  1  
698  1  1  2  2  1  1  2  2  2  2  1  2  2  2  1  1  2  2  1  2  
699  1  2  2  1  1  2  1  1  2  2  2  2  1  1  2  1  1  2  2  1  
700  1  1  2  1  1  2  1  1  1  1  1  1  2  2  1  2  1  1  2  1  
701  2  1  1  2  1  1  2  1  1  2  2  2  1  2  2  1  2  1  2  1  
702  2  2  2  2  1  1  1  2  2  1  2  1  1  1  2  1  2  1  1  2  
703  2  2  2  1  1  2  2  2  1  2  2  1  1  1  1  2  1  1  2  1  
704  1  2  2  1  2  1  1  2  2  2  2  1  1  2  1  1  1  2  1  2  
705  2  1  1  2  1  2  2  2  2  1  1  2  1  1  2  2  1  1  2  2  
706  2  2  2  2  1  2  2  2  1  2  2  1  1  1  1  2  1  1  1  1  
707  1  1  2  1  2  2  1  2  1  1  2  2  2  1  2  1  2  1  1  2  
708  2  2  2  2  1  1  1  2  2  1  2  1  2  2  2  1  1  1  2  2  
709  1  2  2  2  1  2  1  2  1  1  1  2  1  2  2  2  1  2  1  1  
710  1  2  1  2  1  1  1  2  2  1  2  1  1  1  1  2  1  1  1  2  
711  1  1  1  2  2  2  1  1  1  1  1  2  2  2  2  2  2  2  1  1  
712  1  2  1  2  1  2  2  1  2  1  1  2  1  1  1  1  2  1  2  1  
713  1  1  2  1  2  1  2  2  1  1  1  1  1  2  2  1  1  2  2  2  
714  2  2  2  1  2  1  2  2  1  2  2  2  2  1  2  2  2  1  2  1  
715  2  2  2  2  1  2  2  1  1  2  2  1  1  2  1  2  2  1  1  2  
716  2  2  2  1  2  1  2  2  1  2  2  2  2  1  1  2  2  1  2  1  
717  2  2  1  1  2  1  1  2  2  2  1  2  1  1  2  2  2  2  2  1  
718  2  2  1  2  2  1  2  1  1  1  1  1  2  1  1  1  2  2  1  1  
719  1  1  1  1  1  1  1  1  2  1  1  2  1  2  2  1  2  2  2  2  
720  1  1  2  2  1  2  1  2  1  1  2  2  2  1  2  1  2  2  1  2  
721  2  2  1  2  1  1  1  1  2  1  1  1  1  2  2  2  2  1  1  1  
722  2  2  1  1  2  1  1  1  1  2  1  1  2  1  1  1  2  2  1  1  
723  2  1  2  2  1  2  1  1  1  2  2  1  2  1  1  2  2  1  1  2  
724  1  1  1  1  2  1  2  2  1  2  2  1  1  1  2  1  2  2  1  1  
725  1  2  1  1  2  1  1  1  2  2  1  2  1  2  2  2  2  2  1  1  
726  2  2  1  2  1  2  2  2  2  2  1  2  1  1  2  2  1  1  2  2  
727  1  2  2  1  2  1  2  1  2  2  2  1  2  2  1  1  1  2  2  2  
728  1  1  2  1  2  1  2  1  1  1  1  1  1  1  2  1  1  2  2  1  
729  2  1  1  2  2  2  2  1  1  1  1  2  2  1  1  2  1  1  1  2  
730  1  1  1  2  1  2  1  1  1  2  1  2  1  2  2  1  2  2  2  2  
731  1  2  1  1  2  1  1  2  1  1  1  1  1  1  2  1  1  2  1  1  
732  2  2  2  1  2  1  1  2  2  2  2  1  1  2  1  1  1  1  1  1  
733  2  2  1  2  2  1  2  1  1  2  1  1  2  2  2  2  1  2  2  2  
734  1  2  1  1  1  1  1  2  2  1  1  1  1  2  1  2  2  2  2  2  
735  1  1  2  1  1  1  1  1  1  2  1  1  2  2  1  2  1  1  2  2  
736  1  1  1  2  1  2  1  1  1  2  1  1  2  2  1  2  1  2  2  1  
737  1  2  2  2  1  2  1  1  2  2  1  2  1  1  2  1  2  2  2  1  
738  1  1  1  1  2  1  1  2  1  1  1  1  1  2  2  1  1  1  1  1  
739  2  2  2  1  2  1  2  2  1  1  2  2  2  1  2  2  1  1  2  1  
740  2  1  2  1  1  1  2  2  2  2  2  2  2  2  1  2  1  2  1  2  
741  1  1  1  1  1  1  2  2  2  1  2  1  2  2  1  2  1  2  2  1  
742  2  1  1  1  1  1  2  1  2  2  2  1  2  2  1  1  1  2  1  2  
743  2  2  2  2  1  2  2  2  2  2  2  2  1  1  1  2  1  2  2  1  
744  1  2  1  2  1  2  1  2  1  1  2  2  1  2  2  2  1  2  1  1  
745  2  2  1  2  1  2  1  1  1  1  1  1  1  2  2  2  1  2  2  1  
746  2  2  2  1  2  1  2  2  2  1  1  1  1  2  2  1  1  2  1  1  
747  1  2  1  2  1  2  2  1  2  1  1  2  1  1  1  1  1  1  1  1  
748  2  1  2  2  1  1  1  2  1  1  1  1  2  2  1  1  1  1  2  1  
749  2  1  2  1  2  1  2  1  1  2  2  1  2  1  1  2  2  1  1  2  
750  2  1  2  2  2  1  2  1  1  2  2  1  2  1  1  2  2  1  1  1  
751  2  2  1  2  1  2  2  2  2  1  1  2  1  1  2  2  1  1  2  2  
752  2  2  1  1  1  1  1  1  2  2  1  1  1  1  1  2  2  2  2  1  
753  1  2  1  2  2  2  1  2  2  1  2  2  1  2  2  2  1  2  2  1  
754  2  2  2  2  1  1  1  1  1  1  2  1  1  1  2  2  2  1  2  1  
755  1  1  1  2  2  2  2  1  1  1  1  2  2  1  1  2  1  1  1  2  
756  1  1  2  2  1  1  2  2  2  2  1  2  2  2  2  1  2  1  2  2  
757  2  1  2  2  1  1  1  2  1  1  2  1  2  2  1  1  2  1  2  2  
758  1  2  2  1  2  1  1  2  2  2  2  1  1  2  1  1  1  2  1  1  
759  1  1  1  2  1  2  1  1  2  1  2  2  1  2  2  1  2  1  1  2  
760  2  2  1  1  1  1  1  2  1  2  1  1  1  1  1  2  2  2  1  1  
761  1  1  2  2  1  1  1  2  1  1  2  2  2  2  1  1  1  1  2  2  
762  2  1  1  1  1  1  1  1  2  2  2  2  2  2  1  2  1  2  1  2  
763  1  1  1  2  1  2  1  1  1  1  1  2  1  2  2  2  2  2  2  1  
764  1  2  1  1  2  2  2  1  2  1  1  2  1  1  1  1  2  1  2  1  
765  2  2  2  1  2  2  1  2  2  2  2  2  2  1  2  1  2  1  1  2  
766  2  2  1  2  2  2  2  1  2  2  1  2  1  1  2  2  1  1  2  2  
767  2  1  2  1  1  1  1  2  2  2  2  2  2  2  1  2  1  2  1  1  
768  1  2  2  2  1  2  1  1  2  1  2  2  1  1  1  1  1  2  1  1  
769  2  2  1  2  2  1  2  2  2  1  2  2  1  1  1  1  2  1  1  2  
770  1  1  2  2  2  2  1  1  1  2  2  1  2  2  1  2  1  1  2  1  
771  1  1  1  2  2  2  1  1  1  1  1  2  1  2  2  2  2  2  1  1  
772  1  2  2  1  2  1  1  2  2  2  1  2  2  2  2  1  2  1  2  2  
773  2  2  2  1  2  1  1  2  2  2  1  2  2  2  2  1  1  1  2  2  
774  2  2  1  2  2  2  2  1  1  1  2  1  2  1  1  2  2  1  1  2  
775  1  2  2  1  2  2  1  1  2  2  2  2  2  2  2  2  1  2  2  1  
776  1  2  1  2  1  1  2  1  2  2  1  2  1  1  2  2  2  1  2  1  
777  2  1  1  2  2  2  1  1  1  1  1  2  2  1  1  2  1  1  1  2  
778  1  1  1  2  2  2  2  1  2  1  2  2  2  2  1  2  2  2  1  1  
779  2  2  2  1  2  1  1  2  2  2  1  2  2  2  2  1  2  1  2  2  
780  1  1  1  2  2  2  1  1  1  1  1  2  2  2  2  2  2  2  1  1  
781  1  1  1  2  2  2  1  1  1  1  1  2  2  2  2  2  1  2  1  1  
782  1  2  1  2  1  2  2  1  2  1  1  2  1  1  1  1  2  1  2  2  
783  1  1  1  1  1  1  2  1  2  1  2  1  1  2  1  2  1  2  1  2  
784  1  1  1  2  1  2  1  2  1  1  1  2  1  2  2  1  2  2  2  2  
785  2  2  1  1  1  1  2  1  1  2  1  1  1  2  2  1  1  2  2  1  
786  1  2  1  1  2  2  2  1  2  2  1  2  2  2  2  2  2  2  2  1  
787  1  1  1  2  1  2  1  1  1  2  1  2  1  2  2  1  2  2  2  2  
788  1  2  1  2  1  2  1  1  2  1  1  2  1  1  1  1  2  1  2  1  
789  2  2  2  1  2  2  1  2  2  1  2  1  1  2  1  1  1  1  1  1  
790  1  2  1  2  1  2  1  2  1  1  2  2  1  2  1  2  2  1  2  1  
791  1  1  2  1  2  2  2  1  1  2  1  2  1  1  2  1  1  2  2  2  
792  1  2  2  1  2  1  1  2  2  2  2  1  1  2  1  1  2  2  1  2  
793  1  1  2  2  2  2  2  2  2  1  1  2  2  2  1  2  2  2  2  2  
794  1  1  2  1  1  2  2  1  1  2  1  1  2  2  1  2  1  1  2  1  
795  1  2  2  2  1  1  2  2  2  2  2  1  1  1  1  2  1  1  1  1  
796  1  2  1  2  1  2  2  1  1  1  1  2  1  1  1  1  2  1  2  2  
797  1  2  1  2  1  1  1  1  1  1  2  1  1  2  2  1  2  1  1  1  
798  2  1  2  1  1  1  2  2  2  2  1  2  2  2  1  1  2  2  1  1  
799  2  2  2  2  2  1  2  1  2  2  1  1  2  2  1  1  1  1  2  2  
800  2  1  1  2  1  1  1  2  2  1  2  1  1  1  1  1  2  1  2  2  
801  1  2  1  1  2  1  1  1  1  2  1  1  2  1  1  1  2  2  1  1  
802  2  2  1  2  1  1  1  1  1  1  2  1  1  2  2  2  2  1  2  1  
803  1  1  2  1  1  2  1  1  1  2  1  1  1  2  1  2  1  1  1  1  
804  1  2  1  1  2  1  1  2  2  2  2  1  1  2  1  2  2  1  1  2  
805  1  1  1  1  1  2  2  2  2  1  2  1  1  2  2  1  1  2  1  2  
806  1  2  1  2  2  2  1  2  1  1  1  2  2  2  1  2  1  2  1  1  
807  2  2  1  1  1  1  1  2  2  1  2  1  1  1  1  1  2  1  1  2  
808  1  1  2  2  2  1  2  1  1  2  1  2  2  2  1  1  2  2  2  2  
809  1  1  2  1  1  2  2  2  2  1  2  1  1  2  1  2  1  2  2  2  
810  1  1  1  1  2  2  2  1  2  2  1  2  2  1  2  1  1  2  2  2  
811  1  1  2  2  2  2  1  2  1  1  2  2  2  2  1  2  2  2  1  1  
812  2  2  2  1  2  1  1  1  2  2  2  2  2  1  2  1  1  2  1  2  
813  2  1  2  1  1  1  2  1  2  2  2  2  2  1  1  2  1  2  1  1  
814  2  2  1  2  1  2  2  2  2  2  2  1  1  1  1  2  1  1  2  2  
815  1  1  1  1  1  1  2  1  1  1  2  1  2  1  1  2  1  2  1  2  
816  1  1  2  1  2  2  1  1  1  2  1  1  2  2  1  2  1  1  2  2  
817  2  1  1  2  1  1  2  2  2  1  1  2  2  1  1  2  1  1  1  2  
818  1  1  1  2  2  2  2  1  1  1  2  2  2  2  2  2  2  2  1  2  
819  2  2  2  2  1  1  1  2  2  1  2  2  1  1  2  1  2  1  2  2  
820  2  2  2  1  2  1  2  1  1  2  1  1  2  1  1  1  2  2  1  1  
821  2  2  1  2  1  1  1  1  1  1  2  1  1  2  2  1  2  2  2  1  
822  2  2  2  1  2  2  2  2  1  1  2  2  2  1  2  2  2  2  2  1  
823  2  2  1  1  1  1  1  2  2  2  1  1  1  1  2  2  2  2  2  1  
824  1  1  2  1  2  1  2  2  1  1  2  2  2  1  2  1  2  1  1  1  
825  1  1  1  2  1  2  2  1  2  2  1  2  2  1  2  1  2  2  1  1  
826  1  2  2  2  1  2  1  2  2  1  1  2  1  2  2  2  1  2  2  1  
827  2  2  2  1  2  1  1  2  2  2  1  1  2  2  2  1  2  1  2  2  
828  2  2  1  2  2  2  2  2  2  1  2  2  1  1  2  2  1  2  1  2  
829  1  1  2  2  2  1  2  2  2  2  1  2  2  2  1  1  2  2  2  2  
830  2  2  1  2  2  2  2  1  1  1  1  2  2  1  1  2  2  1  1  2  
831  1  1  1  2  2  2  1  1  1  1  1  2  1  2  1  1  2  2  2  1  
832  2  1  2  2  1  1  2  1  2  2  2  2  2  1  1  2  2  2  1  1  
833  2  1  1  1  1  1  2  2  2  2  2  2  2  2  1  2  1  2  1  1  
834  1  1  1  1  2  2  2  2  2  1  1  1  1  2  1  2  1  2  2  2  
835  1  1  1  1  2  1  1  2  1  1  2  1  1  1  2  1  2  1  1  1  
836  1  1  2  1  1  1  2  1  2  2  2  1  2  2  1  2  1  2  1  1  
837  1  1  1  1  2  1  2  2  2  2  1  2  2  2  1  1  2  2  2  2  
838  2  1  1  2  2  2  2  1  1  2  1  2  2  1  1  1  1  1  1  2  
839  1  1  2  2  2  2  1  2  1  1  2  2  2  1  2  2  2  1  1  2  
840  2  1  1  1  2  2  2  1  1  1  1  2  1  1  2  2  1  1  1  2  
841  1  1  1  1  2  1  2  1  2  2  2  1  2  2  1  2  1  2  1  2  
842  2  1  2  1  2  1  1  1  2  2  1  2  2  1  2  1  1  2  2  2  
843  2  1  1  2  2  2  2  1  1  1  1  1  2  1  1  2  1  1  1  2  
844  2  1  2  1  1  2  2  2  2  2  2  2  2  2  1  2  1  2  1  1  
845  2  1  2  1  1  2  2  2  1  2  2  2  2  2  1  2  1  2  2  1  
846  2  1  2  2  1  1  1  2  1  1  2  1  2  2  1  2  1  1  2  2  
847  2  2  2  1  2  1  1  2  2  2  1  2  2  2  2  1  2  1  2  2  
848  2  1  2  1  2  1  2  2  1  1  1  1  2  1  2  1  1  2  1  1  
849  2  2  1  2  1  2  1  2  1  1  1  2  1  1  2  1  1  2  1  1  
850  1  1  1  2  1  2  1  1  1  2  1  2  1  2  2  1  2  2  2  2  
851  1  1  1  1  1  1  2  1  1  2  2  1  2  2  1  2  1  2  1  2  
852  2  2  1  1  1  1  1  1  1  1  2  1  1  2  2  2  1  1  2  1  
853  2  2  1  1  2  1  1  2  2  2  2  2  2  2  2  1  2  1  2  2  
854  1  2  1  2  1  2  1  1  2  1  1  2  1  1  1  1  2  1  2  2  
855  1  1  2  1  1  2  1  1  1  2  1  1  1  2  1  2  1  1  2  1  
856  2  2  1  2  2  2  1  1  2  2  1  2  2  2  2  1  2  2  2  1  
857  1  1  2  2  2  2  1  2  1  1  2  2  2  2  2  1  2  1  1  2  
858  1  1  2  2  2  2  1  2  1  1  2  2  2  2  2  1  2  1  2  2  
859  2  2  2  1  1  2  1  1  1  2  1  1  2  1  1  2  1  1  2  1  
860  2  2  2  1  2  1  2  2  1  1  1  2  1  1  2  2  2  1  2  2  
861  1  2  1  2  1  2  1  1  1  1  1  1  1  2  2  2  2  2  2  2  
862  2  2  2  1  2  2  1  1  1  2  2  2  1  1  2  1  2  1  1  1  
863  1  1  1  1  2  1  1  2  1  2  2  1  1  1  2  1  2  1  1  1  
864  2  1  2  2  2  2  2  1  1  1  1  2  2  1  1  2  1  1  1  2  
865  1  2  1  2  1  2  1  2  1  1  1  2  1  2  2  2  1  2  1  1  
866  1  1  2  1  2  2  2  2  2  2  1  2  2  1  2  1  1  2  2  2  
867  1  2  1  2  1  2  1  2  1  2  2  2  1  2  2  1  1  2  1  1  
868  1  1  2  2  2  1  1  2  2  2  2  1  1  2  1  2  1  2  1  2  
869  2  2  1  2  1  1  1  2  2  1  2  1  1  1  1  1  2  1  1  2  
870  1  1  1  2  1  2  1  2  2  1  2  1  1  1  1  1  2  1  1  1  
871  2  2  2  1  2  1  2  2  2  2  1  2  2  2  2  1  2  1  2  1  
872  2  2  1  2  1  1  1  1  2  1  2  1  1  1  1  1  2  1  1  2  
873  1  2  1  2  1  2  2  1  2  1  1  2  1  1  1  1  2  1  2  1  
874  2  2  2  1  1  1  2  2  2  2  1  1  2  1  1  1  2  1  2  2  
875  2  2  1  2  1  2  1  2  2  1  2  1  1  1  1  1  1  1  1  1  
876  1  1  1  2  2  2  1  1  1  1  1  2  2  1  2  2  2  2  1  1  
877  1  2  2  2  1  2  1  1  2  2  2  2  1  1  1  1  1  1  2  1  
878  1  1  2  2  1  2  1  1  2  1  2  2  1  1  1  1  2  1  2  1  
879  2  2  1  1  1  1  1  1  1  1  2  1  2  2  2  2  2  1  2  1  
880  2  2  1  1  2  1  2  1  1  2  1  1  2  2  1  1  2  2  1  1  
881  1  2  2  2  2  2  1  1  2  2  2  2  2  1  1  2  1  2  2  1  
882  1  2  2  1  2  1  1  2  2  2  2  1  2  2  1  1  1  2  2  2  
883  1  1  2  2  2  1  1  1  2  2  1  2  2  1  2  1  1  2  2  2  
884  1  1  1  2  1  2  2  1  2  1  1  2  2  1  1  1  2  1  2  1  
885  1  2  1  1  2  2  2  1  2  2  1  2  2  2  2  2  2  1  2  1  
886  1  2  2  1  2  1  2  2  2  2  2  1  2  2  1  1  1  2  1  2  
887  2  2  2  1  2  2  1  1  2  2  2  2  1  1  2  1  1  1  1  2  
888  2  2  1  1  1  1  2  1  2  2  1  2  2  1  2  1  2  2  1  1  
889  2  2  1  2  1  1  1  2  2  1  2  1  1  1  1  1  2  1  1  2  
890  1  1  1  2  1  1  1  2  1  1  2  1  1  1  2  1  1  1  1  1  
891  1  2  2  2  2  2  1  1  2  1  2  2  2  1  1  1  2  1  1  2  
892  1  2  1  2  1  2  2  2  2  1  1  2  1  2  1  2  1  1  2  2  
893  1  2  2  2  1  2  1  1  1  2  2  2  1  1  1  1  1  2  1  1  
894  1  1  2  1  2  2  2  1  2  2  1  2  1  2  2  1  2  2  1  2  
895  1  1  2  2  2  2  2  2  1  2  1  1  1  1  1  1  1  2  1  1  
896  1  1  1  2  2  2  1  1  1  1  1  2  2  2  2  2  2  2  1  1  
897  2  2  2  1  2  1  1  2  2  2  2  2  2  2  2  1  2  1  2  2  
898  1  1  2  2  1  2  1  1  1  2  2  1  2  2  2  2  1  2  2  1  
899  1  1  1  2  1  2  2  1  1  1  2  2  2  2  2  1  2  2  2  1  
900  2  1  2  2  2  2  2  1  1  2  1  1  2  1  1  2  2  1  1  2  
901  1  2  2  2  1  1  1  2  1  2  2  2  1  1  1  1  1  2  2  1  
902  2  1  2  1  1  2  2  2  2  2  2  2  2  2  1  2  1  2  1  1  
903  1  1  1  2  2  2  1  1  1  1  1  2  2  1  2  2  2  2  1  1  
904  1  1  1  2  2  2  1  1  1  1  1  2  2  2  1  2  2  2  1  1  
905  2  2  2  1  2  1  1  2  2  2  2  2  2  2  2  1  2  1  2  2  
906  1  1  1  2  2  2  1  1  1  1  1  2  1  1  2  1  2  2  2  2  
907  1  1  1  2  1  2  1  1  2  1  2  2  1  2  2  1  2  2  2  2  
908  2  2  2  2  1  2  2  2  2  2  2  1  1  1  1  2  1  1  1  1  
909  2  2  2  2  2  1  1  1  1  1  2  1  1  2  2  2  1  1  2  1  
910  2  1  1  1  1  2  2  2  2  1  2  1  2  1  1  2  1  2  2  2  
911  1  2  2  1  2  1  1  1  2  1  2  1  1  2  1  1  1  2  1  2  
912  2  2  2  2  2  1  2  2  1  1  2  2  2  2  2  2  2  1  2  1  
913  1  1  2  1  1  2  1  1  1  2  1  1  2  2  1  1  2  1  2  2  
914  1  2  1  1  2  1  1  1  1  2  1  2  2  2  2  2  2  2  2  1  
915  1  1  1  2  1  2  1  1  1  1  1  1  2  2  2  2  2  2  1  1  
916  2  1  2  2  1  1  2  2  2  2  2  1  1  1  1  2  1  1  1  1  
917  2  2  1  2  2  1  1  1  1  1  2  1  1  1  2  2  2  2  2  1  
918  1  1  1  1  1  1  2  1  2  1  2  2  2  2  1  1  1  2  1  2  
919  1  1  2  1  1  1  2  2  1  1  1  1  1  1  2  1  1  2  1  1  
920  1  1  1  1  1  1  1  2  1  1  2  1  1  2  2  1  2  1  1  1  
921  2  1  1  1  2  1  1  2  2  2  1  2  2  2  2  1  2  1  2  2  
922  1  2  1  2  1  2  2  2  1  1  1  2  1  2  2  2  1  2  1  1  
923  2  2  2  1  2  2  2  2  1  2  2  2  1  1  2  1  2  1  1  2  
924  1  1  1  2  1  2  2  2  2  1  2  1  1  2  2  2  1  2  2  2  
925  2  1  2  2  2  2  2  1  1  2  2  1  2  1  1  2  2  1  1  2  
926  2  2  2  2  1  2  1  2  2  2  2  1  1  2  1  2  1  1  1  1  
927  1  1  2  1  2  2  2  2  2  2  1  2  2  1  2  1  1  2  2  2  
928  2  1  2  1  2  1  1  1  2  1  1  2  2  2  2  1  2  1  2  2  
929  2  2  1  2  1  2  1  2  2  2  1  1  1  1  1  2  2  2  2  1  
930  1  1  2  2  2  1  2  2  1  1  2  2  2  1  2  2  2  1  1  2  
931  2  2  1  2  1  2  2  2  2  1  1  2  2  1  2  1  1  1  2  2  
932  2  2  2  1  2  1  2  2  1  1  2  2  2  1  2  1  1  1  2  1  
933  2  2  1  2  2  1  2  1  1  1  2  2  2  2  2  1  1  1  1  2  
934  2  1  2  1  2  1  2  2  1  1  1  1  1  1  2  1  1  2  1  1  
935  1  1  2  1  1  1  2  2  2  2  2  1  2  2  1  2  1  2  1  1  
936  2  2  1  2  1  1  1  1  2  1  2  1  1  1  1  1  2  2  1  2  
937  2  2  2  1  2  1  1  2  2  2  1  2  2  2  2  1  2  1  2  2  
938  1  2  2  1  1  2  1  1  1  2  1  2  2  1  1  2  1  1  2  2  
939  1  1  1  1  1  2  1  1  1  1  1  2  2  2  2  1  1  2  2  2  
940  2  1  2  1  1  1  2  2  2  2  2  2  2  2  1  2  1  1  1  1  
941  2  1  2  1  1  1  2  2  1  2  2  2  2  2  1  2  1  2  1  1  
942  1  2  1  2  1  2  2  1  2  1  1  2  1  1  1  2  2  1  1  1  
943  1  1  2  1  1  1  1  1  2  2  1  2  2  2  1  2  1  1  2  1  
944  1  1  2  2  2  1  2  2  2  2  1  2  2  2  1  1  2  1  2  2  
945  1  1  1  1  2  1  1  2  2  1  2  1  1  1  2  1  2  1  2  1  
946  1  2  1  2  1  2  2  1  1  1  1  2  1  2  2  2  1  2  1  1  
947  2  1  2  2  1  2  2  1  1  1  2  1  1  2  1  2  2  2  1  2  
948  2  2  1  2  1  1  1  1  2  1  2  1  1  2  2  2  2  1  1  1  
949  2  1  2  2  2  2  2  1  2  2  2  1  2  2  1  2  2  1  1  2  
950  2  2  2  1  1  1  1  2  1  2  1  2  2  1  2  1  2  1  1  1  
951  2  2  2  2  1  2  2  2  2  2  2  1  2  1  2  2  1  1  1  2  
952  1  2  2  1  2  1  1  2  2  2  2  1  1  2  1  1  2  2  2  2  
953  1  1  2  2  2  1  2  2  2  2  1  1  2  2  1  1  2  2  2  2  
954  1  1  2  1  1  1  1  1  2  2  1  1  2  2  1  1  1  1  2  1  
955  2  1  2  1  2  1  2  1  1  2  1  2  2  1  2  2  1  2  2  2  
956  2  2  2  1  2  1  1  2  2  2  2  1  1  1  1  1  1  2  1  2  
957  2  2  1  2  1  1  1  2  2  2  2  1  1  1  1  2  2  1  1  2  
958  2  1  1  1  2  1  2  2  1  2  1  1  2  1  1  1  2  2  1  1  
959  2  1  1  2  1  2  1  2  1  1  2  1  1  2  2  2  2  1  2  1  
960  1  1  2  2  2  2  1  2  1  1  2  2  2  2  2  1  2  1  2  2  
961  1  2  2  1  2  2  1  1  2  2  2  2  1  1  2  1  1  1  1  2  
962  1  1  1  1  2  2  1  1  2  2  1  2  2  2  1  2  2  2  2  1  
963  2  2  2  1  2  1  2  2  1  1  2  2  2  1  2  2  2  1  2  1  
964  1  2  1  1  1  2  1  2  2  2  1  2  2  2  2  2  2  2  2  1  
965  2  1  2  1  1  1  2  2  2  1  2  2  1  2  1  1  1  2  1  1  
966  1  2  2  1  2  1  1  2  2  2  2  1  1  2  2  1  1  2  1  2  
967  1  1  2  1  2  2  2  1  2  1  2  2  1  1  2  1  1  1  2  2  
968  2  1  2  2  1  1  1  2  1  1  2  2  2  2  1  1  1  1  2  2  
969  2  2  1  2  2  1  2  1  1  2  1  1  2  2  2  1  1  2  2  2  
970  2  2  2  1  1  1  1  2  1  1  2  1  2  2  1  1  1  1  2  2  
971  2  2  1  1  1  1  1  2  2  1  2  2  1  1  1  1  2  2  1  2  
972  1  1  2  2  2  1  2  2  2  1  1  1  2  2  1  1  2  2  2  2  
973  1  2  1  1  2  1  1  2  1  2  1  1  1  1  1  2  2  1  2  1  
974  2  2  1  1  2  1  2  1  1  2  1  1  2  2  2  1  2  2  2  2  
975  2  2  2  1  2  1  2  2  1  1  2  2  1  1  2  2  2  1  2  1  
976  1  1  2  1  2  2  1  1  2  2  1  2  2  2  1  1  1  2  2  2  
977  2  2  1  2  1  1  1  2  2  1  2  1  2  1  1  1  2  1  1  2  
978  2  2  2  2  2  1  1  2  2  1  1  2  2  1  2  2  2  1  2  2  
979  2  2  1  2  2  1  1  2  2  1  2  1  1  1  1  1  1  2  1  2  
980  1  2  1  2  1  2  1  2  1  1  2  2  1  2  2  1  1  2  1  2  
981  1  2  2  2  1  2  2  1  2  2  2  2  1  1  1  1  1  2  1  1  
982  2  1  2  2  2  2  2  1  1  2  2  1  2  1  1  1  2  1  1  2  
983  2  2  2  1  2  1  1  2  1  2  1  2  2  2  2  1  2  1  2  2  
984  1  1  2  1  2  2  2  1  2  2  1  2  1  1  2  1  2  2  1  1  
985  2  1  1  2  1  2  2  1  1  1  1  2  2  1  1  2  1  2  1  2  
986  2  1  1  2  2  1  1  1  1  2  1  1  2  2  2  1  1  2  2  2  
987  1  2  2  1  2  1  1  1  2  2  2  1  1  2  1  1  1  2  1  2  
988  2  2  1  2  2  1  1  1  1  2  2  1  2  2  2  1  2  2  2  2  
989  1  2  1  1  1  2  1  2  1  2  1  2  1  2  2  2  1  2  1  2  
990  2  1  1  2  2  2  2  1  1  1  1  2  2  1  1  2  1  1  1  2  
991  2  1  2  1  1  1  1  2  2  1  2  1  2  2  1  1  1  1  2  2  
992  1  2  1  1  2  1  2  2  2  1  1  2  2  1  2  2  2  1  2  1  
993  1  1  1  1  1  1  2  1  2  2  2  1  2  2  1  2  1  2  1  2  
994  2  1  1  1  1  2  1  2  1  1  1  2  2  2  2  2  2  2  1  1  
995  2  1  1  1  1  1  2  2  2  2  1  2  1  1  1  2  2  2  2  1  
996  2  1  2  2  1  2  2  2  2  2  2  1  1  1  1  2  1  1  1  1  
997  2  1  2  2  2  2  2  2  1  2  2  1  2  1  1  2  2  1  1  2  
998  2  2  2  1  2  1  2  2  1  1  2  2  2  1  2  2  2  1  2  1  
999  1  1  2  2  2  2  1  1  1  1  1  1  2  1  2  2  2  1  2  1  
1000  1  2  1  2  1  2  1  2  1  1  1  2  1  2  2  2  1  2  1  1  
