1	343
1	651
1	690
1	715
1	984
2	47
2	266
2	669
2	729
2	990
3	586
3	724
3	746
3	850
3	977
4	826
4	844
4	894
4	920
4	976
5	517
5	750
5	822
5	925
5	949
6	407
6	561
6	909
6	958
6	969
7	280
7	378
7	590
7	623
7	826
8	544
8	896
8	922
8	925
8	997
9	175
9	871
9	923
9	927
9	936
10	714
10	737
10	932
10	976
10	998
11	350
11	506
11	718
11	786
11	919
12	423
12	497
12	752
12	969
12	988
13	80
13	662
13	856
13	912
13	963
14	770
14	842
14	859
14	954
14	956
15	360
15	795
15	814
15	840
15	948
16	682
16	881
16	894
16	936
16	957
17	716
17	750
17	803
17	857
17	992
18	467
18	554
18	901
18	981
18	992
19	271
19	517
19	759
19	972
19	986
20	260
20	733
20	764
20	918
20	985
21	157
21	464
21	862
21	899
21	906
22	388
22	400
22	538
22	780
22	933
23	284
23	310
23	588
23	765
23	887
24	74
24	90
24	695
24	766
24	853
25	157
25	453
25	578
25	695
25	968
26	525
26	670
26	864
26	890
26	920
27	435
27	681
27	699
27	768
27	902
28	635
28	766
28	848
28	919
28	997
29	682
29	724
29	789
29	813
29	961
30	172
30	221
30	315
30	827
30	983
31	599
31	682
31	705
31	869
31	923
32	554
32	767
32	795
32	941
32	955
33	323
33	343
33	529
33	891
33	942
34	648
34	698
34	793
34	882
34	932
35	152
35	560
35	933
35	963
35	995
36	164
36	551
36	675
36	953
36	996
37	238
37	259
37	550
37	836
37	948
38	163
38	581
38	744
38	830
38	985
39	272
39	612
39	614
39	858
39	991
40	234
40	390
40	789
40	803
40	967
41	181
41	473
41	631
41	853
41	959
42	73
42	647
42	680
42	687
42	920
43	191
43	490
43	847
43	920
43	964
44	500
44	728
44	934
44	978
44	980
45	408
45	736
45	877
45	898
45	1000
46	347
46	536
46	632
46	755
46	920
47	2
47	385
47	841
47	993
47	997
48	436
48	496
48	655
48	921
48	947
49	872
49	878
49	894
49	936
49	957
50	145
50	701
50	869
50	887
50	967
51	274
51	327
51	676
51	679
51	784
52	608
52	921
52	933
52	974
52	988
53	310
53	558
53	794
53	915
53	954
54	561
54	633
54	656
54	801
54	814
55	722
55	815
55	867
55	914
55	980
56	641
56	780
56	862
56	865
56	915
57	88
57	772
57	912
57	921
57	950
58	764
58	792
58	901
58	949
58	981
59	687
59	757
59	761
59	905
59	968
60	416
60	626
60	914
60	950
60	969
61	768
61	881
61	893
61	929
61	986
62	704
62	789
62	868
62	881
62	966
63	673
63	812
63	868
63	936
63	966
64	529
64	571
64	720
64	917
64	977
65	268
65	814
65	832
65	851
65	993
66	201
66	255
66	270
66	828
66	1000
67	422
67	673
67	754
67	859
67	879
68	425
68	465
68	821
68	909
68	948
69	175
69	250
69	682
69	918
69	997
70	371
70	617
70	806
70	936
70	946
71	414
71	693
71	885
71	953
71	964
72	365
72	763
72	784
72	886
72	943
73	42
73	187
73	468
73	518
73	964
74	24
74	326
74	765
74	780
74	1000
75	657
75	728
75	729
75	889
75	985
76	348
76	688
76	885
76	948
76	998
77	281
77	497
77	550
77	578
77	931
78	93
78	625
78	786
78	924
78	966
79	136
79	470
79	614
79	628
79	786
80	13
80	492
80	576
80	731
80	787
81	446
81	665
81	875
81	947
81	951
82	685
82	751
82	752
82	892
82	957
83	592
83	663
83	822
83	877
83	881
84	152
84	629
84	892
84	961
84	974
85	205
85	448
85	629
85	830
85	925
86	119
86	726
86	766
86	823
86	987
87	182
87	579
87	613
87	830
87	910
88	57
88	118
88	318
88	968
88	991
89	637
89	859
89	950
89	960
89	983
90	24
90	327
90	751
90	921
90	954
91	468
91	574
91	720
91	829
91	899
92	116
92	382
92	507
92	968
92	1000
93	78
93	208
93	350
93	786
93	945
94	288
94	607
94	812
94	862
94	913
95	459
95	523
95	657
95	755
95	942
96	468
96	552
96	722
96	867
96	986
97	605
97	737
97	930
97	986
97	988
98	286
98	485
98	535
98	658
98	818
99	292
99	595
99	924
99	976
99	987
100	160
100	237
100	888
100	899
100	995
101	495
101	703
101	754
101	885
101	996
102	497
102	704
102	777
102	978
102	985
103	581
103	761
103	786
103	921
103	990
104	609
104	849
104	886
104	961
104	967
105	574
105	792
105	870
105	917
105	948
106	109
106	640
106	776
106	781
106	818
107	162
107	298
107	629
107	755
107	762
108	110
108	355
108	415
108	807
108	977
109	106
109	647
109	673
109	791
109	804
110	108
110	707
110	839
110	960
110	982
111	123
111	430
111	454
111	633
111	988
112	792
112	825
112	902
112	935
112	956
113	208
113	714
113	716
113	912
113	994
114	401
114	529
114	742
114	839
114	884
115	779
115	782
115	796
115	814
115	988
116	92
116	646
116	846
116	926
116	966
117	851
117	912
117	916
117	992
117	998
118	88
118	188
118	835
118	890
118	908
119	86
119	401
119	828
119	931
119	996
120	253
120	303
120	418
120	699
120	747
121	694
121	731
121	928
121	981
121	992
122	406
122	798
122	843
122	949
122	982
123	111
123	142
123	231
123	399
123	964
124	327
124	541
124	970
124	987
124	988
125	364
125	799
125	840
125	974
125	988
126	547
126	630
126	827
126	992
126	994
127	486
127	827
127	850
127	868
127	937
128	663
128	787
128	958
128	961
128	962
129	293
129	555
129	674
129	840
129	963
130	647
130	670
130	687
130	705
130	722
131	754
131	797
131	842
131	974
131	988
132	373
132	546
132	655
132	857
132	879
133	273
133	543
133	552
133	667
133	847
134	658
134	769
134	792
134	804
134	966
135	726
135	732
135	796
135	816
135	828
136	79
136	206
136	241
136	447
136	568
137	286
137	359
137	371
137	798
137	997
138	480
138	548
138	869
138	927
138	955
139	552
139	683
139	784
139	792
139	818
140	529
140	974
140	980
140	986
140	988
141	355
141	419
141	717
141	726
141	911
142	123
142	312
142	762
142	836
142	897
143	738
143	865
143	906
143	989
143	1000
144	399
144	488
144	573
144	809
144	880
145	50
145	372
145	717
145	961
145	978
146	391
146	396
146	648
146	895
146	915
147	357
147	511
147	698
147	885
147	914
148	488
148	568
148	584
148	595
148	924
149	647
149	725
149	794
149	803
149	855
150	189
150	198
150	464
150	626
150	752
151	334
151	770
151	794
151	943
151	951
152	35
152	84
152	904
152	937
152	999
153	627
153	738
153	853
153	908
153	945
154	618
154	843
154	974
154	985
154	986
155	252
155	706
155	859
155	996
155	999
156	490
156	512
156	949
156	964
156	985
157	21
157	25
157	837
157	953
157	983
158	677
158	719
158	915
158	946
158	986
159	448
159	620
159	754
159	913
159	964
160	100
160	825
160	884
160	922
160	995
161	298
161	311
161	733
161	832
161	965
162	107
162	566
162	744
162	898
162	931
163	38
163	329
163	822
163	874
163	978
164	36
164	175
164	689
164	778
164	973
165	408
165	666
165	787
165	927
165	939
166	315
166	590
166	924
166	933
166	961
167	709
167	776
167	792
167	873
167	884
168	613
168	809
168	906
168	981
168	988
169	446
169	888
169	910
169	940
169	995
170	756
170	865
170	960
170	980
170	989
171	526
171	631
171	876
171	917
171	999
172	30
172	880
172	882
172	911
172	966
173	538
173	661
173	857
173	891
173	983
174	445
174	499
174	620
174	741
174	855
175	9
175	69
175	164
175	454
175	967
176	369
176	501
176	596
176	754
176	785
177	639
177	729
177	758
177	882
177	886
178	221
178	828
178	892
178	910
178	970
179	596
179	659
179	662
179	708
179	851
180	416
180	522
180	584
180	636
180	761
181	41
181	656
181	707
181	748
181	761
182	87
182	399
182	469
182	513
182	673
183	510
183	712
183	790
183	847
183	963
184	512
184	662
184	681
184	893
184	990
185	412
185	735
185	865
185	883
185	965
186	280
186	425
186	615
186	642
186	934
187	73
187	392
187	543
187	856
187	962
188	118
188	387
188	509
188	835
188	890
189	150
189	742
189	880
189	926
189	951
190	423
190	642
190	728
190	909
190	931
191	43
191	688
191	750
191	856
191	979
192	300
192	620
192	717
192	946
192	975
193	282
193	540
193	936
193	967
193	971
194	527
194	606
194	620
194	877
194	893
195	326
195	587
195	897
195	919
195	978
196	237
196	478
196	777
196	950
196	958
197	560
197	580
197	660
197	776
197	935
197	995
198	150
198	228
198	239
198	862
198	921
198	978
199	379
199	495
199	687
199	814
199	885
199	916
200	214
200	874
200	921
200	958
200	983
200	987
201	66
201	667
201	792
201	871
201	894
201	921
202	571
202	773
202	795
202	864
202	908
202	996
203	533
203	707
203	712
203	848
203	929
203	960
204	665
204	739
204	756
204	793
204	829
204	907
205	85
205	713
205	849
205	878
205	900
205	947
206	136
206	596
206	648
206	713
206	808
206	818
207	451
207	510
207	660
207	840
207	935
207	970
208	93
208	113
208	478
208	718
208	736
208	880
209	545
209	590
209	714
209	771
209	780
209	849
210	289
210	322
210	600
210	810
210	954
210	971
211	668
211	697
211	730
211	737
211	831
211	939
212	327
212	533
212	545
212	571
212	651
212	1000
213	296
213	442
213	796
213	870
213	934
213	942
214	200
214	458
214	787
214	861
214	899
214	964
215	297
215	737
215	917
215	968
215	971
215	991
216	222
216	269
216	664
216	713
216	827
216	871
217	227
217	555
217	714
217	766
217	773
217	831
218	295
218	453
218	494
218	750
218	755
218	830
219	236
219	289
219	674
219	726
219	766
219	887
220	655
220	782
220	927
220	945
220	976
220	984
221	30
221	178
221	507
221	905
221	950
221	995
222	216
222	698
222	784
222	833
222	844
222	941
223	381
223	721
223	797
223	886
223	959
223	962
224	689
224	915
224	929
224	943
224	993
224	995
225	274
225	452
225	747
225	796
225	935
225	994
226	586
226	800
226	821
226	909
226	959
226	992
227	217
227	772
227	858
227	875
227	942
227	978
228	198
228	548
228	783
228	804
228	868
228	987
229	450
229	506
229	547
229	741
229	882
229	952
230	650
230	866
230	915
230	923
230	952
230	987
231	123
231	371
231	873
231	909
231	917
231	962
232	273
232	635
232	868
232	928
232	978
232	989
233	315
233	348
233	405
233	488
233	718
233	864
234	40
234	614
234	862
234	924
234	967
234	999
235	682
235	786
235	914
235	917
235	962
235	970
236	219
236	453
236	705
236	910
236	913
236	931
237	100
237	196
237	638
237	863
237	880
237	983
238	37
238	691
238	815
238	818
238	993
238	998
239	198
239	314
239	446
239	624
239	805
239	952
240	491
240	507
240	627
240	952
240	956
240	994
241	136
241	637
241	699
241	881
241	956
241	981
242	546
242	589
242	621
242	839
242	902
242	924
243	441
243	503
243	785
243	854
243	933
243	969
244	394
244	666
244	757
244	773
244	883
244	907
245	251
245	314
245	810
245	824
245	825
245	966
246	294
246	641
246	757
246	761
246	766
246	991
247	329
247	594
247	721
247	880
247	896
247	983
248	568
248	578
248	623
248	669
248	963
248	999
249	375
249	486
249	587
249	594
249	948
249	980
250	69
250	339
250	640
250	649
250	882
250	941
251	245
251	442
251	472
251	852
251	890
251	920
252	155
252	541
252	817
252	843
252	978
252	990
253	120
253	604
253	664
253	989
253	994
253	999
254	362
254	508
254	547
254	777
254	814
254	817
255	66
255	650
255	652
255	804
255	846
255	952
256	308
256	672
256	715
256	831
256	861
256	939
257	477
257	771
257	857
257	930
257	988
257	993
258	505
258	664
258	767
258	895
258	963
258	965
259	37
259	604
259	642
259	741
259	934
259	950
260	20
260	544
260	742
260	805
260	851
260	927
261	309
261	415
261	468
261	655
261	691
261	958
262	764
262	790
262	796
262	886
262	899
262	935
263	391
263	648
263	660
263	727
263	787
263	939
264	289
264	465
264	551
264	844
264	926
264	993
265	586
265	770
265	900
265	916
265	951
265	975
266	2
266	496
266	619
266	744
266	806
266	839
267	575
267	671
267	685
267	952
267	973
267	995
268	65
268	294
268	439
268	588
268	728
268	963
269	216
269	346
269	386
269	779
269	847
269	990
270	66
270	766
270	818
270	931
270	947
270	958
271	19
271	319
271	793
271	838
271	944
271	971
272	39
272	436
272	731
272	742
272	764
272	919
273	133
273	232
273	536
273	671
273	676
273	853
274	51
274	225
274	625
274	833
274	879
274	903
275	402
275	449
275	542
275	847
275	903
275	937
276	506
276	560
276	620
276	914
276	953
276	964
277	653
277	687
277	849
277	863
277	945
277	974
278	474
278	483
278	836
278	840
278	910
278	924
279	360
279	621
279	694
279	865
279	946
279	976
280	7
280	186
280	617
280	691
280	910
280	956
281	77
281	298
281	497
281	538
281	572
281	781
282	193
282	283
282	611
282	646
282	846
282	991
283	282
283	346
283	466
283	847
283	930
283	978
284	23
284	487
284	634
284	658
284	765
284	911
285	520
285	576
285	768
285	850
285	899
285	925
286	98
286	137
286	547
286	745
286	821
286	948
287	547
287	669
287	680
287	813
287	819
287	846
288	94
288	418
288	554
288	614
288	814
288	951
289	210
289	219
289	264
289	548
289	944
289	955
290	332
290	512
290	630
290	682
290	787
290	901
291	296
291	582
291	629
291	641
291	675
291	910
292	99
292	391
292	618
292	691
292	805
292	949
293	129
293	358
293	640
293	798
293	837
293	985
294	246
294	268
294	556
294	809
294	912
294	975
295	218
295	404
295	417
295	759
295	838
295	990
296	213
296	291
296	484
296	684
296	752
296	983
297	215
297	487
297	514
297	669
297	846
297	925
298	107
298	161
298	281
298	423
298	780
298	828
299	725
299	870
299	885
299	914
299	924
299	945
300	192
300	691
300	824
300	982
300	992
300	998
301	316
301	729
301	797
301	819
301	889
301	965
302	303
302	435
302	478
302	561
302	693
302	801
303	120
303	302
303	782
303	832
303	854
303	969
304	525
304	627
304	633
304	663
304	765
304	888
305	392
305	754
305	917
305	941
305	959
305	990
306	623
306	624
306	723
306	944
306	970
306	991
307	597
307	754
307	865
307	882
307	917
307	948
308	256
308	483
308	586
308	778
308	903
308	999
309	261
309	340
309	593
309	634
309	820
309	840
310	23
310	53
310	402
310	461
310	770
310	954
311	161
311	543
311	578
311	770
311	863
311	945
312	142
312	393
312	681
312	893
312	919
312	990
313	560
313	587
313	628
313	719
313	932
313	984
314	239
314	245
314	540
314	647
314	686
314	989
315	30
315	166
315	233
315	454
315	522
315	621
316	301
316	422
316	444
316	558
316	839
316	957
317	424
317	448
317	631
317	671
317	842
317	927
318	88
318	521
318	684
318	922
318	998
318	1000
319	271
319	390
319	814
319	894
319	935
319	976
320	329
320	691
320	852
320	897
320	909
320	981
321	764
321	822
321	825
321	918
321	942
321	969
322	210
322	363
322	388
322	760
322	866
322	967
323	33
323	692
323	730
323	875
323	916
323	948
324	332
324	688
324	739
324	912
324	992
324	1000
325	736
325	861
325	903
325	938
325	943
325	968
326	74
326	195
326	876
326	920
326	946
326	1000
327	51
327	90
327	124
327	212
327	733
327	986
328	458
328	549
328	837
328	841
328	938
328	998
329	163
329	247
329	320
329	425
329	812
329	879
330	402
330	515
330	783
330	858
330	918
330	988
331	595
331	689
331	842
331	949
331	982
331	997
332	290
332	324
332	395
332	446
332	877
332	893
333	455
333	598
333	760
333	811
333	947
333	994
334	151
334	537
334	905
334	929
334	943
334	991
335	376
335	403
335	553
335	654
335	837
335	953
336	552
336	874
336	893
336	896
336	901
336	981
337	525
337	634
337	661
337	852
337	860
337	958
338	579
338	661
338	857
338	858
338	960
338	992
339	250
339	413
339	767
339	779
339	884
339	991
340	309
340	453
340	585
340	843
340	964
340	985
341	342
341	348
341	612
341	680
341	748
341	931
341	968
342	341
342	443
342	719
342	847
342	877
342	953
342	972
343	1
343	33
343	472
343	652
343	788
343	946
343	985
344	484
344	670
344	724
344	834
344	839
344	863
344	890
345	681
345	718
345	888
345	922
345	945
345	958
345	963
346	269
346	283
346	763
346	803
346	901
346	913
346	938
347	46
347	368
347	489
347	725
347	885
347	887
347	962
348	76
348	233
348	341
348	809
348	844
348	910
348	927
349	450
349	570
349	611
349	668
349	889
349	952
349	956
350	11
350	93
350	414
350	655
350	787
350	819
350	856
351	429
351	522
351	531
351	657
351	755
351	838
351	915
352	602
352	678
352	735
352	795
352	875
352	901
352	908
353	425
353	657
353	847
353	875
353	908
353	910
353	916
354	370
354	433
354	551
354	719
354	743
354	875
354	935
355	108
355	141
355	883
355	893
355	905
355	921
355	950
356	462
356	486
356	631
356	713
356	821
356	878
356	928
357	147
357	366
357	387
357	646
357	762
357	841
357	880
358	293
358	420
358	833
358	845
358	935
358	968
358	989
359	137
359	643
359	703
359	793
359	802
359	821
359	909
360	15
360	279
360	425
360	524
360	846
360	970
360	1000
361	462
361	811
361	940
361	949
361	978
361	982
361	997
362	254
362	679
362	739
362	805
362	834
362	849
362	924
363	322
363	548
363	751
363	935
363	951
363	984
363	996
364	125
364	409
364	604
364	698
364	866
364	894
364	916
365	72
365	504
365	721
365	761
365	899
365	939
365	999
366	357
366	666
366	759
366	861
366	931
366	939
366	982
367	416
367	612
367	806
367	846
367	854
367	949
367	968
368	347
368	643
368	715
368	801
368	851
368	856
368	918
369	176
369	553
369	785
369	820
369	837
369	848
369	974
370	354
370	562
370	636
370	733
370	901
370	932
370	963
371	70
371	137
371	231
371	605
371	671
371	701
371	821
372	145
372	404
372	487
372	606
372	765
372	887
372	905
373	132
373	720
373	733
373	839
373	930
373	950
373	987
374	377
374	419
374	752
374	774
374	821
374	973
374	993
375	249
375	427
375	454
375	797
375	800
375	852
375	959
376	335
376	530
376	618
376	794
376	898
376	936
376	961
377	374
377	653
377	688
377	774
377	870
377	936
377	961
378	7
378	513
378	738
378	847
378	867
378	924
378	964
379	199
379	635
379	756
379	770
379	816
379	855
379	898
380	409
380	428
380	549
380	668
380	673
380	944
380	994
381	223
381	502
381	567
381	700
381	713
381	836
381	971
382	92
382	541
382	857
382	874
382	891
382	905
382	930
383	483
383	520
383	745
383	855
383	867
383	879
383	980
384	663
384	719
384	730
384	732
384	794
384	832
384	889
385	47
385	388
385	460
385	565
385	762
385	950
385	984
386	269
386	638
386	829
386	831
386	857
386	944
386	972
387	188
387	357
387	742
387	851
387	858
387	887
387	919
388	22
388	322
388	385
388	799
388	833
388	845
388	969
389	393
389	516
389	540
389	622
389	679
389	793
389	969
390	40
390	319
390	760
390	912
390	927
390	976
390	984
391	146
391	263
391	292
391	757
391	759
391	874
391	939
392	187
392	305
392	441
392	532
392	701
392	711
392	915
393	312
393	389
393	460
393	480
393	505
393	867
393	981
394	244
394	759
394	797
394	906
394	907
394	973
394	977
395	332
395	443
395	591
395	701
395	879
395	948
395	962
396	146
396	548
396	702
396	756
396	944
396	955
396	972
397	424
397	710
397	753
397	869
397	874
397	889
397	977
398	590
398	695
398	713
398	870
398	929
398	936
398	965
399	123
399	144
399	182
399	521
399	834
399	864
399	968
400	22
400	740
400	777
400	832
400	833
400	853
400	950
401	114
401	119
401	742
401	836
401	990
401	992
401	993
402	275
402	310
402	330
402	658
402	660
402	987
402	997
403	335
403	405
403	667
403	793
403	829
403	925
403	978
404	295
404	372
404	714
404	716
404	822
404	945
404	998
405	233
405	403
405	645
405	712
405	816
405	855
405	898
406	122
406	441
406	516
406	667
406	711
406	809
406	994
407	6
407	543
407	765
407	943
407	947
407	948
407	949
408	45
408	165
408	448
408	859
408	943
408	980
408	988
409	364
409	380
409	470
409	636
409	774
409	842
409	866
410	477
410	523
410	720
410	858
410	891
410	962
410	969
411	510
411	654
411	881
411	893
411	901
411	944
411	973
412	185
412	639
412	683
412	686
412	783
412	902
412	940
413	339
413	521
413	535
413	649
413	748
413	832
413	898
414	71
414	350
414	476
414	885
414	902
414	962
414	998
415	108
415	261
415	664
415	710
415	779
415	807
415	872
416	60
416	180
416	367
416	527
416	612
416	623
416	925
417	295
417	431
417	575
417	675
417	822
417	995
417	1000
418	120
418	288
418	776
418	788
418	951
418	977
418	978
419	141
419	374
419	500
419	560
419	734
419	909
419	982
420	358
420	445
420	545
420	547
420	826
420	849
420	989
421	469
421	718
421	722
421	744
421	783
421	888
421	1000
422	67
422	316
422	667
422	860
422	884
422	932
422	975
423	12
423	190
423	298
423	446
423	604
423	694
423	870
424	317
424	397
424	484
424	734
424	929
424	968
424	973
425	68
425	186
425	329
425	353
425	360
425	665
425	996
426	428
426	620
426	765
426	846
426	849
426	892
426	923
427	375
427	733
427	868
427	937
427	974
427	987
427	988
428	380
428	426
428	487
428	569
428	589
428	923
428	933
429	351
429	432
429	477
429	900
429	947
429	997
429	1000
430	111
430	560
430	595
430	788
430	910
430	924
430	978
431	417
431	484
431	730
431	882
431	973
431	987
431	995
432	429
432	638
432	794
432	851
432	896
432	918
432	993
433	354
433	912
433	962
433	963
433	992
433	997
433	998
434	480
434	720
434	758
434	900
434	934
434	943
434	960
435	27
435	302
435	534
435	740
435	883
435	955
435	995
436	48
436	272
436	677
436	715
436	785
436	949
436	955
437	561
437	764
437	862
437	879
437	887
437	892
437	967
438	493
438	559
438	629
438	751
438	786
438	828
438	878
439	268
439	474
439	486
439	518
439	604
439	641
439	986
440	656
440	685
440	689
440	791
440	855
440	883
440	976
441	243
441	392
441	406
441	896
441	923
441	924
441	994
441	996
442	213
442	251
442	790
442	791
442	825
442	835
442	841
442	878
443	342
443	395
443	756
443	861
443	864
443	944
443	972
443	974
444	316
444	504
444	555
444	799
444	871
444	928
444	952
444	978
445	174
445	420
445	700
445	770
445	816
445	846
445	849
445	896
446	81
446	169
446	239
446	332
446	423
446	483
446	805
446	848
447	136
447	480
447	651
447	710
447	777
447	839
447	891
447	971
448	85
448	159
448	317
448	408
448	506
448	735
448	816
448	890
449	275
449	676
449	750
449	759
449	777
449	907
449	924
449	939
450	229
450	349
450	648
450	662
450	677
450	882
450	987
450	996
451	207
451	463
451	660
451	762
451	877
451	895
451	914
451	993
452	225
452	573
452	788
452	876
452	887
452	903
452	993
452	994
453	25
453	218
453	236
453	340
453	521
453	673
453	863
453	879
454	111
454	175
454	315
454	375
454	563
454	768
454	834
454	924
455	333
455	625
455	697
455	828
455	902
455	911
455	992
455	999
456	670
456	791
456	824
456	842
456	893
456	894
456	967
456	984
457	469
457	536
457	727
457	732
457	910
457	944
457	952
457	999
458	214
458	328
458	517
458	668
458	808
458	845
458	888
458	993
459	95
459	575
459	585
459	620
459	676
459	678
459	843
459	990
460	385
460	393
460	495
460	544
460	659
460	881
460	943
460	981
461	310
461	530
461	593
461	638
461	696
461	880
461	927
461	958
462	356
462	361
462	694
462	751
462	835
462	919
462	934
462	949
463	451
463	655
463	723
463	758
463	900
463	904
463	909
463	982
464	21
464	150
464	601
464	723
464	769
464	947
464	966
464	997
465	68
465	264
465	503
465	678
465	835
465	875
465	926
465	969
466	283
466	612
466	751
466	874
466	921
466	928
466	947
466	963
467	18
467	601
467	610
467	652
467	681
467	744
467	939
467	981
468	73
468	91
468	96
468	261
468	633
468	877
468	959
468	995
469	182
469	421
469	457
469	507
469	611
469	679
469	868
469	987
470	79
470	409
470	501
470	520
470	563
470	661
470	673
470	946
471	540
471	541
471	583
471	708
471	869
471	872
471	916
471	931
472	251
472	343
472	555
472	825
472	873
472	878
472	904
472	984
473	41
473	707
473	754
473	852
473	864
473	879
473	898
473	936
474	278
474	439
474	518
474	629
474	665
474	731
474	912
474	919
475	596
475	703
475	734
475	785
475	866
475	908
475	926
475	951
476	414
476	619
476	644
476	745
476	773
476	830
476	915
476	980
477	257
477	410
477	429
477	515
477	557
477	876
477	960
477	989
478	196
478	208
478	302
478	538
478	634
478	756
478	921
478	928
479	539
479	623
479	761
479	891
479	946
479	968
479	970
479	983
480	138
480	393
480	434
480	447
480	494
480	546
480	720
480	998
481	528
481	626
481	750
481	887
481	925
481	965
481	973
481	997
482	524
482	618
482	725
482	758
482	913
482	938
482	952
482	995
483	278
483	308
483	383
483	446
483	624
483	659
483	795
483	924
484	296
484	344
484	424
484	431
484	577
484	689
484	745
484	954
485	98
485	654
485	811
485	868
485	876
485	948
485	997
485	999
486	127
486	249
486	356
486	439
486	635
486	713
486	887
486	921
487	284
487	297
487	372
487	428
487	492
487	599
487	703
487	923
488	144
488	148
488	233
488	561
488	613
488	685
488	764
488	966
489	347
489	582
489	812
489	859
489	923
489	961
489	967
489	987
490	43
490	156
490	649
490	762
490	962
490	964
490	977
490	997
491	240
491	522
491	643
491	644
491	753
491	922
491	943
491	1000
492	80
492	487
492	615
492	734
492	760
492	831
492	973
492	995
493	438
493	682
493	812
493	869
493	887
493	957
493	967
493	983
494	218
494	480
494	542
494	631
494	791
494	810
494	907
494	976
495	101
495	199
495	460
495	623
495	837
495	867
495	951
495	996
496	48
496	266
496	525
496	535
496	722
496	770
496	952
496	958
497	12
497	77
497	102
497	281
497	806
497	889
497	892
497	931
498	609
498	742
498	804
498	807
498	963
498	966
498	987
498	995
499	174
499	557
499	730
499	740
499	805
499	850
499	905
499	907
500	44
500	419
500	573
500	589
500	746
500	934
500	936
500	951
501	176
501	470
501	744
501	828
501	877
501	928
501	946
501	989
502	381
502	556
502	713
502	748
502	833
502	848
502	934
502	941
503	243
503	465
503	632
503	673
503	688
503	824
503	945
503	975
504	365
504	444
504	663
504	726
504	763
504	784
504	789
504	850
505	258
505	393
505	775
505	875
505	894
505	902
505	935
505	940
506	11
506	229
506	276
506	448
506	520
506	687
506	914
506	962
507	92
507	221
507	240
507	469
507	708
507	938
507	968
507	970
508	254
508	551
508	575
508	675
508	760
508	783
508	929
508	993
509	188
509	558
509	753
509	762
509	889
509	916
509	936
509	977
510	183
510	207
510	411
510	742
510	746
510	841
510	846
510	993
511	147
511	514
511	559
511	893
511	928
511	937
511	950
511	983
512	156
512	184
512	290
512	737
512	897
512	904
512	959
512	981
513	182
513	378
513	624
513	639
513	890
513	924
513	937
513	960
514	297
514	511
514	564
514	842
514	883
514	892
514	933
514	955
515	330
515	477
515	707
515	734
515	857
515	957
515	960
515	974
516	389
516	406
516	538
516	855
516	933
516	953
516	971
516	974
517	5
517	19
517	458
517	799
517	808
517	830
517	855
517	972
518	73
518	439
518	474
518	587
518	807
518	813
518	895
518	919
519	618
519	622
519	776
519	925
519	947
519	982
519	991
519	997
520	285
520	383
520	470
520	506
520	534
520	753
520	801
520	867
521	318
521	399
521	413
521	453
521	686
521	738
521	824
521	868
522	180
522	315
522	351
522	491
522	781
522	876
522	896
522	939
522	999
523	95
523	410
523	774
523	925
523	947
523	954
523	982
523	994
523	997
524	360
524	482
524	586
524	776
524	859
524	898
524	929
524	937
524	943
525	26
525	304
525	337
525	496
525	574
525	595
525	820
525	874
525	956
526	171
526	530
526	700
526	735
526	778
526	802
526	913
526	970
526	989
527	194
527	416
527	540
527	702
527	888
527	889
527	971
527	979
527	992
528	481
528	601
528	647
528	674
528	723
528	751
528	900
528	949
528	966
529	33
529	64
529	114
529	140
529	693
529	712
529	764
529	971
529	993
530	376
530	461
530	526
530	640
530	687
530	694
530	735
530	797
530	803
531	351
531	697
531	780
531	805
531	810
531	813
531	819
531	896
531	999
532	392
532	542
532	651
532	755
532	830
532	863
532	864
532	942
532	985
533	203
533	212
533	672
533	760
533	779
533	918
533	930
533	943
533	960
534	435
534	520
534	546
534	823
534	894
534	926
534	955
534	972
534	984
535	98
535	413
535	496
535	603
535	722
535	801
535	870
535	943
535	975
536	46
536	273
536	457
536	632
536	686
536	824
536	890
536	936
536	938
537	334
537	644
537	654
537	726
537	816
537	859
537	943
537	954
537	989
538	22
538	173
538	281
538	478
538	516
538	644
538	933
538	969
538	982
539	479
539	554
539	680
539	703
539	814
539	887
539	908
539	996
539	999
540	193
540	314
540	389
540	471
540	527
540	584
540	608
540	807
540	909
541	124
541	252
541	382
541	471
541	552
541	674
541	785
541	799
541	933
542	275
542	494
542	532
542	772
542	827
542	866
542	921
542	974
542	987
543	133
543	187
543	311
543	407
543	715
543	723
543	749
543	774
543	870
544	8
544	260
544	460
544	774
544	925
544	960
544	975
544	982
544	997
545	209
545	212
545	420
545	597
545	670
545	742
545	780
545	800
545	999
546	132
546	242
546	480
546	534
546	637
546	707
546	761
546	772
546	944
547	126
547	229
547	254
547	286
547	287
547	420
547	830
547	985
547	990
548	138
548	228
548	289
548	363
548	396
548	870
548	932
548	955
548	984
549	328
549	380
549	634
549	696
549	829
549	837
549	876
549	928
549	931
550	37
550	77
550	555
550	684
550	806
550	865
550	877
550	922
550	980
551	36
551	264
551	354
551	508
551	612
551	701
551	900
551	908
551	926
552	96
552	133
552	139
552	336
552	541
552	767
552	831
552	902
552	941
553	335
553	369
553	785
553	847
553	855
553	888
553	969
553	986
553	994
554	18
554	32
554	288
554	539
554	681
554	904
554	908
554	926
554	964
555	129
555	217
555	444
555	472
555	550
555	688
555	871
555	928
555	983
556	294
556	502
556	603
556	874
556	891
556	897
556	905
556	937
556	978
557	477
557	499
557	784
557	831
557	880
557	885
557	906
557	927
557	984
558	53
558	316
558	509
558	664
558	758
558	769
558	786
558	861
558	936
559	438
559	511
559	567
559	634
559	696
559	820
559	825
559	958
559	961
560	35
560	197
560	276
560	313
560	419
560	430
560	823
560	856
560	929
561	6
561	54
561	302
561	437
561	488
561	877
561	880
561	927
561	946
562	370
562	588
562	610
562	670
562	759
562	822
562	911
562	963
562	992
563	454
563	470
563	832
563	833
563	836
563	844
563	940
563	965
563	968
564	514
564	567
564	604
564	723
564	866
564	926
564	940
564	955
564	984
565	385
565	569
565	583
565	658
565	742
565	795
565	810
565	993
565	998
566	162
566	570
566	576
566	708
566	751
566	813
566	892
566	959
566	983
567	381
567	559
567	564
567	621
567	728
567	848
567	916
567	919
567	999
568	136
568	148
568	248
568	708
568	857
568	905
568	917
568	970
568	991
569	428
569	565
569	750
569	789
569	908
569	955
569	961
569	967
569	997
570	349
570	566
570	723
570	726
570	751
570	766
570	884
570	931
570	955
571	64
571	202
571	212
571	677
571	794
571	798
571	891
571	930
571	960
572	281
572	593
572	597
572	609
572	886
572	896
572	911
572	956
572	982
573	144
573	452
573	500
573	713
573	731
573	746
573	747
573	895
573	961
574	91
574	105
574	525
574	638
574	701
574	876
574	888
574	911
574	958
575	267
575	417
575	459
575	508
575	582
575	858
575	866
575	929
575	992
576	80
576	285
576	566
576	612
576	645
576	663
576	911
576	920
576	937
577	484
577	662
577	790
577	793
577	837
577	862
577	880
577	944
577	972
578	25
578	77
578	248
578	311
578	664
578	687
578	890
578	905
578	920
579	87
579	338
579	584
579	678
579	815
579	865
579	974
579	986
579	988
580	197
580	600
580	677
580	679
580	716
580	717
580	747
580	823
580	973
581	38
581	103
581	582
581	607
581	751
581	775
581	817
581	864
581	990
582	291
582	489
582	575
582	581
582	803
582	823
582	881
582	973
582	995
583	471
583	565
583	673
583	688
583	889
583	932
583	936
583	977
583	979
584	148
584	180
584	540
584	579
584	679
584	842
584	856
584	969
584	986
585	340
585	459
585	657
585	729
585	731
585	857
585	916
585	976
585	993
586	3
586	226
586	265
586	308
586	524
586	590
586	875
586	916
586	996
587	195
587	249
587	313
587	518
587	723
587	860
587	930
587	932
587	975
588	23
588	268
588	562
588	842
588	855
588	859
588	975
588	992
588	998
589	242
589	428
589	500
589	707
589	858
589	873
589	891
589	930
589	990
590	7
590	166
590	209
590	398
590	586
590	642
590	936
590	971
590	979
591	395
591	639
591	699
591	734
591	802
591	833
591	852
591	909
591	934
592	83
592	593
592	632
592	667
592	699
592	877
592	901
592	952
592	984
593	309
593	461
593	572
593	592
593	798
593	837
593	845
593	902
593	965
594	247
594	249
594	665
594	721
594	734
594	856
594	899
594	914
594	917
595	99
595	148
595	331
595	430
595	525
595	750
595	807
595	809
595	829
595	834
596	176
596	179
596	206
596	475
596	756
596	907
596	910
596	944
596	953
596	974
597	307
597	545
597	572
597	711
597	746
597	771
597	796
597	803
597	896
597	999
598	333
598	600
598	642
598	684
598	711
598	800
598	869
598	957
598	971
598	979
599	31
599	487
599	603
599	879
599	887
599	923
599	947
599	967
599	974
599	987
600	210
600	580
600	598
600	734
600	789
600	823
600	848
600	917
600	929
600	995
601	464
601	467
601	528
601	603
601	834
601	926
601	935
601	947
601	949
601	997
602	352
602	667
602	725
602	775
602	823
602	838
602	885
602	914
602	932
602	962
603	535
603	556
603	599
603	601
603	638
603	647
603	880
603	888
603	958
603	991
604	253
604	259
604	364
604	423
604	439
604	564
604	746
604	760
604	895
604	932
605	97
605	371
605	669
605	799
605	923
605	933
605	967
605	985
605	986
605	988
606	194
606	372
606	619
606	649
606	740
606	793
606	798
606	844
606	888
606	935
607	94
607	581
607	609
607	640
607	705
607	736
607	812
607	850
607	923
607	961
608	52
608	540
608	666
608	830
608	869
608	910
608	936
608	951
608	957
608	979
609	104
609	498
609	572
609	607
609	656
609	704
609	715
609	886
609	936
609	966
610	467
610	562
610	655
610	715
610	774
610	785
610	900
610	947
610	981
610	988
611	282
611	349
611	469
611	661
611	762
611	792
611	896
611	952
611	983
611	987
612	39
612	341
612	367
612	416
612	466
612	551
612	576
612	739
612	788
612	968
613	87
613	168
613	488
613	704
613	706
613	809
613	817
613	820
613	910
613	923
614	39
614	79
614	234
614	288
614	680
614	696
614	757
614	970
614	972
614	986
615	186
615	492
615	646
615	669
615	748
615	757
615	875
615	879
615	915
615	991
616	669
616	702
616	800
616	825
616	826
616	842
616	870
616	971
616	976
616	977
617	70
617	280
617	630
617	641
617	806
617	843
617	868
617	970
617	989
617	1000
618	154
618	292
618	376
618	482
618	519
618	675
618	735
618	913
618	954
618	955
619	266
619	476
619	606
619	661
619	684
619	717
619	795
619	821
619	980
619	992
620	159
620	174
620	192
620	194
620	276
620	426
620	459
620	770
620	938
620	943
621	242
621	279
621	315
621	567
621	661
621	826
621	867
621	918
621	957
621	989
622	389
622	519
622	626
622	753
622	804
622	870
622	936
622	957
622	977
622	979
623	7
623	248
623	306
623	416
623	479
623	495
623	846
623	887
623	894
623	959
624	239
624	306
624	483
624	513
624	805
624	850
624	924
624	933
624	956
624	957
625	78
625	274
625	455
625	735
625	803
625	862
625	903
625	904
625	915
625	992
626	60
626	150
626	481
626	622
626	748
626	804
626	874
626	897
626	909
626	937
627	153
627	240
627	304
627	651
627	758
627	868
627	872
627	886
627	943
627	956
628	79
628	313
628	739
628	822
628	892
628	947
628	970
628	971
628	975
628	998
629	84
629	85
629	107
629	291
629	438
629	474
629	633
629	685
629	908
629	931
630	126
630	290
630	617
630	729
630	808
630	838
630	843
630	864
630	934
630	962
631	41
631	171
631	317
631	356
631	494
631	721
631	810
631	866
631	920
631	984
632	46
632	503
632	536
632	592
632	724
632	738
632	815
632	819
632	824
632	928
633	54
633	111
633	304
633	468
633	629
633	696
633	722
633	842
633	951
633	975
634	284
634	309
634	337
634	478
634	549
634	559
634	637
634	652
634	801
634	967
635	28
635	232
635	379
635	486
635	638
635	694
635	724
635	875
635	932
635	934
636	180
636	370
636	409
636	641
636	665
636	744
636	847
636	849
636	989
636	1000
637	89
637	241
637	546
637	634
637	639
637	776
637	779
637	847
637	853
637	905
638	237
638	386
638	432
638	461
638	574
638	603
638	635
638	799
638	880
638	932
639	177
639	412
639	513
639	591
639	637
639	710
639	879
639	909
639	948
639	959
640	106
640	250
640	293
640	530
640	607
640	765
640	862
640	887
640	959
640	967
641	56
641	246
641	291
641	439
641	617
641	636
641	715
641	849
641	989
641	1000
642	186
642	190
642	259
642	590
642	598
642	867
642	895
642	934
642	976
642	981
643	359
643	368
643	491
643	725
643	775
643	853
643	907
643	920
643	962
643	964
644	476
644	491
644	537
644	538
644	648
644	745
644	826
644	846
644	867
644	987
645	405
645	576
645	666
645	710
645	719
645	721
645	784
645	787
645	880
645	977
646	116
646	282
646	357
646	615
646	656
646	708
646	751
646	863
646	949
646	970
647	42
647	109
647	130
647	149
647	314
647	528
647	603
647	718
647	829
647	863
648	34
648	146
648	206
648	263
648	450
648	644
648	656
648	698
648	825
648	944
649	250
649	413
649	490
649	606
649	741
649	782
649	860
649	898
649	906
649	940
650	230
650	255
650	759
650	802
650	859
650	886
650	911
650	932
650	968
650	987
651	1
651	212
651	447
651	532
651	627
651	857
651	858
651	890
651	904
651	930
652	255
652	343
652	467
652	634
652	654
652	659
652	863
652	877
652	949
652	981
653	277
653	377
653	703
653	769
653	784
653	816
653	852
653	870
653	889
653	979
654	335
654	411
654	485
654	537
654	652
654	681
654	690
654	737
654	768
654	881
654	898
655	48
655	132
655	220
655	261
655	350
655	463
655	610
655	722
655	763
655	925
655	982
656	54
656	181
656	440
656	609
656	646
656	648
656	829
656	866
656	927
656	976
656	984
657	75
657	95
657	351
657	353
657	585
657	712
657	913
657	960
657	977
657	985
657	990
658	98
658	134
658	284
658	402
658	565
658	815
658	895
658	902
658	918
658	962
658	993
659	179
659	460
659	483
659	652
659	699
659	856
659	901
659	924
659	954
659	973
659	981
660	197
660	207
660	263
660	402
660	451
660	815
660	841
660	898
660	977
660	983
660	993
661	173
661	337
661	338
661	470
661	611
661	619
661	621
661	709
661	753
661	863
661	865
662	13
662	179
662	184
662	450
662	577
662	668
662	851
662	904
662	944
662	953
662	961
663	83
663	128
663	304
663	384
663	504
663	576
663	682
663	763
663	831
663	942
663	992
664	216
664	253
664	258
664	415
664	558
664	578
664	778
664	781
664	811
664	994
664	999
665	81
665	204
665	425
665	474
665	594
665	636
665	743
665	789
665	875
665	946
665	951
666	165
666	244
666	366
666	608
666	645
666	763
666	832
666	868
666	907
666	981
666	996
667	133
667	201
667	403
667	406
667	422
667	592
667	602
667	772
667	773
667	835
667	937
668	211
668	349
668	380
668	458
668	662
668	672
668	782
668	881
668	944
668	964
668	972
669	2
669	248
669	287
669	297
669	605
669	615
669	616
669	681
669	748
669	827
669	970
670	26
670	130
670	344
670	456
670	545
670	562
670	791
670	835
670	861
670	945
670	965
671	267
671	273
671	317
671	371
671	762
671	815
671	836
671	841
671	851
671	885
671	918
672	256
672	533
672	668
672	698
672	709
672	808
672	829
672	939
672	953
672	966
672	972
673	63
673	67
673	109
673	182
673	380
673	453
673	470
673	503
673	583
673	738
673	945
674	129
674	219
674	528
674	541
674	737
674	823
674	877
674	881
674	893
674	901
674	981
675	36
675	291
675	417
675	508
675	618
675	689
675	830
675	874
675	892
675	901
675	995
676	51
676	273
676	449
676	459
676	763
676	764
676	771
676	821
676	831
676	906
676	946
677	158
677	436
677	450
677	571
677	580
677	778
677	811
677	876
677	882
677	904
677	979
678	352
678	459
678	465
678	579
678	697
678	706
678	743
678	854
678	866
678	942
678	996
679	51
679	362
679	389
679	469
679	580
679	584
679	785
679	933
679	981
679	982
679	986
680	42
680	287
680	341
680	539
680	614
680	685
680	869
680	900
680	949
680	970
680	991
681	27
681	184
681	312
681	345
681	467
681	554
681	654
681	669
681	692
681	901
681	964
682	16
682	29
682	31
682	69
682	235
682	290
682	493
682	663
682	814
682	961
682	965
683	139
683	412
683	689
683	741
683	798
683	873
683	883
683	929
683	935
683	941
683	975
684	296
684	318
684	550
684	598
684	619
684	717
684	781
684	830
684	922
684	980
684	1000
685	82
685	267
685	440
685	488
685	629
685	680
685	705
685	753
685	824
685	892
685	931
686	314
686	412
686	521
686	536
686	694
686	822
686	824
686	894
686	920
686	945
686	959
687	42
687	59
687	130
687	199
687	277
687	506
687	530
687	578
687	694
687	863
687	909
688	76
688	191
688	324
688	377
688	503
688	555
688	583
688	856
688	885
688	890
688	964
689	164
689	224
689	331
689	440
689	484
689	675
689	683
689	691
689	800
689	907
689	973
690	1
690	654
690	744
690	764
690	790
690	836
690	843
690	873
690	884
690	889
690	921
691	238
691	261
691	280
691	292
691	300
691	320
691	689
691	809
691	834
691	910
691	978
692	323
692	681
692	704
692	743
692	795
692	818
692	849
692	875
692	908
692	939
692	951
693	71
693	302
693	529
693	788
693	790
693	796
693	799
693	819
693	873
693	895
693	973
694	121
694	279
694	423
694	462
694	530
694	635
694	686
694	687
694	757
694	838
694	934
695	24
695	25
695	398
695	705
695	710
695	800
695	871
695	872
695	886
695	957
695	979
696	461
696	549
696	559
696	614
696	633
696	697
696	703
696	801
696	820
696	858
696	930
697	211
697	455
697	531
697	678
697	696
697	711
697	818
697	889
697	904
697	915
697	1000
698	34
698	147
698	222
698	364
698	648
698	672
698	780
698	829
698	873
698	972
698	984
699	27
699	120
699	241
699	591
699	592
699	659
699	826
699	877
699	881
699	973
699	981
700	381
700	445
700	526
700	798
700	855
700	859
700	888
700	897
700	954
700	963
700	988
701	50
701	371
701	392
701	395
701	551
701	574
701	852
701	879
701	923
701	948
701	989
702	396
702	527
702	616
702	768
702	793
702	856
702	957
702	971
702	977
702	979
702	1000
703	101
703	359
703	475
703	487
703	539
703	653
703	696
703	899
703	916
703	974
703	996
704	62
704	102
704	609
704	613
704	692
704	882
704	886
704	903
704	911
704	913
704	966
705	31
705	130
705	236
705	607
705	685
705	695
705	726
705	836
705	892
705	931
705	966
706	155
706	613
706	678
706	763
706	814
706	818
706	860
706	916
706	951
706	962
706	985
707	110
707	181
707	203
707	473
707	515
707	546
707	589
707	728
707	839
707	929
707	986
708	179
708	471
708	507
708	566
708	568
708	646
708	827
708	968
708	978
708	991
708	1000
709	167
709	661
709	672
709	774
709	797
709	809
709	826
709	922
709	946
709	991
709	1000
710	397
710	415
710	447
710	639
710	645
710	695
710	861
710	872
710	891
710	901
710	979
711	392
711	406
711	597
711	598
711	697
711	853
711	871
711	903
711	983
711	988
711	999
712	183
712	203
712	405
712	529
712	657
712	776
712	790
712	800
712	884
712	942
712	991
713	205
713	206
713	216
713	356
713	381
713	398
713	486
713	502
713	573
713	728
713	812
713	913
714	10
714	113
714	209
714	217
714	404
714	771
714	837
714	860
714	881
714	932
714	958
714	975
715	1
715	256
715	368
715	436
715	543
715	609
715	610
715	641
715	749
715	925
715	941
715	997
716	17
716	113
716	404
716	580
716	739
716	785
716	843
716	852
716	951
716	992
716	994
716	998
717	141
717	145
717	192
717	580
717	619
717	684
717	760
717	806
717	903
717	929
717	973
717	995
718	11
718	208
718	233
718	345
718	421
718	647
718	721
718	723
718	778
718	801
718	880
718	888
719	158
719	313
719	342
719	354
719	384
719	645
719	763
719	781
719	861
719	899
719	925
719	939
720	64
720	91
720	373
720	410
720	434
720	480
720	784
720	827
720	846
720	881
720	891
720	895
721	223
721	247
721	365
721	594
721	631
721	645
721	718
721	786
721	797
721	802
721	917
721	933
722	55
722	96
722	130
722	421
722	496
722	535
722	633
722	655
722	888
722	901
722	953
722	961
723	306
723	463
723	464
723	528
723	543
723	564
723	570
723	587
723	718
723	732
723	750
723	900
724	3
724	29
724	344
724	632
724	635
724	731
724	846
724	848
724	865
724	895
724	897
724	919
725	149
725	299
725	347
725	482
725	602
725	643
725	744
725	775
725	954
725	964
725	975
725	978
726	86
726	135
726	141
726	219
726	504
726	537
726	570
726	705
726	768
726	828
726	892
726	981
727	263
727	457
727	772
727	801
727	802
727	852
727	863
727	868
727	882
727	911
727	952
727	987
728	44
728	75
728	190
728	268
728	567
728	707
728	713
728	746
728	848
728	972
728	973
728	996
729	2
729	75
729	177
729	301
729	585
729	630
729	739
729	749
729	838
729	843
729	912
729	929
730	211
730	323
730	384
730	431
730	499
730	736
730	806
730	823
730	861
730	899
730	907
730	920
731	80
731	121
731	272
731	474
731	573
731	585
731	724
731	758
731	865
731	876
731	895
731	979
732	135
732	384
732	457
732	723
732	733
732	868
732	882
732	942
732	956
732	966
732	974
732	987
733	20
733	161
733	327
733	370
733	373
733	427
733	732
733	963
733	969
733	974
733	986
733	988
734	419
734	424
734	475
734	492
734	515
734	591
734	594
734	600
734	752
734	867
734	873
734	995
735	185
735	352
735	448
735	526
735	530
735	618
735	625
735	736
735	825
735	898
735	946
735	970
736	45
736	208
736	325
736	607
736	730
736	735
736	741
736	855
736	887
736	938
736	945
736	954
737	10
737	97
737	211
737	215
737	512
737	654
737	674
737	743
737	768
737	892
737	893
737	981
738	143
738	153
738	378
738	521
738	632
738	673
738	796
738	917
738	920
738	941
738	945
738	960
739	204
739	324
739	362
739	612
739	628
739	716
739	729
739	742
739	757
739	963
739	975
739	998
740	400
740	435
740	499
740	606
740	769
740	832
740	833
740	838
740	845
740	945
740	965
740	997
741	174
741	229
741	259
741	649
741	683
741	736
741	747
741	813
741	817
741	935
741	941
741	965
742	114
742	189
742	260
742	272
742	387
742	401
742	498
742	510
742	545
742	565
742	739
742	918
743	354
743	665
743	678
743	692
743	737
743	816
743	908
743	931
743	950
743	980
743	996
743	997
744	38
744	162
744	266
744	421
744	467
744	501
744	636
744	690
744	725
744	826
744	849
744	989
745	286
745	383
745	476
745	484
745	644
745	817
745	891
745	946
745	980
745	986
745	996
745	1000
746	3
746	500
746	510
746	573
746	597
746	604
746	728
746	800
746	890
746	895
746	927
746	975
747	120
747	225
747	573
747	580
747	741
747	825
747	854
747	878
747	884
747	897
747	908
747	942
748	181
748	341
748	413
748	502
748	615
748	626
748	669
748	772
748	901
748	968
748	970
748	989
749	543
749	715
749	729
749	815
749	841
749	871
749	884
749	916
749	925
749	947
749	949
749	982
750	5
750	17
750	191
750	218
750	449
750	481
750	569
750	595
750	723
750	804
750	949
750	982
750	997
751	82
751	90
751	363
751	438
751	462
751	466
751	528
751	566
751	570
751	581
751	646
751	875
751	931
752	12
752	82
752	150
752	296
752	374
752	734
752	773
752	823
752	929
752	959
752	960
752	995
752	1000
753	397
753	491
753	509
753	520
753	622
753	661
753	685
753	824
753	841
753	946
753	980
753	989
753	996
754	67
754	101
754	131
754	159
754	176
754	305
754	307
754	473
754	821
754	824
754	843
754	940
754	959
755	46
755	95
755	107
755	218
755	351
755	532
755	769
755	813
755	840
755	867
755	914
755	930
755	990
756	170
756	204
756	379
756	396
756	443
756	478
756	596
756	808
756	953
756	955
756	972
756	984
756	990
757	59
757	244
757	246
757	391
757	614
757	615
757	694
757	739
757	835
757	914
757	965
757	970
757	991
758	177
758	434
758	463
758	482
758	558
758	627
758	731
758	804
758	852
758	886
758	911
758	956
758	966
759	19
759	295
759	366
759	391
759	394
759	449
759	562
759	650
759	784
759	848
759	900
759	907
759	939
760	322
760	333
760	390
760	492
760	508
760	533
760	604
760	717
760	767
760	823
760	929
760	979
760	995
761	59
761	103
761	180
761	181
761	246
761	365
761	479
761	546
761	805
761	968
761	975
761	991
761	994
762	107
762	142
762	357
762	385
762	451
762	490
762	509
762	611
762	671
762	783
762	889
762	964
762	968
763	72
763	346
763	504
763	655
763	663
763	666
763	676
763	706
763	719
763	788
763	905
763	906
763	925
764	20
764	58
764	262
764	272
764	321
764	437
764	488
764	529
764	676
764	690
764	790
764	854
764	974
765	23
765	74
765	284
765	304
765	372
765	407
765	426
765	640
765	854
765	887
765	940
765	961
765	985
766	24
766	28
766	86
766	217
766	219
766	246
766	270
766	570
766	828
766	848
766	865
766	892
766	934
767	32
767	258
767	339
767	552
767	760
767	792
767	813
767	838
767	885
767	902
767	908
767	935
767	965
768	27
768	61
768	285
768	454
768	654
768	702
768	726
768	737
768	877
768	881
768	912
768	928
768	984
769	134
769	464
769	558
769	653
769	740
769	755
769	778
769	783
769	787
769	800
769	819
769	971
769	979
770	14
770	151
770	265
770	310
770	311
770	379
770	445
770	496
770	620
770	826
770	855
770	922
770	999
771	209
771	257
771	597
771	676
771	714
771	780
771	809
771	811
771	818
771	855
771	896
771	994
771	996
772	57
772	227
772	542
772	546
772	667
772	727
772	748
772	811
772	853
772	894
772	897
772	928
772	958
773	202
773	217
773	244
773	476
773	667
773	752
773	827
773	874
773	937
773	950
773	958
773	973
773	983
774	374
774	377
774	409
774	523
774	543
774	544
774	610
774	709
774	900
774	917
774	978
774	982
774	997
775	505
775	581
775	602
775	643
775	725
775	787
775	834
775	854
775	856
775	951
775	956
775	962
775	964
776	106
776	167
776	197
776	418
776	519
776	524
776	637
776	712
776	854
776	878
776	884
776	934
776	942
777	102
777	196
777	254
777	400
777	447
777	449
777	807
777	838
777	840
777	843
777	979
777	985
777	990
778	164
778	308
778	526
778	664
778	677
778	718
778	769
778	781
778	869
778	896
778	904
778	933
778	955
779	115
779	269
779	339
779	415
779	533
779	637
779	802
779	818
779	853
779	928
779	957
779	978
779	983
780	22
780	56
780	74
780	209
780	298
780	531
780	545
780	698
780	771
780	876
780	892
780	903
780	994
781	106
781	281
781	522
781	664
781	684
781	719
781	778
781	832
781	856
781	876
781	904
781	915
781	938
782	115
782	220
782	303
782	649
782	668
782	796
782	851
782	873
782	877
782	878
782	883
782	942
782	971
783	228
783	330
783	412
783	421
783	508
783	762
783	769
783	804
783	810
783	815
783	836
783	851
783	918
784	51
784	72
784	139
784	222
784	504
784	557
784	645
784	653
784	720
784	759
784	816
784	899
784	967
785	176
785	243
785	369
785	436
785	475
785	541
785	553
785	610
785	679
785	716
785	854
785	940
785	969
785	988
786	11
786	78
786	79
786	93
786	103
786	235
786	438
786	558
786	721
786	788
786	831
786	856
786	914
786	962
787	80
787	128
787	165
787	214
787	263
787	290
787	350
787	645
787	769
787	775
787	861
787	915
787	922
787	974
788	343
788	418
788	430
788	452
788	612
788	693
788	763
788	786
788	795
788	854
788	873
788	878
788	904
788	942
789	29
789	40
789	62
789	504
789	569
789	600
789	665
789	812
789	862
789	887
789	923
789	930
789	953
789	964
790	183
790	262
790	442
790	577
790	690
790	693
790	712
790	764
790	791
790	914
790	922
790	964
790	972
790	993
791	109
791	440
791	442
791	456
791	494
791	670
791	790
791	894
791	950
791	955
791	958
791	976
791	984
791	999
792	58
792	105
792	112
792	134
792	139
792	167
792	201
792	611
792	767
792	865
792	886
792	956
792	966
792	987
793	34
793	204
793	271
793	359
793	389
793	403
793	577
793	606
793	702
793	808
793	837
793	843
793	894
793	991
794	53
794	149
794	151
794	376
794	384
794	432
794	571
794	803
794	864
794	899
794	909
794	923
794	938
794	954
795	15
795	32
795	202
795	352
795	483
795	565
795	619
795	692
795	788
795	827
795	916
795	926
795	980
795	985
796	115
796	135
796	213
796	225
796	262
796	597
796	693
796	738
796	782
796	854
796	878
796	882
796	968
796	976
797	131
797	223
797	301
797	375
797	394
797	530
797	709
797	721
797	821
797	867
797	909
797	917
797	948
797	995
798	122
798	137
798	293
798	571
798	593
798	606
798	683
798	700
798	833
798	844
798	845
798	965
798	982
798	999
799	125
799	388
799	444
799	517
799	541
799	605
799	638
799	693
799	883
799	904
799	906
799	933
799	974
799	986
800	226
800	375
800	545
800	598
800	616
800	689
800	695
800	712
800	746
800	769
800	872
800	944
800	971
800	977
801	54
801	302
801	368
801	520
801	535
801	634
801	696
801	718
801	727
801	894
801	925
801	958
801	960
801	999
802	359
802	526
802	591
802	650
802	721
802	727
802	779
802	808
802	809
802	852
802	909
802	917
802	941
802	959
803	17
803	40
803	149
803	346
803	530
803	582
803	597
803	625
803	794
803	826
803	888
803	898
803	913
803	938
804	109
804	134
804	228
804	255
804	498
804	622
804	626
804	750
804	758
804	783
804	872
804	885
804	911
804	952
805	239
805	260
805	292
805	362
805	446
805	499
805	531
805	624
805	761
805	831
805	834
805	851
805	903
805	910
806	70
806	266
806	367
806	497
806	550
806	617
806	717
806	730
806	807
806	819
806	922
806	980
806	994
806	1000
807	108
807	415
807	498
807	518
807	540
807	595
807	777
807	806
807	844
807	889
807	930
807	957
807	971
807	979
808	206
808	458
808	517
808	630
808	672
808	756
808	793
808	802
808	857
808	900
808	953
808	959
808	961
808	969
809	144
809	168
809	294
809	348
809	406
809	595
809	613
809	691
809	709
809	771
809	802
809	834
809	952
809	953
810	210
810	245
810	494
810	531
810	565
810	631
810	783
810	816
810	871
810	883
810	894
810	927
810	976
810	991
811	333
811	361
811	485
811	664
811	677
811	771
811	772
811	818
811	840
811	872
811	904
811	910
811	912
811	939
812	63
812	94
812	329
812	489
812	493
812	607
812	713
812	789
812	834
812	862
812	881
812	961
812	991
812	997
813	29
813	287
813	518
813	531
813	566
813	741
813	755
813	767
813	832
813	935
813	940
813	941
813	965
813	994
814	15
814	54
814	65
814	115
814	199
814	254
814	288
814	319
814	539
814	682
814	706
814	926
814	931
814	996
815	55
815	238
815	579
815	632
815	658
815	660
815	671
815	749
815	783
815	841
815	900
815	966
815	972
815	993
816	135
816	379
816	405
816	445
816	448
816	537
816	653
816	743
816	784
816	810
816	844
816	913
816	938
816	954
816	973
817	252
817	254
817	581
817	613
817	741
817	745
817	830
817	838
817	864
817	872
817	874
817	957
817	968
817	985
817	990
818	98
818	106
818	139
818	206
818	238
818	270
818	692
818	697
818	706
818	771
818	779
818	811
818	830
818	896
818	915
819	287
819	301
819	350
819	531
819	632
819	693
819	769
819	806
819	869
819	870
819	889
819	924
819	957
819	971
819	977
820	309
820	369
820	525
820	559
820	613
820	696
820	844
820	872
820	873
820	880
820	888
820	951
820	958
820	986
820	989
821	68
821	226
821	286
821	356
821	359
821	371
821	374
821	619
821	676
821	754
821	797
821	875
821	898
821	948
821	953
822	5
822	83
822	163
822	321
822	404
822	417
822	562
822	628
822	686
822	930
822	932
822	958
822	963
822	992
822	998
823	86
823	534
823	560
823	580
823	582
823	600
823	602
823	674
823	730
823	752
823	760
823	826
823	925
823	929
823	973
824	245
824	300
824	456
824	503
824	521
824	536
824	632
824	685
824	686
824	753
824	754
824	863
824	879
824	945
824	965
825	112
825	160
825	245
825	321
825	442
825	472
825	559
825	616
825	648
825	735
825	747
825	831
825	878
825	884
825	942
826	4
826	7
826	420
826	616
826	621
826	644
826	699
826	709
826	744
826	770
826	803
826	823
826	867
826	989
826	1000
827	30
827	126
827	127
827	216
827	542
827	669
827	708
827	720
827	773
827	795
827	871
827	897
827	898
827	953
827	983
828	66
828	119
828	135
828	178
828	298
828	438
828	455
828	501
828	726
828	766
828	859
828	886
828	890
828	923
828	947
829	91
829	204
829	386
829	403
829	549
829	595
829	647
829	656
829	672
829	698
829	832
829	845
829	944
829	953
829	999
830	38
830	85
830	87
830	218
830	476
830	517
830	532
830	547
830	608
830	675
830	684
830	817
830	818
830	840
830	985
831	211
831	217
831	256
831	386
831	492
831	552
831	557
831	663
831	676
831	786
831	805
831	825
831	837
831	850
831	906
832	65
832	161
832	303
832	384
832	400
832	413
832	563
832	666
832	740
832	781
832	813
832	829
832	940
832	965
832	989
833	222
833	274
833	358
833	388
833	400
833	502
833	563
833	591
833	740
833	798
833	844
833	940
833	941
833	972
833	973
834	344
834	362
834	399
834	454
834	595
834	601
834	691
834	775
834	805
834	809
834	812
834	858
834	910
834	962
834	990
835	118
835	188
835	442
835	462
835	465
835	667
835	670
835	757
835	863
835	890
835	920
835	945
835	984
835	985
835	999
836	37
836	142
836	278
836	381
836	401
836	563
836	671
836	690
836	705
836	783
836	847
836	851
836	906
836	913
836	918
836	993
837	157
837	293
837	328
837	335
837	369
837	495
837	549
837	577
837	593
837	714
837	793
837	831
837	841
837	953
837	965
837	972
838	271
838	295
838	351
838	602
838	630
838	694
838	729
838	740
838	767
838	777
838	817
838	864
838	902
838	915
838	956
838	985
839	110
839	114
839	242
839	266
839	316
839	344
839	373
839	447
839	707
839	845
839	858
839	891
839	922
839	957
839	960
839	970
840	15
840	125
840	129
840	207
840	278
840	309
840	755
840	777
840	811
840	830
840	843
840	864
840	926
840	985
840	990
840	991
841	47
841	328
841	357
841	442
841	510
841	660
841	671
841	749
841	753
841	815
841	837
841	875
841	912
841	918
841	941
841	993
842	14
842	131
842	317
842	331
842	409
842	456
842	514
842	584
842	588
842	616
842	633
842	894
842	927
842	939
842	976
842	984
843	122
843	154
843	252
843	340
843	459
843	617
843	630
843	690
843	716
843	729
843	754
843	777
843	793
843	840
843	981
843	990
844	4
844	222
844	264
844	348
844	563
844	606
844	798
844	807
844	816
844	820
844	833
844	845
844	940
844	941
844	979
844	983
845	358
845	388
845	458
845	593
845	740
845	798
845	829
845	839
845	844
845	859
845	881
845	902
845	930
845	935
845	941
845	979
846	116
846	255
846	282
846	287
846	297
846	360
846	367
846	426
846	445
846	510
846	623
846	644
846	720
846	724
846	912
846	970
847	43
847	133
847	183
847	269
847	275
847	283
847	342
847	353
847	378
847	553
847	636
847	637
847	836
847	874
847	928
847	983
848	28
848	203
848	369
848	446
848	502
848	567
848	600
848	724
848	728
848	759
848	766
848	895
848	919
848	934
848	998
848	1000
849	104
849	205
849	209
849	277
849	362
849	420
849	426
849	445
849	636
849	641
849	692
849	744
849	946
849	980
849	989
849	1000
850	3
850	127
850	285
850	499
850	504
850	607
850	624
850	831
850	857
850	861
850	862
850	884
850	899
850	906
850	907
850	921
851	65
851	117
851	179
851	260
851	368
851	387
851	432
851	662
851	671
851	782
851	783
851	805
851	836
851	942
851	964
851	993
852	251
852	320
852	337
852	375
852	473
852	591
852	653
852	701
852	716
852	727
852	758
852	802
852	895
852	917
852	940
852	959
853	24
853	41
853	153
853	273
853	400
853	637
853	643
853	711
853	772
853	779
853	897
853	921
853	937
853	946
853	959
853	978
854	243
854	303
854	367
854	678
854	747
854	764
854	765
854	775
854	776
854	785
854	788
854	796
854	866
854	878
854	942
854	979
855	149
855	174
855	379
855	383
855	405
855	440
855	516
855	517
855	553
855	588
855	700
855	736
855	770
855	771
855	886
855	913
855	976
856	13
856	187
856	191
856	350
856	368
856	560
856	584
856	594
856	659
856	688
856	702
856	775
856	781
856	786
856	885
856	918
856	951
857	17
857	132
857	173
857	257
857	338
857	382
857	386
857	515
857	568
857	585
857	651
857	808
857	850
857	883
857	893
857	930
857	960
858	39
858	227
858	330
858	338
858	387
858	410
858	575
858	589
858	651
858	696
858	834
858	839
858	873
858	891
858	892
858	930
858	960
859	14
859	67
859	89
859	155
859	408
859	489
859	524
859	537
859	588
859	650
859	700
859	828
859	845
859	903
859	938
859	943
859	954
860	337
860	422
860	587
860	649
860	706
860	714
860	890
860	894
860	912
860	932
860	959
860	963
860	975
860	982
860	986
860	992
860	998
861	214
861	256
861	325
861	366
861	443
861	558
861	670
861	710
861	719
861	730
861	787
861	850
861	866
861	906
861	907
861	936
861	976
862	21
862	56
862	94
862	198
862	234
862	437
862	577
862	625
862	640
862	789
862	812
862	850
862	907
862	957
862	961
862	967
862	989
863	237
863	277
863	311
863	344
863	453
863	532
863	646
863	647
863	652
863	661
863	687
863	727
863	824
863	835
863	871
863	920
863	982
864	26
864	202
864	233
864	399
864	443
864	473
864	532
864	581
864	630
864	794
864	817
864	838
864	840
864	899
864	938
864	985
864	990
865	56
865	143
865	170
865	185
865	279
865	307
865	550
865	579
865	661
865	724
865	731
865	766
865	792
865	922
865	946
865	959
865	980
866	230
866	322
866	364
866	409
866	475
866	542
866	564
866	575
866	631
866	656
866	678
866	854
866	861
866	883
866	891
866	927
866	955
867	55
867	96
867	378
867	383
867	393
867	495
867	520
867	621
867	642
867	644
867	734
867	755
867	797
867	826
867	922
867	942
867	1000
868	62
868	63
868	127
868	228
868	232
868	427
868	469
868	485
868	521
868	617
868	627
868	666
868	727
868	732
868	885
868	939
868	952
869	31
869	50
869	138
869	397
869	471
869	493
869	598
869	608
869	680
869	778
869	819
869	870
869	948
869	949
869	957
869	976
869	979
870	105
870	213
870	299
870	377
870	398
870	423
870	535
870	543
870	548
870	616
870	622
870	653
870	819
870	869
870	939
870	957
870	971
871	9
871	201
871	216
871	444
871	555
871	695
871	711
871	749
871	810
871	827
871	863
871	905
871	921
871	928
871	969
871	972
871	983
872	49
872	415
872	471
872	627
872	695
872	710
872	800
872	804
872	811
872	817
872	820
872	877
872	942
872	950
872	971
872	977
872	993
873	167
873	231
873	472
873	589
873	683
873	690
873	693
873	698
873	734
873	782
873	788
873	820
873	858
873	874
873	884
873	918
873	942
874	163
874	200
874	336
874	382
874	391
874	397
874	466
874	525
874	556
874	626
874	675
874	773
874	817
874	847
874	873
874	978
874	980
875	81
875	227
875	323
875	352
875	353
875	354
875	465
875	505
875	586
875	615
875	635
875	665
875	692
875	751
875	821
875	841
875	958
875	993
876	171
876	326
876	452
876	477
876	485
876	522
876	549
876	574
876	677
876	731
876	780
876	781
876	896
876	937
876	940
876	947
876	956
876	994
877	45
877	83
877	194
877	332
877	342
877	451
877	468
877	501
877	550
877	561
877	592
877	652
877	674
877	699
877	768
877	782
877	872
877	901
878	49
878	205
878	356
878	438
878	442
878	472
878	747
878	776
878	782
878	788
878	796
878	825
878	854
878	928
878	964
878	970
878	988
878	990
879	67
879	132
879	274
879	329
879	383
879	395
879	437
879	453
879	473
879	599
879	615
879	639
879	701
879	824
879	916
879	917
879	948
879	959
880	144
880	172
880	189
880	208
880	237
880	247
880	357
880	461
880	557
880	561
880	577
880	603
880	638
880	645
880	718
880	820
880	888
880	937
881	16
881	61
881	62
881	83
881	241
881	411
881	460
881	582
881	654
881	668
881	674
881	699
881	714
881	720
881	768
881	812
881	845
881	967
882	34
882	172
882	177
882	229
882	250
882	307
882	431
882	450
882	677
882	704
882	727
882	732
882	796
882	891
882	898
882	952
882	956
882	995
883	185
883	244
883	355
883	435
883	440
883	514
883	683
883	782
883	799
883	810
883	857
883	866
883	927
883	955
883	963
883	976
883	984
883	988
884	114
884	160
884	167
884	339
884	422
884	570
884	690
884	712
884	747
884	749
884	776
884	825
884	850
884	873
884	919
884	932
884	952
884	970
885	71
885	76
885	101
885	147
885	199
885	299
885	347
885	414
885	557
885	602
885	671
885	688
885	767
885	804
885	856
885	868
885	893
885	914
885	959
886	72
886	104
886	177
886	223
886	262
886	572
886	609
886	627
886	650
886	695
886	704
886	758
886	792
886	828
886	855
886	895
886	941
886	956
886	987
887	23
887	50
887	219
887	347
887	372
887	387
887	437
887	452
887	481
887	486
887	493
887	539
887	599
887	623
887	640
887	736
887	765
887	789
887	895
888	100
888	169
888	304
888	345
888	421
888	458
888	527
888	553
888	574
888	603
888	606
888	700
888	718
888	722
888	803
888	820
888	880
888	934
888	936
889	75
889	301
889	349
889	384
889	397
889	497
889	509
889	527
889	583
889	653
889	690
889	697
889	762
889	807
889	819
889	891
889	965
889	967
889	977
890	26
890	118
890	188
890	251
890	344
890	448
890	513
890	536
890	578
890	651
890	688
890	746
890	828
890	835
890	860
890	922
890	923
890	945
890	960
891	33
891	173
891	382
891	410
891	447
891	479
891	556
891	571
891	589
891	710
891	720
891	745
891	839
891	858
891	866
891	882
891	889
891	930
891	996
892	82
892	84
892	178
892	426
892	437
892	497
892	514
892	566
892	628
892	675
892	685
892	705
892	726
892	737
892	766
892	780
892	858
892	913
892	957
893	61
893	184
893	194
893	312
893	332
893	336
893	355
893	411
893	456
893	511
893	674
893	737
893	857
893	885
893	931
893	934
893	938
893	981
893	986
894	4
894	16
894	49
894	201
894	319
894	364
894	456
894	505
894	534
894	623
894	686
894	772
894	791
894	793
894	801
894	810
894	842
894	860
894	976
895	146
895	258
895	451
895	518
895	573
895	604
895	642
895	658
895	693
895	720
895	724
895	731
895	746
895	848
895	852
895	886
895	887
895	919
895	953
896	8
896	247
896	336
896	432
896	441
896	445
896	522
896	531
896	572
896	597
896	611
896	771
896	778
896	818
896	876
896	954
896	973
896	988
896	994
897	142
897	195
897	320
897	512
897	556
897	626
897	700
897	724
897	747
897	772
897	827
897	853
897	902
897	905
897	910
897	950
897	983
897	986
897	989
898	45
898	162
898	376
898	379
898	405
898	413
898	473
898	524
898	649
898	654
898	660
898	735
898	803
898	821
898	827
898	882
898	913
898	938
898	943
899	21
899	91
899	100
899	214
899	262
899	285
899	365
899	594
899	703
899	719
899	730
899	784
899	794
899	850
899	864
899	907
899	918
899	971
899	974
900	205
900	265
900	429
900	434
900	463
900	528
900	551
900	610
900	680
900	723
900	759
900	774
900	808
900	815
900	902
900	914
900	943
900	949
900	997
901	18
901	58
901	290
901	336
901	346
901	352
901	370
901	411
901	592
901	659
901	674
901	675
901	681
901	710
901	722
901	748
901	877
901	907
901	994
902	27
902	112
902	242
902	412
902	414
902	455
902	505
902	552
902	593
902	658
902	767
902	838
902	845
902	897
902	900
902	905
902	935
902	940
902	941
903	274
903	275
903	308
903	325
903	452
903	625
903	704
903	711
903	717
903	780
903	805
903	859
903	904
903	907
903	908
903	915
903	916
903	994
903	999
904	152
904	463
904	472
904	512
904	554
904	625
904	651
904	662
904	677
904	697
904	778
904	781
904	788
904	799
904	811
904	903
904	915
904	994
904	1000
905	59
905	221
905	334
905	355
905	372
905	382
905	499
905	556
905	568
905	578
905	637
905	763
905	871
905	897
905	902
905	921
905	937
905	939
905	950
906	21
906	143
906	168
906	394
906	557
906	649
906	676
906	763
906	799
906	831
906	836
906	850
906	861
906	913
906	914
906	939
906	946
906	977
906	985
907	204
907	244
907	394
907	449
907	494
907	499
907	596
907	643
907	666
907	689
907	730
907	759
907	850
907	861
907	862
907	899
907	901
907	903
907	979
908	118
908	153
908	202
908	352
908	353
908	475
908	539
908	551
908	554
908	569
908	629
908	692
908	743
908	747
908	767
908	903
908	926
908	929
908	975
908	995
909	6
909	68
909	190
909	226
909	231
909	320
909	359
909	419
909	463
909	540
909	591
909	626
909	639
909	687
909	794
909	797
909	802
909	919
909	959
909	998
910	87
910	169
910	178
910	236
910	278
910	280
910	291
910	348
910	353
910	430
910	457
910	596
910	608
910	613
910	691
910	805
910	811
910	834
910	897
910	985
911	141
911	172
911	284
911	455
911	562
911	572
911	574
911	576
911	650
911	704
911	727
911	758
911	804
911	917
911	956
911	958
911	966
911	967
911	987
911	990
912	13
912	57
912	113
912	117
912	294
912	324
912	390
912	433
912	474
912	729
912	768
912	811
912	841
912	846
912	860
912	915
912	975
912	976
912	992
912	998
913	94
913	159
913	236
913	346
913	482
913	526
913	618
913	657
913	704
913	713
913	803
913	816
913	836
913	855
913	892
913	898
913	906
913	920
913	954
913	996
914	55
914	60
914	147
914	235
914	276
914	299
914	451
914	506
914	594
914	602
914	755
914	757
914	786
914	790
914	885
914	900
914	906
914	950
914	962
914	964
915	53
915	56
915	146
915	158
915	224
915	230
915	351
915	392
915	476
915	615
915	625
915	697
915	781
915	787
915	818
915	838
915	903
915	904
915	912
915	999
916	117
916	199
916	265
916	323
916	353
916	364
916	471
916	509
916	567
916	585
916	586
916	703
916	706
916	749
916	795
916	879
916	903
916	951
916	952
916	996
917	64
917	105
917	171
917	215
917	231
917	235
917	305
917	307
917	568
917	594
917	600
917	721
917	738
917	774
917	797
917	802
917	852
917	879
917	911
917	968
918	20
918	69
918	321
918	330
918	368
918	432
918	533
918	621
918	658
918	671
918	742
918	783
918	836
918	841
918	856
918	873
918	899
918	943
918	972
918	993
919	11
919	28
919	195
919	272
919	312
919	387
919	462
919	474
919	518
919	567
919	724
919	848
919	884
919	895
919	909
919	925
919	928
919	934
919	956
919	963
920	4
920	26
920	42
920	43
920	46
920	251
920	326
920	576
920	578
920	631
920	643
920	686
920	730
920	738
920	835
920	863
920	913
920	937
920	945
920	958
920	975
921	48
921	52
921	57
921	90
921	103
921	198
921	200
921	201
921	355
921	466
921	478
921	486
921	542
921	690
921	850
921	853
921	871
921	905
921	928
921	944
921	954
922	8
922	160
922	318
922	345
922	491
922	550
922	684
922	709
922	770
922	787
922	790
922	806
922	839
922	865
922	867
922	890
922	930
922	939
922	946
922	976
922	980
923	9
923	31
923	230
923	426
923	428
923	441
923	487
923	489
923	599
923	605
923	607
923	613
923	701
923	789
923	794
923	828
923	890
923	931
923	934
923	961
923	998
924	78
924	99
924	148
924	166
924	234
924	242
924	278
924	299
924	362
924	378
924	430
924	441
924	449
924	454
924	483
924	513
924	624
924	659
924	819
924	944
924	979
925	5
925	8
925	85
925	285
925	297
925	403
925	416
925	481
925	519
925	523
925	544
925	655
925	715
925	719
925	749
925	763
925	801
925	823
925	919
925	980
925	982
926	116
926	189
926	264
926	465
926	475
926	534
926	551
926	554
926	564
926	601
926	795
926	814
926	840
926	908
926	937
926	951
926	955
926	960
926	992
926	993
926	996
927	9
927	138
927	165
927	220
927	260
927	317
927	348
927	390
927	461
927	557
927	561
927	656
927	746
927	810
927	842
927	866
927	883
927	950
927	966
927	984
927	988
928	121
928	232
928	356
928	444
928	466
928	478
928	501
928	511
928	549
928	555
928	632
928	768
928	772
928	779
928	847
928	871
928	878
928	919
928	921
928	961
928	983
929	61
929	203
929	224
929	334
929	398
929	424
929	508
929	524
929	560
929	575
929	600
929	683
929	707
929	717
929	729
929	752
929	760
929	823
929	908
929	931
929	955
929	973
930	97
930	257
930	283
930	373
930	382
930	533
930	571
930	587
930	589
930	651
930	696
930	755
930	789
930	807
930	822
930	845
930	857
930	858
930	891
930	922
930	954
930	960
931	77
931	119
931	162
931	190
931	236
931	270
931	341
931	366
931	471
931	497
931	549
931	570
931	629
931	685
931	705
931	743
931	751
931	814
931	893
931	923
931	929
931	980
932	10
932	34
932	313
932	370
932	422
932	548
932	583
932	587
932	602
932	604
932	635
932	638
932	650
932	714
932	822
932	860
932	884
932	963
932	965
932	966
932	975
932	992
933	22
933	35
933	52
933	166
933	243
933	428
933	514
933	516
933	538
933	541
933	605
933	624
933	679
933	721
933	778
933	799
933	934
933	935
933	969
933	974
933	985
933	996
934	44
934	186
934	213
934	259
934	434
934	462
934	500
934	502
934	591
934	630
934	635
934	642
934	694
934	766
934	776
934	848
934	888
934	893
934	919
934	923
934	933
934	998
935	112
935	197
935	207
935	225
935	262
935	319
935	354
935	358
935	363
935	505
935	601
935	606
935	683
935	741
935	767
935	813
935	845
935	902
935	933
935	940
935	965
935	998
936	9
936	16
936	49
936	63
936	70
936	193
936	376
936	377
936	398
936	473
936	500
936	509
936	536
936	558
936	583
936	590
936	608
936	609
936	622
936	861
936	888
936	945
937	127
937	152
937	275
937	427
937	511
937	513
937	524
937	556
937	576
937	626
937	667
937	773
937	853
937	876
937	880
937	905
937	920
937	926
937	949
937	950
937	982
937	983
938	325
938	328
938	346
938	482
938	507
938	536
938	620
938	736
938	781
938	794
938	803
938	816
938	859
938	864
938	893
938	898
938	943
938	965
938	968
938	975
938	976
938	982
939	165
939	211
939	256
939	263
939	365
939	366
939	391
939	449
939	467
939	522
939	672
939	692
939	719
939	759
939	811
939	842
939	868
939	870
939	905
939	906
939	922
939	944
940	169
940	361
940	412
940	505
940	563
940	564
940	649
940	754
940	765
940	785
940	813
940	832
940	833
940	844
940	852
940	876
940	902
940	935
940	941
940	944
940	945
940	995
941	32
941	222
941	250
941	305
941	502
941	552
941	683
941	715
941	738
941	741
941	802
941	813
941	833
941	841
941	844
941	845
941	886
941	902
941	940
941	948
941	949
941	954
942	33
942	95
942	213
942	227
942	321
942	532
942	663
942	678
942	712
942	732
942	747
942	776
942	782
942	788
942	825
942	851
942	854
942	867
942	872
942	873
942	945
942	953
943	72
943	151
943	224
943	325
943	334
943	407
943	408
943	434
943	460
943	491
943	524
943	533
943	535
943	537
943	620
943	627
943	859
943	898
943	900
943	918
943	938
943	954
943	972
944	271
944	289
944	306
944	380
944	386
944	396
944	411
944	443
944	457
944	546
944	577
944	596
944	648
944	662
944	668
944	800
944	829
944	921
944	924
944	939
944	940
944	953
944	973
945	93
945	153
945	220
945	277
945	299
945	311
945	345
945	404
945	503
945	670
945	673
945	686
945	736
945	738
945	740
945	824
945	835
945	890
945	920
945	936
945	940
945	942
945	965
946	70
946	158
946	192
946	279
946	326
946	343
946	470
946	479
946	501
946	561
946	665
946	676
946	709
946	735
946	745
946	753
946	849
946	853
946	865
946	906
946	922
946	947
946	989
947	48
947	81
947	205
947	270
947	333
947	407
947	429
947	464
947	466
947	519
947	523
947	599
947	601
947	610
947	628
947	749
947	828
947	876
947	946
947	949
947	978
947	981
947	982
948	15
948	37
948	68
948	76
948	105
948	249
948	286
948	307
948	323
948	395
948	407
948	485
948	639
948	701
948	797
948	821
948	869
948	879
948	941
948	950
948	959
948	962
948	970
949	5
949	58
949	122
949	156
949	292
949	331
949	361
949	367
949	407
949	436
949	462
949	528
949	601
949	646
949	652
949	680
949	749
949	750
949	869
949	900
949	937
949	941
949	947
950	57
950	60
950	89
950	196
950	221
950	259
950	355
950	373
950	385
950	400
950	511
950	743
950	773
950	791
950	872
950	897
950	905
950	914
950	927
950	937
950	948
950	977
950	978
951	81
951	151
951	189
951	265
951	288
951	363
951	418
951	475
951	495
951	500
951	608
951	633
951	665
951	692
951	706
951	716
951	775
951	820
951	856
951	916
951	926
951	952
951	996
952	229
952	230
952	239
952	240
952	255
952	267
952	349
952	444
952	457
952	482
952	496
952	592
952	611
952	727
952	804
952	809
952	868
952	882
952	884
952	916
952	951
952	987
952	991
953	36
953	71
953	157
953	276
953	335
953	342
953	516
953	596
953	662
953	672
953	722
953	756
953	789
953	808
953	809
953	821
953	827
953	829
953	837
953	895
953	942
953	944
953	972
954	14
954	53
954	90
954	210
954	310
954	484
954	523
954	537
954	618
954	659
954	700
954	725
954	736
954	794
954	816
954	859
954	896
954	913
954	921
954	930
954	941
954	943
954	956
955	32
955	138
955	289
955	396
955	435
955	436
955	514
955	534
955	548
955	564
955	569
955	570
955	618
955	756
955	778
955	791
955	866
955	883
955	926
955	929
955	956
955	960
955	976
955	984
956	14
956	112
956	240
956	241
956	280
956	349
956	525
956	572
956	624
956	627
956	732
956	758
956	775
956	792
956	838
956	876
956	882
956	886
956	911
956	919
956	954
956	955
956	966
956	994
957	16
957	49
957	82
957	316
957	493
957	515
957	598
957	608
957	621
957	622
957	624
957	695
957	702
957	779
957	807
957	817
957	819
957	839
957	862
957	869
957	870
957	892
957	958
957	972
958	6
958	128
958	196
958	200
958	261
958	270
958	337
958	345
958	461
958	496
958	559
958	574
958	603
958	714
958	772
958	773
958	791
958	801
958	820
958	822
958	875
958	911
958	920
958	957
959	41
959	223
959	226
959	305
959	375
959	468
959	512
959	566
959	623
959	639
959	640
959	686
959	752
959	754
959	802
959	808
959	852
959	853
959	860
959	865
959	879
959	885
959	909
959	948
960	89
960	110
960	170
960	203
960	338
960	434
960	477
960	513
960	515
960	533
960	544
960	571
960	657
960	738
960	752
960	801
960	839
960	857
960	858
960	890
960	926
960	930
960	955
960	961
961	29
961	84
961	104
961	128
961	145
961	166
961	376
961	377
961	489
961	559
961	569
961	573
961	607
961	662
961	682
961	722
961	765
961	808
961	812
961	862
961	923
961	928
961	960
961	967
962	128
962	187
962	223
962	231
962	235
962	347
962	395
962	410
962	414
962	433
962	490
962	506
962	602
962	630
962	643
962	658
962	706
962	775
962	786
962	834
962	914
962	948
962	964
962	967
963	13
963	35
963	129
963	183
963	248
963	258
963	268
963	345
963	370
963	433
963	466
963	498
963	562
963	700
963	733
963	739
963	822
963	860
963	883
963	919
963	932
963	975
963	992
963	998
964	43
964	71
964	73
964	123
964	156
964	159
964	214
964	276
964	340
964	378
964	490
964	554
964	643
964	668
964	681
964	688
964	725
964	762
964	775
964	789
964	790
964	851
964	878
964	914
964	962
965	161
965	185
965	258
965	301
965	398
965	481
965	563
965	593
965	670
965	682
965	740
965	741
965	757
965	767
965	798
965	813
965	824
965	832
965	837
965	889
965	932
965	935
965	938
965	945
965	980
966	62
966	63
966	78
966	116
966	134
966	172
966	245
966	464
966	488
966	498
966	528
966	609
966	672
966	704
966	705
966	732
966	758
966	792
966	815
966	911
966	927
966	932
966	956
966	984
966	987
967	40
967	50
967	104
967	175
967	193
967	234
967	322
967	437
967	456
967	489
967	493
967	569
967	599
967	605
967	634
967	640
967	784
967	862
967	881
967	889
967	911
967	961
967	962
967	969
967	991
968	25
968	59
968	88
968	92
968	215
968	325
968	341
968	358
968	367
968	399
968	424
968	479
968	507
968	563
968	612
968	650
968	708
968	748
968	761
968	762
968	796
968	817
968	917
968	938
968	991
969	6
969	12
969	60
969	243
969	303
969	321
969	388
969	389
969	410
969	465
969	538
969	553
969	584
969	733
969	785
969	808
969	871
969	933
969	967
969	971
969	975
969	980
969	986
969	988
969	997
970	124
970	178
970	207
970	235
970	306
970	360
970	479
970	507
970	526
970	568
970	614
970	617
970	628
970	646
970	669
970	680
970	735
970	748
970	757
970	839
970	846
970	878
970	884
970	948
970	991
971	193
971	210
971	215
971	271
971	381
971	447
971	516
971	527
971	529
971	590
971	598
971	616
971	628
971	702
971	769
971	782
971	800
971	807
971	819
971	870
971	872
971	899
971	969
971	972
971	977
971	983
972	19
972	342
972	386
972	396
972	443
972	517
972	534
972	577
972	614
972	668
972	672
972	698
972	728
972	756
972	790
972	815
972	833
972	837
972	871
972	918
972	943
972	953
972	957
972	971
972	979
972	990
973	164
973	267
973	374
973	394
973	411
973	424
973	431
973	481
973	492
973	580
973	582
973	659
973	689
973	693
973	699
973	717
973	728
973	773
973	816
973	823
973	833
973	896
973	929
973	944
973	984
973	995
974	52
974	84
974	125
974	131
974	140
974	154
974	277
974	369
974	427
974	443
974	515
974	516
974	542
974	579
974	596
974	599
974	703
974	732
974	733
974	764
974	787
974	799
974	899
974	933
974	980
974	986
975	192
975	265
975	294
975	422
975	503
975	535
975	544
975	587
975	588
975	628
975	633
975	683
975	714
975	725
975	739
975	746
975	761
975	860
975	908
975	912
975	920
975	932
975	938
975	963
975	969
975	998
976	4
976	10
976	99
976	220
976	279
976	319
976	390
976	440
976	494
976	585
976	616
976	642
976	656
976	791
976	796
976	810
976	842
976	855
976	861
976	869
976	883
976	894
976	912
976	922
976	938
976	955
977	3
977	64
977	108
977	394
977	397
977	418
977	490
977	509
977	583
977	616
977	622
977	645
977	657
977	660
977	702
977	800
977	819
977	872
977	889
977	906
977	950
977	971
977	979
977	980
977	983
977	996
977	999
978	44
978	102
978	145
978	163
978	195
978	198
978	227
978	232
978	252
978	283
978	361
978	403
978	418
978	430
978	444
978	556
978	691
978	708
978	725
978	774
978	779
978	853
978	874
978	947
978	950
978	983
978	988
979	191
979	527
979	583
979	590
979	598
979	608
979	622
979	653
979	677
979	695
979	702
979	710
979	731
979	760
979	769
979	777
979	807
979	844
979	845
979	854
979	869
979	907
979	924
979	972
979	977
979	981
979	985
980	44
980	55
980	140
980	170
980	249
980	383
980	408
980	476
980	550
980	619
980	684
980	743
980	745
980	753
980	795
980	806
980	849
980	865
980	874
980	922
980	925
980	931
980	965
980	969
980	974
980	977
980	989
981	18
981	58
981	121
981	168
981	241
981	320
981	336
981	393
981	460
981	467
981	512
981	610
981	642
981	652
981	659
981	666
981	674
981	679
981	699
981	726
981	737
981	843
981	893
981	947
981	979
981	982
981	996
982	110
982	122
982	300
982	331
982	361
982	366
982	419
982	463
982	519
982	523
982	538
982	544
982	572
982	655
982	679
982	749
982	750
982	774
982	798
982	860
982	863
982	925
982	937
982	938
982	947
982	981
982	997
983	30
983	89
983	157
983	173
983	200
983	237
983	247
983	296
983	479
983	493
983	511
983	555
983	566
983	611
983	660
983	711
983	773
983	779
983	827
983	844
983	847
983	871
983	897
983	928
983	937
983	971
983	977
983	978
984	1
984	220
984	313
984	363
984	385
984	390
984	456
984	472
984	534
984	548
984	557
984	564
984	592
984	631
984	656
984	698
984	756
984	768
984	791
984	835
984	842
984	883
984	927
984	955
984	966
984	973
984	993
984	998
985	20
985	38
985	75
985	102
985	154
985	156
985	293
985	340
985	343
985	532
985	547
985	605
985	657
985	706
985	765
985	777
985	795
985	817
985	830
985	835
985	838
985	840
985	864
985	906
985	910
985	933
985	979
985	998
986	19
986	61
986	96
986	97
986	140
986	154
986	158
986	327
986	439
986	553
986	579
986	584
986	605
986	614
986	679
986	707
986	733
986	745
986	799
986	820
986	860
986	893
986	897
986	969
986	974
986	988
986	991
986	995
987	86
987	99
987	124
987	200
987	228
987	230
987	373
987	402
987	427
987	431
987	450
987	469
987	489
987	498
987	542
987	599
987	611
987	644
987	650
987	727
987	732
987	792
987	886
987	911
987	952
987	966
987	994
987	997
988	12
988	52
988	97
988	111
988	115
988	124
988	125
988	131
988	140
988	168
988	257
988	330
988	408
988	427
988	579
988	605
988	610
988	700
988	711
988	733
988	785
988	878
988	883
988	896
988	927
988	969
988	978
988	986
989	143
989	170
989	232
989	253
989	314
989	358
989	420
989	477
989	501
989	526
989	537
989	617
989	621
989	636
989	641
989	701
989	744
989	748
989	753
989	820
989	826
989	832
989	849
989	862
989	897
989	946
989	980
989	990
990	2
990	103
990	184
990	252
990	269
990	295
990	305
990	312
990	401
990	459
990	547
990	581
990	589
990	657
990	755
990	756
990	777
990	817
990	834
990	840
990	843
990	864
990	878
990	911
990	972
990	989
990	994
990	995
991	39
991	88
991	215
991	246
991	282
991	306
991	334
991	339
991	519
991	568
991	603
991	615
991	680
991	708
991	709
991	712
991	757
991	761
991	793
991	810
991	812
991	840
991	952
991	967
991	968
991	970
991	986
991	992
992	17
992	18
992	117
992	121
992	126
992	226
992	300
992	324
992	338
992	401
992	433
992	455
992	527
992	562
992	575
992	588
992	619
992	625
992	663
992	716
992	822
992	860
992	912
992	926
992	932
992	963
992	991
992	998
993	47
993	65
993	224
993	238
993	257
993	264
993	374
993	401
993	432
993	451
993	452
993	458
993	508
993	510
993	529
993	565
993	585
993	658
993	660
993	790
993	815
993	836
993	841
993	851
993	872
993	875
993	918
993	926
993	984
994	113
994	126
994	225
994	240
994	253
994	333
994	380
994	406
994	441
994	452
994	523
994	553
994	664
994	716
994	761
994	771
994	780
994	806
994	813
994	876
994	896
994	901
994	903
994	904
994	956
994	987
994	990
994	998
994	999
995	35
995	100
995	160
995	169
995	197
995	221
995	224
995	267
995	417
995	431
995	435
995	468
995	482
995	492
995	498
995	582
995	600
995	675
995	717
995	734
995	752
995	760
995	797
995	882
995	908
995	940
995	973
995	986
995	990
996	36
996	101
996	119
996	155
996	202
996	363
996	425
996	441
996	450
996	495
996	539
996	586
996	666
996	678
996	703
996	728
996	743
996	745
996	753
996	771
996	814
996	891
996	913
996	916
996	926
996	933
996	951
996	977
996	981
997	8
997	28
997	47
997	69
997	137
997	331
997	361
997	402
997	429
997	433
997	464
997	481
997	485
997	490
997	519
997	523
997	544
997	569
997	601
997	715
997	740
997	743
997	750
997	774
997	812
997	900
997	969
997	982
997	987
997	999
998	10
998	76
998	117
998	238
998	300
998	318
998	328
998	404
998	414
998	433
998	480
998	565
998	588
998	628
998	716
998	739
998	822
998	848
998	860
998	909
998	912
998	923
998	934
998	935
998	963
998	975
998	984
998	985
998	992
998	994
999	152
999	155
999	171
999	234
999	248
999	253
999	308
999	365
999	455
999	457
999	485
999	522
999	531
999	539
999	545
999	567
999	597
999	664
999	711
999	770
999	791
999	798
999	801
999	829
999	835
999	903
999	915
999	977
999	994
999	997
1000	45
1000	66
1000	74
1000	92
1000	143
1000	212
1000	318
1000	324
1000	326
1000	360
1000	417
1000	421
1000	429
1000	491
1000	617
1000	636
1000	641
1000	684
1000	697
1000	702
1000	708
1000	709
1000	745
1000	752
1000	806
1000	826
1000	848
1000	849
1000	867
1000	904
