1	81
1	477
1	530
1	802
1	947
2	221
2	259
2	956
2	966
2	979
3	24
3	637
3	882
3	957
3	990
4	151
4	444
4	634
4	951
4	952
5	202
5	577
5	684
5	878
5	956
6	27
6	176
6	369
6	600
6	632
7	28
7	486
7	716
7	886
7	989
8	308
8	642
8	690
8	848
8	999
9	130
9	250
9	784
9	823
9	920
10	611
10	636
10	676
10	885
10	947
11	636
11	726
11	897
11	920
11	953
12	612
12	749
12	806
12	924
12	967
13	90
13	451
13	509
13	581
13	913
14	571
14	658
14	708
14	802
14	975
15	422
15	480
15	877
15	893
15	904
16	209
16	667
16	779
16	897
16	950
17	583
17	666
17	708
17	920
17	980
18	117
18	262
18	527
18	685
18	939
19	159
19	519
19	797
19	848
19	942
20	632
20	688
20	907
20	976
20	995
21	290
21	438
21	603
21	716
21	856
22	473
22	576
22	874
22	914
22	954
23	412
23	487
23	607
23	663
23	896
24	3
24	397
24	432
24	704
24	904
25	284
25	498
25	817
25	919
25	962
26	74
26	788
26	870
26	929
26	997
27	6
27	612
27	725
27	816
27	929
28	7
28	116
28	738
28	858
28	988
29	47
29	704
29	737
29	762
29	942
30	48
30	217
30	844
30	934
30	948
31	590
31	605
31	737
31	975
31	987
32	214
32	936
32	989
32	998
32	1000
33	210
33	339
33	501
33	705
33	947
34	301
34	410
34	513
34	591
34	752
35	117
35	914
35	924
35	929
35	993
36	121
36	721
36	827
36	926
36	929
37	208
37	397
37	732
37	810
37	910
38	388
38	554
38	771
38	960
38	985
39	249
39	595
39	626
39	661
39	929
40	441
40	526
40	815
40	871
40	978
41	626
41	659
41	889
41	956
41	985
42	282
42	465
42	729
42	927
42	944
43	232
43	542
43	750
43	766
43	994
44	55
44	419
44	679
44	945
44	968
45	358
45	422
45	841
45	980
45	986
46	229
46	260
46	262
46	538
46	898
47	29
47	265
47	770
47	894
47	942
48	30
48	183
48	506
48	837
48	973
49	50
49	455
49	484
49	555
49	992
50	49
50	336
50	597
50	881
50	981
51	240
51	266
51	277
51	896
51	951
52	430
52	626
52	648
52	747
52	812
53	156
53	382
53	787
53	833
53	957
54	69
54	126
54	238
54	749
54	977
55	44
55	437
55	694
55	962
55	992
56	220
56	651
56	859
56	994
56	1000
57	285
57	353
57	559
57	761
57	982
58	376
58	756
58	817
58	904
58	950
59	365
59	453
59	685
59	714
59	971
60	557
60	847
60	878
60	955
60	983
61	315
61	485
61	773
61	879
61	967
62	363
62	711
62	816
62	908
62	991
63	673
63	783
63	918
63	944
63	970
64	292
64	377
64	865
64	925
64	927
65	753
65	860
65	877
65	893
65	965
66	147
66	489
66	887
66	978
66	1000
67	454
67	665
67	711
67	867
67	899
68	294
68	620
68	736
68	832
68	934
69	54
69	713
69	738
69	963
69	994
70	267
70	366
70	630
70	836
70	912
71	586
71	861
71	905
71	938
71	961
72	193
72	875
72	906
72	919
72	976
73	158
73	598
73	613
73	931
73	948
74	26
74	171
74	588
74	908
74	988
75	190
75	336
75	632
75	731
75	791
76	226
76	789
76	827
76	832
76	968
77	437
77	781
77	880
77	938
77	984
78	248
78	522
78	881
78	958
78	999
79	80
79	761
79	889
79	937
79	977
80	79
80	212
80	858
80	866
80	986
81	1
81	344
81	868
81	888
81	992
82	297
82	416
82	822
82	914
82	953
83	458
83	605
83	764
83	786
83	792
84	458
84	643
84	768
84	916
84	985
85	90
85	583
85	887
85	906
85	969
86	442
86	691
86	748
86	924
86	962
87	343
87	819
87	882
87	979
87	990
88	243
88	441
88	563
88	625
88	950
89	478
89	548
89	568
89	756
89	940
90	13
90	85
90	914
90	937
90	974
91	468
91	674
91	904
91	947
91	976
92	419
92	492
92	626
92	663
92	993
93	627
93	797
93	903
93	948
93	977
94	479
94	695
94	756
94	830
94	918
95	286
95	619
95	807
95	911
95	938
96	347
96	526
96	666
96	925
96	951
97	120
97	357
97	640
97	650
97	970
98	560
98	848
98	925
98	964
98	969
99	697
99	796
99	867
99	910
99	934
100	112
100	168
100	704
100	759
100	975
101	342
101	667
101	770
101	949
101	981
102	621
102	763
102	876
102	898
102	995
103	259
103	428
103	826
103	980
103	982
104	390
104	836
104	855
104	887
104	971
105	436
105	456
105	543
105	784
105	1000
106	408
106	775
106	825
106	834
106	927
107	325
107	375
107	506
107	790
107	869
108	174
108	361
108	554
108	653
108	891
109	835
109	864
109	939
109	961
109	966
110	721
110	744
110	758
110	945
110	990
111	642
111	731
111	751
111	913
111	963
112	100
112	621
112	848
112	931
112	939
113	368
113	540
113	882
113	938
113	993
114	225
114	273
114	821
114	931
114	999
115	136
115	772
115	858
115	862
115	962
116	28
116	176
116	922
116	926
116	946
117	18
117	35
117	627
117	816
117	846
118	635
118	734
118	796
118	849
118	970
119	348
119	865
119	902
119	921
119	944
120	97
120	512
120	537
120	874
120	992
121	36
121	719
121	728
121	923
121	991
122	406
122	525
122	671
122	776
122	990
123	284
123	350
123	441
123	687
123	994
124	261
124	848
124	855
124	936
124	999
125	282
125	462
125	522
125	652
125	932
126	54
126	480
126	567
126	599
126	853
127	551
127	805
127	822
127	835
127	917
128	459
128	719
128	724
128	929
128	990
129	280
129	380
129	517
129	824
129	915
130	9
130	415
130	556
130	724
130	874
131	181
131	693
131	727
131	931
131	985
132	139
132	544
132	582
132	869
132	973
133	546
133	634
133	923
133	987
133	996
134	269
134	309
134	811
134	873
134	920
135	710
135	769
135	802
135	929
135	974
136	115
136	238
136	451
136	705
136	834
137	338
137	627
137	810
137	841
137	934
138	790
138	901
138	944
138	951
138	997
139	132
139	420
139	758
139	862
139	917
140	416
140	464
140	490
140	768
140	898
141	565
141	777
141	791
141	801
141	888
142	193
142	362
142	806
142	885
142	948
143	622
143	811
143	925
143	985
143	996
144	225
144	776
144	874
144	887
144	899
145	418
145	482
145	951
145	960
145	999
146	244
146	446
146	698
146	743
146	782
147	66
147	185
147	261
147	932
147	973
148	364
148	462
148	702
148	934
148	990
149	333
149	695
149	702
149	951
149	990
150	301
150	475
150	762
150	875
150	967
151	4
151	396
151	608
151	739
151	880
152	325
152	581
152	635
152	961
152	969
153	242
153	353
153	463
153	683
153	973
154	244
154	753
154	817
154	943
154	993
155	275
155	670
155	688
155	849
155	893
156	53
156	620
156	747
156	891
156	928
157	284
157	293
157	612
157	737
157	741
158	73
158	319
158	387
158	663
158	777
159	19
159	570
159	609
159	931
159	975
160	193
160	473
160	840
160	959
160	987
161	362
161	549
161	890
161	903
161	944
162	421
162	775
162	919
162	957
162	994
163	730
163	831
163	858
163	914
163	1000
164	191
164	770
164	789
164	901
164	936
165	345
165	585
165	904
165	971
165	988
166	619
166	666
166	689
166	822
166	923
167	420
167	604
167	662
167	687
167	868
168	100
168	759
168	801
168	822
168	918
169	193
169	380
169	960
169	963
169	990
170	646
170	767
170	828
170	834
170	911
171	74
171	254
171	592
171	620
171	841
172	435
172	503
172	864
172	959
172	964
173	310
173	417
173	822
173	830
173	914
174	108
174	346
174	630
174	742
174	877
175	234
175	300
175	792
175	914
175	954
176	6
176	116
176	545
176	661
176	823
177	309
177	554
177	730
177	969
177	999
178	184
178	433
178	774
178	785
178	912
179	356
179	544
179	894
179	910
179	962
180	696
180	813
180	911
180	951
180	995
181	131
181	378
181	639
181	717
181	935
182	198
182	302
182	318
182	729
182	919
183	48
183	760
183	810
183	964
183	993
184	178
184	455
184	671
184	757
184	939
185	147
185	474
185	490
185	660
185	922
186	289
186	727
186	749
186	901
186	983
187	197
187	441
187	635
187	755
187	980
188	506
188	689
188	820
188	838
188	851
189	253
189	356
189	454
189	611
189	974
190	75
190	489
190	519
190	654
190	964
191	164
191	226
191	309
191	573
191	801
192	307
192	486
192	498
192	860
192	869
193	72
193	142
193	160
193	169
193	527
194	264
194	272
194	885
194	909
194	967
195	686
195	790
195	793
195	838
195	945
196	616
196	763
196	908
196	912
196	969
197	187
197	410
197	771
197	826
197	871
198	182
198	692
198	819
198	874
198	935
199	376
199	694
199	709
199	887
199	953
200	463
200	561
200	674
200	763
200	986
201	215
201	525
201	558
201	973
201	974
202	5
202	847
202	874
202	929
202	963
203	483
203	491
203	845
203	913
203	955
204	514
204	663
204	753
204	903
204	924
204	940
205	746
205	767
205	816
205	820
205	856
205	999
206	255
206	308
206	404
206	725
206	797
206	976
207	235
207	777
207	780
207	913
207	948
207	973
208	37
208	355
208	658
208	825
208	959
208	976
209	16
209	721
209	809
209	818
209	857
209	948
210	33
210	234
210	522
210	652
210	656
210	744
211	467
211	739
211	789
211	860
211	892
211	972
212	80
212	498
212	645
212	720
212	726
212	964
213	690
213	854
213	876
213	902
213	934
213	958
214	32
214	319
214	550
214	941
214	944
214	975
215	201
215	504
215	548
215	700
215	722
215	958
216	276
216	315
216	367
216	651
216	793
216	913
217	30
217	287
217	384
217	561
217	900
217	986
218	465
218	525
218	658
218	797
218	929
218	950
219	268
219	400
219	524
219	638
219	719
219	890
220	56
220	307
220	637
220	773
220	796
220	900
221	2
221	225
221	283
221	751
221	839
221	945
222	273
222	586
222	908
222	968
222	978
222	988
223	389
223	441
223	547
223	635
223	710
223	912
224	615
224	702
224	965
224	974
224	988
224	991
225	114
225	144
225	221
225	363
225	784
225	920
226	76
226	191
226	555
226	804
226	845
226	896
227	283
227	534
227	602
227	914
227	974
227	992
228	415
228	445
228	782
228	871
228	955
228	980
229	46
229	395
229	433
229	613
229	828
229	902
230	234
230	494
230	592
230	704
230	842
230	858
231	292
231	577
231	837
231	865
231	866
231	927
232	43
232	238
232	281
232	377
232	687
232	890
233	432
233	458
233	683
233	866
233	878
233	921
234	175
234	210
234	230
234	251
234	901
234	926
235	207
235	265
235	276
235	460
235	696
235	883
236	673
236	775
236	833
236	863
236	891
236	968
237	596
237	668
237	834
237	869
237	961
237	969
238	54
238	136
238	232
238	759
238	781
238	940
239	332
239	421
239	603
239	724
239	844
239	959
240	51
240	474
240	593
240	831
240	907
240	918
241	340
241	638
241	790
241	953
241	978
241	980
242	153
242	753
242	871
242	915
242	919
242	933
243	88
243	525
243	599
243	784
243	917
243	960
244	146
244	154
244	531
244	774
244	858
244	964
245	372
245	560
245	920
245	948
245	951
245	961
246	453
246	470
246	662
246	825
246	836
246	886
247	379
247	382
247	409
247	548
247	691
247	928
248	78
248	443
248	640
248	692
248	993
248	997
249	39
249	521
249	539
249	713
249	739
249	753
250	9
250	487
250	620
250	624
250	926
250	950
251	234
251	791
251	832
251	965
251	979
251	998
252	261
252	375
252	663
252	835
252	907
252	939
253	189
253	413
253	522
253	737
253	764
253	902
254	171
254	713
254	761
254	793
254	812
254	956
255	206
255	256
255	394
255	615
255	886
255	975
256	255
256	424
256	683
256	756
256	766
256	909
257	593
257	748
257	864
257	866
257	932
257	970
258	399
258	675
258	736
258	791
258	865
258	946
259	2
259	103
259	886
259	939
259	954
259	983
260	46
260	475
260	591
260	791
260	900
260	907
261	124
261	147
261	252
261	301
261	423
261	895
262	18
262	46
262	793
262	839
262	843
262	915
263	331
263	389
263	411
263	587
263	864
263	979
264	194
264	586
264	670
264	707
264	830
264	854
265	47
265	235
265	750
265	773
265	938
265	989
266	51
266	438
266	649
266	676
266	827
266	899
267	70
267	335
267	708
267	775
267	881
267	952
268	219
268	328
268	749
268	852
268	870
268	912
269	134
269	665
269	690
269	831
269	920
269	942
270	534
270	558
270	769
270	777
270	906
270	999
271	443
271	530
271	599
271	643
271	854
271	981
272	194
272	351
272	494
272	524
272	908
272	998
273	114
273	222
273	297
273	385
273	604
273	955
274	287
274	392
274	715
274	745
274	885
274	929
275	155
275	382
275	477
275	573
275	736
275	953
276	216
276	235
276	592
276	842
276	866
276	876
277	51
277	313
277	492
277	687
277	865
277	982
278	286
278	337
278	366
278	383
278	467
278	984
279	388
279	600
279	777
279	873
279	934
279	995
280	129
280	613
280	847
280	867
280	872
280	971
281	232
281	290
281	732
281	747
281	909
281	965
282	42
282	125
282	737
282	740
282	930
282	934
283	221
283	227
283	794
283	935
283	978
283	992
284	25
284	123
284	157
284	599
284	829
284	963
285	57
285	299
285	751
285	782
285	908
285	979
286	95
286	278
286	436
286	587
286	870
286	922
287	217
287	274
287	814
287	866
287	921
287	962
288	472
288	582
288	827
288	886
288	921
288	933
289	186
289	707
289	802
289	803
289	926
289	961
290	21
290	281
290	351
290	598
290	728
290	751
291	333
291	408
291	497
291	864
291	903
291	907
292	64
292	231
292	488
292	622
292	713
292	996
293	157
293	356
293	447
293	692
293	798
293	966
294	68
294	325
294	337
294	864
294	932
294	966
295	343
295	624
295	741
295	872
295	910
295	991
296	315
296	658
296	825
296	896
296	909
296	926
297	82
297	273
297	333
297	666
297	754
297	819
298	510
298	734
298	765
298	779
298	824
298	1000
299	285
299	523
299	764
299	781
299	865
299	975
300	175
300	645
300	686
300	720
300	772
300	879
301	34
301	150
301	261
301	642
301	658
301	803
302	182
302	389
302	508
302	765
302	801
302	995
303	557
303	727
303	743
303	890
303	892
303	907
304	483
304	583
304	670
304	702
304	984
304	992
305	332
305	358
305	399
305	449
305	638
305	762
306	314
306	467
306	524
306	832
306	898
306	946
307	192
307	220
307	788
307	807
307	854
307	922
308	8
308	206
308	734
308	765
308	769
308	771
309	134
309	177
309	191
309	741
309	857
309	984
310	173
310	574
310	587
310	614
310	703
310	960
311	596
311	648
311	926
311	936
311	961
311	964
312	672
312	744
312	904
312	936
312	972
312	981
313	277
313	595
313	608
313	828
313	869
313	959
314	306
314	510
314	540
314	594
314	913
314	978
315	61
315	216
315	296
315	593
315	830
315	950
316	382
316	759
316	883
316	902
316	912
316	971
317	364
317	516
317	793
317	893
317	960
317	983
318	182
318	416
318	621
318	801
318	915
318	978
319	158
319	214
319	454
319	693
319	976
319	1000
320	362
320	395
320	626
320	911
320	943
320	997
321	338
321	503
321	634
321	963
321	975
321	993
322	393
322	505
322	760
322	793
322	817
322	855
323	640
323	783
323	889
323	900
323	927
323	981
324	390
324	750
324	762
324	854
324	919
324	922
325	107
325	152
325	294
325	520
325	539
325	915
326	363
326	545
326	575
326	578
326	892
326	962
327	415
327	605
327	618
327	867
327	951
327	997
328	268
328	364
328	376
328	401
328	726
328	964
329	480
329	660
329	734
329	921
329	942
329	974
330	475
330	646
330	746
330	771
330	856
330	996
331	263
331	465
331	560
331	689
331	731
331	863
332	239
332	305
332	505
332	630
332	926
332	998
333	149
333	291
333	297
333	649
333	650
333	934
334	886
334	899
334	924
334	943
334	948
334	958
335	267
335	403
335	422
335	429
335	521
335	936
336	50
336	75
336	705
336	854
336	897
336	920
337	278
337	294
337	666
337	915
337	919
337	993
338	137
338	321
338	545
338	598
338	717
338	996
339	33
339	374
339	540
339	683
339	927
339	984
340	241
340	473
340	756
340	758
340	927
340	953
341	556
341	633
341	714
341	847
341	976
341	988
342	101
342	406
342	679
342	714
342	747
342	821
343	87
343	295
343	349
343	406
343	407
343	484
344	81
344	601
344	684
344	747
344	893
344	989
345	165
345	346
345	465
345	540
345	631
345	707
346	174
346	345
346	747
346	837
346	947
346	978
347	96
347	713
347	938
347	967
347	985
347	990
348	119
348	461
348	884
348	949
348	958
348	971
349	343
349	387
349	400
349	841
349	878
349	933
350	123
350	479
350	519
350	698
350	706
350	954
351	272
351	290
351	537
351	543
351	916
351	983
352	372
352	669
352	833
352	853
352	901
352	944
353	57
353	153
353	544
353	863
353	886
353	916
354	408
354	768
354	857
354	867
354	931
354	982
355	208
355	579
355	649
355	804
355	840
355	937
356	179
356	189
356	293
356	700
356	784
356	911
357	97
357	694
357	842
357	937
357	984
357	988
358	45
358	305
358	454
358	469
358	606
358	971
359	457
359	685
359	769
359	820
359	877
359	938
360	448
360	668
360	706
360	765
360	846
360	906
361	108
361	680
361	690
361	727
361	891
361	933
362	142
362	161
362	320
362	416
362	480
362	987
363	62
363	225
363	326
363	685
363	775
363	805
364	148
364	317
364	328
364	526
364	735
364	758
365	59
365	607
365	662
365	744
365	782
365	861
366	70
366	278
366	559
366	870
366	890
366	983
367	216
367	408
367	611
367	812
367	843
367	861
368	113
368	403
368	467
368	658
368	745
368	758
369	6
369	638
369	794
369	888
369	889
369	989
370	546
370	657
370	780
370	894
370	966
370	969
371	448
371	581
371	674
371	732
371	742
371	819
371	940
372	245
372	352
372	863
372	911
372	939
372	973
372	982
373	545
373	550
373	670
373	676
373	719
373	815
373	994
374	339
374	663
374	709
374	749
374	776
374	959
374	991
375	107
375	252
375	464
375	590
375	748
375	910
375	980
376	58
376	199
376	328
376	635
376	726
376	934
376	942
377	64
377	232
377	514
377	881
377	950
377	977
377	985
378	181
378	531
378	832
378	908
378	939
378	941
378	997
379	247
379	568
379	591
379	688
379	752
379	821
379	995
380	129
380	169
380	550
380	815
380	917
380	963
380	994
381	698
381	752
381	790
381	917
381	928
381	943
381	991
382	53
382	247
382	275
382	316
382	476
382	566
382	893
383	278
383	706
383	764
383	817
383	839
383	844
383	911
384	217
384	550
384	622
384	657
384	818
384	872
384	909
385	273
385	420
385	505
385	589
385	762
385	856
385	950
386	388
386	513
386	561
386	821
386	926
386	954
386	996
387	158
387	349
387	563
387	699
387	955
387	957
387	971
388	38
388	279
388	386
388	886
388	960
388	970
388	994
389	223
389	263
389	302
389	719
389	842
389	925
389	980
390	104
390	324
390	676
390	705
390	750
390	857
390	952
391	578
391	676
391	799
391	800
391	845
391	900
391	942
392	274
392	430
392	450
392	814
392	858
392	901
392	979
393	322
393	418
393	622
393	695
393	802
393	860
393	926
394	255
394	612
394	783
394	801
394	843
394	901
394	961
395	229
395	320
395	724
395	766
395	862
395	890
395	967
396	151
396	616
396	814
396	868
396	932
396	985
396	987
397	24
397	37
397	443
397	864
397	881
397	889
397	995
398	709
398	829
398	902
398	907
398	952
398	964
398	983
399	258
399	305
399	561
399	587
399	653
399	802
399	869
400	219
400	349
400	432
400	673
400	723
400	873
400	988
401	328
401	495
401	899
401	914
401	915
401	961
401	966
402	457
402	618
402	718
402	798
402	808
402	809
402	841
403	335
403	368
403	532
403	679
403	917
403	946
403	949
404	206
404	695
404	755
404	797
404	872
404	940
404	957
405	827
405	901
405	966
405	969
405	978
405	982
405	998
406	122
406	342
406	343
406	506
406	780
406	971
406	994
407	343
407	478
407	849
407	885
407	905
407	909
407	994
408	106
408	291
408	354
408	367
408	853
408	879
408	968
409	247
409	466
409	728
409	889
409	930
409	934
409	955
410	34
410	197
410	528
410	733
410	873
410	950
410	1000
411	263
411	471
411	609
411	640
411	820
411	874
411	942
412	23
412	644
412	684
412	696
412	748
412	843
412	872
413	253
413	427
413	651
413	751
413	829
413	910
413	983
414	493
414	665
414	786
414	858
414	884
414	898
414	899
415	130
415	228
415	327
415	422
415	543
415	642
415	804
416	82
416	140
416	318
416	362
416	514
416	666
416	795
417	173
417	504
417	541
417	543
417	544
417	979
417	987
418	145
418	393
418	496
418	823
418	856
418	894
418	928
419	44
419	92
419	663
419	789
419	825
419	889
419	932
420	139
420	167
420	385
420	858
420	882
420	913
420	939
421	162
421	239
421	449
421	750
421	804
421	836
421	966
422	15
422	45
422	335
422	415
422	429
422	851
422	879
423	261
423	504
423	602
423	615
423	659
423	881
423	923
424	256
424	641
424	827
424	830
424	846
424	878
424	996
425	427
425	649
425	790
425	874
425	924
425	958
425	996
426	602
426	913
426	960
426	964
426	968
426	984
426	997
427	413
427	425
427	501
427	563
427	898
427	914
427	967
428	103
428	623
428	647
428	706
428	796
428	914
428	989
429	335
429	422
429	477
429	506
429	703
429	804
429	877
430	52
430	392
430	447
430	598
430	693
430	880
430	906
431	575
431	614
431	660
431	695
431	770
431	949
431	955
432	24
432	233
432	400
432	647
432	940
432	948
432	971
433	178
433	229
433	526
433	564
433	660
433	944
433	988
434	547
434	613
434	797
434	808
434	840
434	879
434	987
435	172
435	436
435	482
435	734
435	748
435	827
435	934
436	105
436	286
436	435
436	451
436	701
436	721
436	820
437	55
437	77
437	525
437	551
437	592
437	846
437	905
438	21
438	266
438	529
438	634
438	804
438	997
438	998
439	722
439	734
439	745
439	835
439	886
439	957
439	966
440	656
440	702
440	810
440	818
440	859
440	879
440	930
441	40
441	88
441	123
441	187
441	223
441	725
441	999
442	86
442	697
442	819
442	891
442	912
442	957
442	982
443	248
443	271
443	397
443	552
443	639
443	666
443	949
444	4
444	452
444	563
444	815
444	881
444	933
444	966
445	228
445	446
445	461
445	848
445	889
445	926
445	987
446	146
446	445
446	490
446	633
446	746
446	901
446	966
447	293
447	430
447	450
447	775
447	778
447	823
447	993
448	360
448	371
448	683
448	750
448	900
448	943
448	975
449	305
449	421
449	646
449	694
449	718
449	834
449	953
450	392
450	447
450	728
450	748
450	884
450	888
450	991
451	13
451	136
451	436
451	671
451	895
451	905
451	994
452	444
452	506
452	524
452	586
452	819
452	821
452	850
453	59
453	246
453	540
453	644
453	957
453	961
453	980
454	67
454	189
454	319
454	358
454	665
454	792
454	987
455	49
455	184
455	540
455	782
455	814
455	928
455	982
456	105
456	469
456	553
456	633
456	756
456	925
456	952
457	359
457	402
457	462
457	873
457	882
457	972
457	983
458	83
458	84
458	233
458	555
458	709
458	989
458	993
459	128
459	641
459	723
459	804
459	829
459	873
459	941
460	235
460	482
460	853
460	928
460	959
460	962
460	968
461	348
461	445
461	681
461	907
461	918
461	972
461	998
462	125
462	148
462	457
462	633
462	654
462	686
462	905
463	153
463	200
463	623
463	715
463	745
463	893
463	932
464	140
464	375
464	604
464	715
464	771
464	772
464	858
465	42
465	218
465	331
465	345
465	555
465	750
465	985
466	409
466	527
466	590
466	851
466	888
466	909
466	928
467	211
467	278
467	306
467	368
467	720
467	746
467	891
468	91
468	844
468	854
468	869
468	893
468	922
468	978
469	358
469	456
469	627
469	807
469	888
469	902
469	940
470	246
470	498
470	588
470	603
470	860
470	967
470	991
471	411
471	512
471	765
471	860
471	912
471	995
471	999
472	288
472	476
472	647
472	845
472	867
472	919
472	999
473	22
473	160
473	340
473	711
473	862
473	917
473	987
474	185
474	240
474	848
474	876
474	892
474	911
474	977
475	150
475	260
475	330
475	533
475	549
475	864
475	957
476	382
476	472
476	542
476	642
476	810
476	945
476	988
477	1
477	275
477	429
477	613
477	685
477	863
477	913
478	89
478	407
478	583
478	609
478	621
478	891
478	925
479	94
479	350
479	509
479	669
479	707
479	725
479	941
480	15
480	126
480	329
480	362
480	609
480	730
480	945
481	611
481	721
481	785
481	838
481	861
481	944
481	946
482	145
482	435
482	460
482	741
482	882
482	936
482	991
483	203
483	304
483	785
483	790
483	949
483	968
483	987
484	49
484	343
484	549
484	583
484	787
484	913
484	947
485	61
485	487
485	520
485	617
485	720
485	859
485	903
486	7
486	192
486	645
486	672
486	817
486	893
486	935
487	23
487	250
487	485
487	529
487	568
487	871
487	960
488	292
488	518
488	528
488	635
488	653
488	686
488	953
489	66
489	190
489	565
489	764
489	852
489	894
489	920
489	997
490	140
490	185
490	446
490	492
490	507
490	774
490	782
490	992
491	203
491	749
491	772
491	795
491	896
491	924
491	955
491	956
492	92
492	277
492	490
492	612
492	622
492	678
492	764
492	799
493	414
493	500
493	659
493	813
493	890
493	923
493	959
493	961
494	230
494	272
494	625
494	680
494	767
494	883
494	957
494	969
495	401
495	659
495	836
495	845
495	850
495	912
495	923
495	987
496	418
496	574
496	604
496	694
496	717
496	787
496	838
496	920
497	291
497	531
497	582
497	678
497	688
497	754
497	972
497	988
498	25
498	192
498	212
498	470
498	563
498	577
498	723
498	947
499	505
499	655
499	703
499	733
499	788
499	857
499	896
499	982
500	493
500	664
500	818
500	876
500	920
500	968
500	974
500	978
501	33
501	427
501	535
501	835
501	873
501	924
501	942
501	976
502	537
502	702
502	729
502	739
502	940
502	941
502	947
502	998
503	172
503	321
503	661
503	705
503	826
503	855
503	871
503	984
504	215
504	417
504	423
504	730
504	799
504	927
504	952
504	989
505	322
505	332
505	385
505	499
505	509
505	531
505	548
505	594
506	48
506	107
506	188
506	406
506	429
506	452
506	904
506	946
507	490
507	656
507	812
507	816
507	856
507	936
507	938
507	995
508	302
508	633
508	658
508	818
508	883
508	944
508	958
508	967
509	13
509	479
509	505
509	720
509	735
509	760
509	763
509	963
510	298
510	314
510	754
510	862
510	967
510	976
510	979
510	985
511	580
511	653
511	686
511	697
511	889
511	906
511	915
511	969
512	120
512	471
512	520
512	575
512	601
512	638
512	855
512	900
513	34
513	386
513	645
513	832
513	879
513	907
513	916
513	953
514	204
514	377
514	416
514	674
514	687
514	841
514	955
514	983
515	524
515	680
515	698
515	731
515	749
515	786
515	828
515	975
516	317
516	604
516	638
516	655
516	677
516	726
516	931
516	960
517	129
517	636
517	839
517	882
517	886
517	908
517	935
517	955
518	488
518	558
518	617
518	655
518	800
518	842
518	890
518	923
519	19
519	190
519	350
519	520
519	672
519	765
519	967
519	986
520	325
520	485
520	512
520	519
520	699
520	798
520	912
520	953
521	249
521	335
521	584
521	613
521	628
521	838
521	846
521	858
522	78
522	125
522	210
522	253
522	550
522	629
522	768
522	954
523	299
523	791
523	821
523	847
523	928
523	956
523	980
523	1000
524	219
524	272
524	306
524	452
524	515
524	576
524	710
524	717
525	122
525	201
525	218
525	243
525	437
525	765
525	904
525	978
526	40
526	96
526	364
526	433
526	555
526	610
526	716
526	894
527	18
527	193
527	466
527	751
527	856
527	899
527	917
527	922
528	410
528	488
528	684
528	783
528	823
528	851
528	956
528	984
529	438
529	487
529	585
529	811
529	818
529	851
529	863
529	936
530	1
530	271
530	534
530	565
530	585
530	666
530	788
530	993
531	244
531	378
531	497
531	505
531	731
531	896
531	982
531	989
532	403
532	724
532	740
532	799
532	833
532	889
532	905
532	938
533	475
533	576
533	653
533	679
533	741
533	837
533	851
533	954
534	227
534	270
534	530
534	683
534	738
534	946
534	954
534	976
535	501
535	617
535	645
535	867
535	875
535	924
535	976
535	989
536	548
536	598
536	648
536	677
536	827
536	838
536	870
536	960
537	120
537	351
537	502
537	591
537	596
537	903
537	906
537	981
538	46
538	573
538	614
538	740
538	876
538	896
538	991
538	992
539	249
539	325
539	554
539	630
539	660
539	668
539	958
539	965
540	113
540	314
540	339
540	345
540	453
540	455
540	911
540	988
541	417
541	548
541	716
541	723
541	792
541	903
541	970
541	998
542	43
542	476
542	717
542	718
542	808
542	809
542	824
542	920
543	105
543	351
543	415
543	417
543	728
543	883
543	899
543	998
544	132
544	179
544	353
544	417
544	548
544	618
544	646
544	864
545	176
545	326
545	338
545	373
545	565
545	650
545	831
545	966
546	133
546	370
546	611
546	680
546	758
546	775
546	864
546	899
547	223
547	434
547	594
547	657
547	713
547	803
547	851
547	951
548	89
548	215
548	247
548	505
548	536
548	541
548	544
548	947
549	161
549	475
549	484
549	550
549	571
549	861
549	908
549	960
550	214
550	373
550	380
550	384
550	522
550	549
550	569
550	728
551	127
551	437
551	571
551	756
551	833
551	841
551	848
551	883
552	443
552	596
552	822
552	838
552	900
552	957
552	974
552	976
553	456
553	564
553	767
553	831
553	878
553	886
553	911
553	973
554	38
554	108
554	177
554	539
554	679
554	913
554	966
554	974
555	49
555	226
555	458
555	465
555	526
555	809
555	882
555	963
556	130
556	341
556	643
556	680
556	702
556	908
556	935
556	1000
557	60
557	303
557	691
557	863
557	892
557	895
557	958
557	998
558	201
558	270
558	518
558	618
558	917
558	929
558	941
558	945
559	57
559	366
559	619
559	700
559	824
559	895
559	948
559	981
560	98
560	245
560	331
560	620
560	791
560	794
560	821
560	909
561	200
561	217
561	386
561	399
561	607
561	778
561	867
561	950
562	585
562	711
562	771
562	772
562	855
562	916
562	947
562	974
563	88
563	387
563	427
563	444
563	498
563	650
563	710
563	857
564	433
564	553
564	639
564	779
564	828
564	851
564	874
564	938
565	141
565	489
565	530
565	545
565	619
565	648
565	817
565	847
566	382
566	567
566	616
566	697
566	935
566	944
566	994
566	996
567	126
567	566
567	667
567	716
567	797
567	831
567	915
567	941
568	89
568	379
568	487
568	600
568	777
568	786
568	895
568	997
569	550
569	617
569	722
569	853
569	870
569	913
569	944
569	951
570	159
570	750
570	774
570	844
570	930
570	935
570	942
570	963
571	14
571	549
571	551
571	585
571	826
571	872
571	895
571	933
572	810
572	812
572	826
572	961
572	970
572	972
572	988
572	993
573	191
573	275
573	538
573	910
573	948
573	971
573	980
573	996
574	310
574	496
574	666
574	736
574	743
574	877
574	899
574	990
575	326
575	431
575	512
575	576
575	799
575	929
575	967
575	999
576	22
576	524
576	533
576	575
576	770
576	869
576	882
576	977
577	5
577	231
577	498
577	769
577	813
577	868
577	948
577	996
578	326
578	391
578	625
578	639
578	679
578	719
578	936
578	958
579	355
579	655
579	671
579	742
579	746
579	894
579	930
579	990
580	511
580	598
580	617
580	624
580	759
580	788
580	850
580	891
580	954
581	13
581	152
581	371
581	739
581	811
581	855
581	859
581	861
581	964
582	132
582	288
582	497
582	778
582	796
582	857
582	877
582	882
582	978
583	17
583	85
583	304
583	478
583	484
583	648
583	842
583	895
583	910
584	521
584	626
584	699
584	846
584	856
584	874
584	879
584	929
584	986
585	165
585	529
585	530
585	562
585	571
585	733
585	816
585	868
585	990
586	71
586	222
586	264
586	452
586	593
586	881
586	931
586	965
586	986
587	263
587	286
587	310
587	399
587	597
587	644
587	781
587	932
587	979
588	74
588	470
588	681
588	686
588	688
588	760
588	875
588	953
588	973
589	385
589	611
589	652
589	742
589	750
589	842
589	877
589	891
589	945
590	31
590	375
590	466
590	595
590	656
590	841
590	850
590	955
590	970
591	34
591	260
591	379
591	537
591	805
591	857
591	892
591	941
591	977
592	171
592	230
592	276
592	437
592	755
592	758
592	766
592	956
592	997
593	240
593	257
593	315
593	586
593	653
593	825
593	833
593	898
593	900
594	314
594	505
594	547
594	830
594	835
594	869
594	915
594	933
594	994
595	39
595	313
595	590
595	601
595	696
595	784
595	866
595	908
595	993
596	237
596	311
596	537
596	552
596	906
596	927
596	946
596	994
596	997
597	50
597	587
597	611
597	700
597	710
597	791
597	886
597	949
597	989
598	73
598	290
598	338
598	430
598	536
598	580
598	634
598	965
598	988
599	126
599	243
599	271
599	284
599	709
599	885
599	924
599	980
599	984
600	6
600	279
600	568
600	734
600	754
600	784
600	796
600	852
600	930
601	344
601	512
601	595
601	668
601	708
601	794
601	937
601	959
601	977
602	227
602	423
602	426
602	754
602	807
602	867
602	890
602	967
602	986
603	21
603	239
603	470
603	606
603	621
603	622
603	671
603	877
603	982
604	167
604	273
604	464
604	496
604	516
604	641
604	658
604	661
604	694
605	31
605	83
605	327
605	609
605	657
605	771
605	811
605	875
605	888
606	358
606	603
606	609
606	670
606	732
606	757
606	857
606	933
606	987
607	23
607	365
607	561
607	632
607	661
607	713
607	767
607	770
607	985
608	151
608	313
608	631
608	647
608	681
608	785
608	833
608	842
608	905
609	159
609	411
609	478
609	480
609	605
609	606
609	662
609	929
609	966
610	526
610	661
610	673
610	732
610	757
610	837
610	884
610	985
610	997
611	10
611	189
611	367
611	481
611	546
611	589
611	597
611	736
611	821
612	12
612	27
612	157
612	394
612	492
612	651
612	811
612	886
612	948
613	73
613	229
613	280
613	434
613	477
613	521
613	933
613	937
613	985
614	310
614	431
614	538
614	682
614	747
614	781
614	934
614	995
614	999
615	224
615	255
615	423
615	624
615	701
615	887
615	891
615	955
615	982
616	196
616	396
616	566
616	725
616	738
616	800
616	868
616	874
616	969
617	485
617	518
617	535
617	569
617	580
617	647
617	692
617	895
617	941
618	327
618	402
618	544
618	558
618	647
618	649
618	755
618	832
618	845
619	95
619	166
619	559
619	565
619	675
619	695
619	717
619	813
619	851
620	68
620	156
620	171
620	250
620	560
620	669
620	800
620	856
620	988
621	102
621	112
621	318
621	478
621	603
621	693
621	745
621	870
621	915
622	143
622	292
622	384
622	393
622	492
622	603
622	643
622	746
622	756
623	428
623	463
623	811
623	812
623	916
623	950
623	952
623	984
623	992
624	250
624	295
624	580
624	615
624	892
624	904
624	924
624	962
624	986
625	88
625	494
625	578
625	642
625	688
625	893
625	897
625	972
625	994
626	39
626	41
626	52
626	92
626	320
626	584
626	670
626	791
626	810
627	93
627	117
627	137
627	469
627	629
627	743
627	932
627	946
627	963
628	521
628	644
628	705
628	733
628	763
628	831
628	837
628	946
628	976
629	522
629	627
629	725
629	782
629	883
629	914
629	957
629	978
629	997
630	70
630	174
630	332
630	539
630	652
630	732
630	792
630	835
630	998
631	345
631	608
631	661
631	703
631	733
631	879
631	919
631	961
631	998
632	6
632	20
632	75
632	607
632	648
632	827
632	867
632	938
632	970
633	341
633	446
633	456
633	462
633	508
633	704
633	808
633	935
633	972
634	4
634	133
634	321
634	438
634	598
634	697
634	755
634	811
634	859
635	118
635	152
635	187
635	223
635	376
635	488
635	751
635	769
635	920
636	10
636	11
636	517
636	643
636	742
636	909
636	924
636	944
636	969
637	3
637	220
637	658
637	677
637	795
637	805
637	933
637	977
637	990
638	219
638	241
638	305
638	369
638	512
638	516
638	745
638	964
638	968
639	181
639	443
639	564
639	578
639	815
639	817
639	880
639	960
639	962
640	97
640	248
640	323
640	411
640	691
640	711
640	808
640	922
640	989
641	424
641	459
641	604
641	643
641	668
641	697
641	703
641	979
641	995
642	8
642	111
642	301
642	415
642	476
642	625
642	696
642	854
642	952
643	84
643	271
643	556
643	622
643	636
643	641
643	831
643	884
643	907
644	412
644	453
644	587
644	628
644	756
644	809
644	921
644	925
644	961
645	212
645	300
645	486
645	513
645	535
645	798
645	865
645	885
645	950
645	967
646	170
646	330
646	449
646	544
646	816
646	900
646	930
646	940
646	947
646	987
647	428
647	432
647	472
647	608
647	617
647	618
647	706
647	736
647	823
647	980
648	52
648	311
648	536
648	565
648	583
648	632
648	701
648	733
648	785
648	952
649	266
649	333
649	355
649	425
649	618
649	656
649	739
649	793
649	943
649	984
650	97
650	333
650	545
650	563
650	662
650	852
650	860
650	865
650	897
650	952
651	56
651	216
651	413
651	612
651	690
651	712
651	825
651	877
651	885
651	967
652	125
652	210
652	589
652	630
652	680
652	723
652	778
652	888
652	916
652	989
653	108
653	399
653	488
653	511
653	533
653	593
653	805
653	806
653	840
653	915
654	190
654	462
654	707
654	776
654	792
654	880
654	917
654	950
654	961
654	990
655	499
655	516
655	518
655	579
655	657
655	659
655	686
655	828
655	902
655	946
656	210
656	440
656	507
656	590
656	649
656	885
656	893
656	902
656	903
656	990
657	370
657	384
657	547
657	605
657	655
657	760
657	864
657	871
657	925
657	930
658	14
658	208
658	218
658	296
658	301
658	368
658	508
658	604
658	637
658	722
659	41
659	423
659	493
659	495
659	655
659	709
659	842
659	852
659	890
659	906
660	185
660	329
660	431
660	433
660	539
660	748
660	874
660	923
660	933
660	977
661	39
661	176
661	503
661	604
661	607
661	610
661	631
661	667
661	844
661	887
662	167
662	246
662	365
662	609
662	650
662	799
662	884
662	902
662	943
662	980
663	23
663	92
663	158
663	204
663	252
663	374
663	419
663	691
663	859
663	960
664	500
664	668
664	743
664	758
664	875
664	912
664	922
664	949
664	956
664	960
665	67
665	269
665	414
665	454
665	760
665	773
665	782
665	788
665	814
665	997
666	17
666	96
666	166
666	297
666	337
666	416
666	443
666	530
666	574
666	863
667	16
667	101
667	567
667	661
667	687
667	732
667	735
667	884
667	893
667	954
668	237
668	360
668	539
668	601
668	641
668	664
668	678
668	785
668	791
668	826
669	352
669	479
669	620
669	670
669	728
669	780
669	789
669	877
669	888
669	910
670	155
670	264
670	304
670	373
670	606
670	626
670	669
670	878
670	926
670	943
671	122
671	184
671	451
671	579
671	603
671	705
671	818
671	872
671	972
671	998
672	312
672	486
672	519
672	690
672	692
672	699
672	804
672	813
672	944
672	986
673	63
673	236
673	400
673	610
673	691
673	692
673	805
673	863
673	935
673	968
674	91
674	200
674	371
674	514
674	690
674	771
674	828
674	852
674	968
674	974
675	258
675	619
675	679
675	682
675	692
675	696
675	817
675	926
675	970
675	975
676	10
676	266
676	373
676	390
676	391
676	894
676	904
676	906
676	946
676	993
677	516
677	536
677	637
677	681
677	826
677	842
677	922
677	943
677	945
677	955
678	492
678	497
678	668
678	909
678	916
678	952
678	969
678	981
678	990
678	999
679	44
679	342
679	403
679	533
679	554
679	578
679	675
679	736
679	812
679	986
680	361
680	494
680	515
680	546
680	556
680	652
680	686
680	741
680	926
680	944
681	461
681	588
681	608
681	677
681	826
681	839
681	844
681	872
681	942
681	995
682	614
682	675
682	691
682	698
682	745
682	769
682	789
682	830
682	910
682	996
683	153
683	233
683	256
683	339
683	448
683	534
683	755
683	856
683	884
683	935
684	5
684	344
684	412
684	528
684	719
684	746
684	883
684	902
684	937
684	981
685	18
685	59
685	359
685	363
685	477
685	754
685	892
685	975
685	982
685	997
686	195
686	300
686	462
686	488
686	511
686	588
686	655
686	680
686	790
686	894
687	123
687	167
687	232
687	277
687	514
687	667
687	744
687	763
687	885
687	921
688	20
688	155
688	379
688	497
688	588
688	625
688	835
688	879
688	986
688	999
689	166
689	188
689	331
689	812
689	836
689	887
689	894
689	937
689	940
689	997
690	8
690	213
690	269
690	361
690	651
690	672
690	674
690	708
690	717
690	887
691	86
691	247
691	557
691	640
691	663
691	673
691	682
691	848
691	876
691	993
692	198
692	248
692	293
692	617
692	672
692	673
692	675
692	826
692	828
692	873
692	973
693	131
693	319
693	430
693	621
693	700
693	703
693	739
693	831
693	949
693	962
693	972
694	55
694	199
694	357
694	449
694	496
694	604
694	724
694	807
694	832
694	945
694	955
695	94
695	149
695	393
695	404
695	431
695	619
695	697
695	739
695	800
695	803
695	855
696	180
696	235
696	412
696	595
696	642
696	675
696	734
696	867
696	956
696	992
696	997
697	99
697	442
697	511
697	566
697	634
697	641
697	695
697	704
697	748
697	762
697	989
698	146
698	350
698	381
698	515
698	682
698	789
698	885
698	911
698	927
698	965
698	995
699	387
699	520
699	584
699	672
699	744
699	787
699	822
699	845
699	851
699	901
699	930
700	215
700	356
700	559
700	597
700	693
700	718
700	755
700	801
700	885
700	946
700	979
701	436
701	615
701	648
701	768
701	796
701	804
701	806
701	825
701	859
701	935
701	987
702	148
702	149
702	224
702	304
702	440
702	502
702	556
702	706
702	732
702	761
702	837
703	310
703	429
703	499
703	631
703	641
703	693
703	725
703	838
703	845
703	882
703	935
704	24
704	29
704	100
704	230
704	633
704	697
704	712
704	747
704	792
704	882
704	953
705	33
705	136
705	336
705	390
705	503
705	628
705	671
705	817
705	892
705	972
705	1000
706	350
706	360
706	383
706	428
706	647
706	702
706	763
706	764
706	923
706	959
706	984
707	264
707	289
707	345
707	479
707	654
707	713
707	757
707	863
707	869
707	939
707	953
708	14
708	17
708	267
708	601
708	690
708	747
708	789
708	841
708	907
708	910
708	991
709	199
709	374
709	398
709	458
709	599
709	659
709	748
709	814
709	834
709	907
709	921
710	135
710	223
710	524
710	563
710	597
710	729
710	813
710	891
710	893
710	908
710	919
711	62
711	67
711	473
711	562
711	640
711	712
711	717
711	721
711	945
711	949
711	997
712	651
712	704
712	711
712	714
712	889
712	899
712	953
712	954
712	955
712	974
712	1000
713	69
713	249
713	254
713	292
713	347
713	547
713	607
713	707
713	829
713	880
713	967
714	59
714	341
714	342
714	712
714	744
714	768
714	807
714	939
714	974
714	983
714	993
715	274
715	463
715	464
715	716
715	780
715	830
715	858
715	865
715	912
715	931
715	974
716	7
716	21
716	526
716	541
716	567
716	715
716	766
716	791
716	844
716	910
716	921
717	181
717	338
717	496
717	524
717	542
717	619
717	690
717	711
717	745
717	792
717	869
718	402
718	449
718	542
718	700
718	815
718	824
718	866
718	915
718	931
718	964
718	967
719	121
719	128
719	219
719	373
719	389
719	578
719	684
719	736
719	941
719	962
719	977
720	212
720	300
720	467
720	485
720	509
720	780
720	794
720	818
720	861
720	963
720	968
721	36
721	110
721	209
721	436
721	481
721	711
721	777
721	784
721	883
721	900
721	973
722	215
722	439
722	569
722	658
722	726
722	729
722	748
722	754
722	798
722	806
722	949
723	400
723	459
723	498
723	541
723	652
723	735
723	838
723	844
723	890
723	939
723	989
724	128
724	130
724	239
724	395
724	532
724	694
724	757
724	838
724	916
724	928
724	962
725	27
725	206
725	441
725	479
725	616
725	629
725	703
725	760
725	856
725	868
725	932
726	11
726	212
726	328
726	376
726	516
726	722
726	832
726	852
726	883
726	921
726	980
727	131
727	186
727	303
727	361
727	849
727	873
727	901
727	926
727	960
727	969
727	995
728	121
728	290
728	409
728	450
728	543
728	550
728	669
728	776
728	857
728	904
728	974
729	42
729	182
729	502
729	710
729	722
729	779
729	840
729	897
729	916
729	928
729	981
730	163
730	177
730	480
730	504
730	805
730	847
730	862
730	897
730	942
730	959
730	981
731	75
731	111
731	331
731	515
731	531
731	740
731	762
731	787
731	846
731	925
731	981
732	37
732	281
732	371
732	606
732	610
732	630
732	667
732	702
732	773
732	809
732	865
733	410
733	499
733	585
733	628
733	631
733	648
733	896
733	912
733	970
733	980
733	981
734	118
734	298
734	308
734	329
734	435
734	439
734	600
734	696
734	833
734	992
734	1000
735	364
735	509
735	667
735	723
735	737
735	834
735	871
735	916
735	930
735	944
735	993
736	68
736	258
736	275
736	574
736	611
736	647
736	679
736	719
736	853
736	925
736	993
737	29
737	31
737	157
737	253
737	282
737	735
737	779
737	807
737	833
737	836
737	988
738	28
738	69
738	534
738	616
738	758
738	759
738	909
738	932
738	945
738	952
738	974
738	992
739	151
739	211
739	249
739	502
739	581
739	649
739	693
739	695
739	819
739	844
739	913
739	977
740	282
740	532
740	538
740	731
740	744
740	803
740	841
740	855
740	887
740	899
740	943
740	957
741	157
741	295
741	309
741	482
741	533
741	680
741	795
741	879
741	918
741	928
741	965
741	996
742	174
742	371
742	579
742	589
742	636
742	743
742	760
742	792
742	843
742	911
742	930
742	987
743	146
743	303
743	574
743	627
743	664
743	742
743	751
743	860
743	911
743	927
743	976
743	988
744	110
744	210
744	312
744	365
744	687
744	699
744	714
744	740
744	780
744	794
744	956
744	958
745	274
745	368
745	439
745	463
745	621
745	638
745	682
745	717
745	753
745	914
745	932
745	942
746	205
746	330
746	446
746	467
746	579
746	622
746	684
746	759
746	787
746	799
746	865
746	898
747	52
747	156
747	281
747	342
747	344
747	346
747	614
747	704
747	708
747	838
747	931
747	972
748	86
748	257
748	375
748	412
748	435
748	450
748	660
748	697
748	709
748	722
748	884
748	985
749	12
749	54
749	186
749	268
749	374
749	491
749	515
749	757
749	868
749	906
749	910
749	948
750	43
750	265
750	324
750	390
750	421
750	448
750	465
750	570
750	589
750	794
750	832
750	842
751	111
751	221
751	285
751	290
751	413
751	527
751	635
751	743
751	788
751	796
751	907
751	931
752	34
752	379
752	381
752	795
752	820
752	947
752	957
752	966
752	973
752	982
752	985
752	989
753	65
753	154
753	204
753	242
753	249
753	745
753	766
753	775
753	798
753	956
753	962
753	973
754	297
754	497
754	510
754	600
754	602
754	685
754	722
754	757
754	811
754	880
754	904
754	954
755	187
755	404
755	592
755	618
755	634
755	683
755	700
755	796
755	843
755	904
755	987
755	999
756	58
756	89
756	94
756	256
756	340
756	456
756	551
756	622
756	644
756	781
756	783
756	989
757	184
757	606
757	610
757	707
757	724
757	749
757	754
757	840
757	892
757	902
757	909
757	945
758	110
758	139
758	340
758	364
758	368
758	546
758	592
758	664
758	738
758	788
758	897
758	930
759	100
759	168
759	238
759	316
759	580
759	738
759	746
759	770
759	820
759	880
759	884
759	951
760	183
760	322
760	509
760	588
760	657
760	665
760	725
760	742
760	862
760	907
760	966
760	996
761	57
761	79
761	254
761	702
761	766
761	864
761	893
761	896
761	897
761	923
761	931
761	968
762	29
762	150
762	305
762	324
762	385
762	697
762	731
762	765
762	807
762	821
762	918
762	952
763	102
763	196
763	200
763	509
763	628
763	687
763	706
763	772
763	855
763	891
763	917
763	950
764	83
764	253
764	299
764	383
764	489
764	492
764	706
764	843
764	860
764	939
764	971
764	982
765	298
765	302
765	308
765	360
765	471
765	519
765	525
765	762
765	800
765	824
765	881
765	933
766	43
766	256
766	395
766	592
766	716
766	753
766	761
766	786
766	803
766	862
766	952
766	973
767	170
767	205
767	494
767	553
767	607
767	768
767	843
767	875
767	894
767	918
767	963
767	970
768	84
768	140
768	354
768	522
768	701
768	714
768	767
768	867
768	868
768	880
768	896
768	916
769	135
769	270
769	308
769	359
769	577
769	635
769	682
769	771
769	797
769	924
769	935
769	964
770	47
770	101
770	164
770	431
770	576
770	607
770	759
770	782
770	902
770	944
770	959
770	992
771	38
771	197
771	308
771	330
771	464
771	562
771	605
771	674
771	769
771	865
771	940
771	957
772	115
772	300
772	464
772	491
772	562
772	763
772	897
772	917
772	919
772	937
772	947
772	966
773	61
773	220
773	265
773	665
773	732
773	800
773	816
773	855
773	862
773	875
773	976
773	983
774	178
774	244
774	490
774	570
774	782
774	795
774	801
774	881
774	901
774	907
774	949
774	992
775	106
775	162
775	236
775	267
775	363
775	447
775	546
775	753
775	778
775	809
775	909
775	958
776	122
776	144
776	374
776	654
776	728
776	789
776	812
776	852
776	897
776	934
776	957
776	977
777	141
777	158
777	207
777	270
777	279
777	568
777	721
777	784
777	789
777	912
777	924
777	996
778	447
778	561
778	582
778	652
778	775
778	822
778	880
778	886
778	913
778	924
778	942
778	965
779	16
779	298
779	564
779	729
779	737
779	811
779	835
779	849
779	875
779	890
779	911
779	999
780	207
780	370
780	406
780	669
780	715
780	720
780	744
780	825
780	904
780	914
780	942
780	973
781	77
781	238
781	299
781	587
781	614
781	756
781	862
781	890
781	913
781	921
781	944
781	972
782	146
782	228
782	285
782	365
782	455
782	490
782	629
782	665
782	770
782	774
782	830
782	890
782	895
783	63
783	323
783	394
783	528
783	756
783	784
783	794
783	795
783	800
783	825
783	847
783	898
783	992
784	9
784	105
784	225
784	243
784	356
784	595
784	600
784	721
784	777
784	783
784	790
784	820
784	938
785	178
785	481
785	483
785	608
785	648
785	668
785	797
785	805
785	862
785	875
785	879
785	991
785	998
786	83
786	414
786	515
786	568
786	766
786	809
786	876
786	882
786	932
786	942
786	943
786	945
786	998
787	53
787	484
787	496
787	699
787	731
787	746
787	840
787	842
787	847
787	963
787	970
787	977
787	988
788	26
788	307
788	499
788	530
788	580
788	665
788	751
788	758
788	797
788	859
788	861
788	958
788	1000
789	76
789	164
789	211
789	419
789	669
789	682
789	698
789	708
789	776
789	777
789	834
789	861
789	937
790	107
790	138
790	195
790	241
790	381
790	425
790	483
790	686
790	784
790	852
790	866
790	907
790	912
791	75
791	141
791	251
791	258
791	260
791	523
791	560
791	597
791	626
791	668
791	716
791	858
791	977
792	83
792	175
792	454
792	541
792	630
792	654
792	704
792	717
792	742
792	801
792	881
792	905
792	995
793	195
793	216
793	254
793	262
793	317
793	322
793	649
793	829
793	839
793	843
793	853
793	907
793	991
794	283
794	369
794	560
794	601
794	720
794	744
794	750
794	783
794	795
794	823
794	965
794	989
794	994
795	416
795	491
795	637
795	741
795	752
795	774
795	783
795	794
795	817
795	917
795	918
795	952
795	955
796	99
796	118
796	220
796	428
796	582
796	600
796	701
796	751
796	755
796	805
796	862
796	941
796	954
797	19
797	93
797	206
797	218
797	404
797	434
797	567
797	769
797	785
797	788
797	815
797	826
797	983
798	293
798	402
798	520
798	645
798	722
798	753
798	801
798	880
798	888
798	896
798	949
798	976
798	982
799	391
799	492
799	504
799	532
799	575
799	662
799	746
799	813
799	845
799	969
799	974
799	991
799	997
800	391
800	518
800	616
800	620
800	695
800	765
800	773
800	783
800	852
800	873
800	898
800	899
800	979
801	141
801	168
801	191
801	302
801	318
801	394
801	700
801	774
801	792
801	798
801	840
801	876
801	981
802	1
802	14
802	135
802	289
802	393
802	399
802	810
802	820
802	869
802	877
802	920
802	939
802	995
803	289
803	301
803	547
803	695
803	740
803	766
803	829
803	866
803	873
803	880
803	896
803	926
803	966
804	226
804	355
804	415
804	421
804	429
804	438
804	459
804	672
804	701
804	840
804	882
804	899
804	972
805	127
805	363
805	591
805	637
805	653
805	673
805	730
805	785
805	796
805	865
805	931
805	967
805	995
806	12
806	142
806	653
806	701
806	722
806	823
806	832
806	854
806	859
806	876
806	931
806	985
806	986
807	95
807	307
807	469
807	602
807	694
807	714
807	737
807	762
807	870
807	892
807	933
807	952
807	958
808	402
808	434
808	542
808	633
808	640
808	813
808	825
808	850
808	921
808	950
808	961
808	967
808	992
809	209
809	402
809	542
809	555
809	644
809	732
809	775
809	786
809	824
809	829
809	831
809	963
809	1000
810	37
810	137
810	183
810	440
810	476
810	572
810	626
810	802
810	873
810	893
810	968
810	980
810	996
811	134
811	143
811	529
811	581
811	605
811	612
811	623
811	634
811	754
811	779
811	871
811	932
811	995
812	52
812	254
812	367
812	507
812	572
812	623
812	679
812	689
812	776
812	837
812	960
812	986
812	991
813	180
813	493
813	577
813	619
813	672
813	710
813	799
813	808
813	895
813	905
813	915
813	936
813	961
814	287
814	392
814	396
814	455
814	665
814	709
814	815
814	830
814	891
814	918
814	920
814	938
814	942
815	40
815	373
815	380
815	444
815	639
815	718
815	797
815	814
815	836
815	849
815	883
815	959
815	998
816	27
816	62
816	117
816	205
816	507
816	585
816	646
816	773
816	835
816	859
816	946
816	951
816	979
816	1000
817	25
817	58
817	154
817	322
817	383
817	486
817	565
817	639
817	675
817	705
817	795
817	843
817	849
817	971
818	209
818	384
818	440
818	500
818	508
818	529
818	671
818	720
818	844
818	863
818	881
818	927
818	965
818	975
819	87
819	198
819	297
819	371
819	442
819	452
819	739
819	836
819	846
819	862
819	932
819	935
819	947
819	995
820	188
820	205
820	359
820	411
820	436
820	752
820	759
820	784
820	802
820	823
820	884
820	969
820	980
820	985
821	114
821	342
821	379
821	386
821	452
821	523
821	560
821	611
821	762
821	866
821	913
821	953
821	965
821	985
822	82
822	127
822	166
822	168
822	173
822	552
822	699
822	778
822	841
822	845
822	850
822	868
822	906
822	955
823	9
823	176
823	418
823	447
823	528
823	647
823	794
823	806
823	820
823	849
823	854
823	876
823	916
823	921
824	129
824	298
824	542
824	559
824	718
824	765
824	809
824	837
824	894
824	929
824	949
824	963
824	987
824	995
825	106
825	208
825	246
825	296
825	419
825	593
825	651
825	701
825	780
825	783
825	808
825	917
825	983
825	988
826	103
826	197
826	503
826	571
826	572
826	668
826	677
826	681
826	692
826	797
826	841
826	850
826	893
826	903
827	36
827	76
827	266
827	288
827	405
827	424
827	435
827	536
827	632
827	875
827	897
827	922
827	964
827	992
828	170
828	229
828	313
828	515
828	564
828	655
828	674
828	692
828	852
828	900
828	906
828	913
828	963
828	978
829	284
829	398
829	413
829	459
829	713
829	793
829	803
829	809
829	860
829	877
829	888
829	891
829	904
829	996
830	94
830	173
830	264
830	315
830	424
830	594
830	682
830	715
830	782
830	814
830	847
830	851
830	958
830	975
831	163
831	240
831	269
831	545
831	553
831	567
831	628
831	643
831	693
831	809
831	941
831	956
831	973
831	999
832	68
832	76
832	251
832	306
832	378
832	513
832	618
832	694
832	726
832	750
832	806
832	843
832	918
832	983
833	53
833	236
833	352
833	532
833	551
833	593
833	608
833	734
833	737
833	894
833	951
833	959
833	970
833	1000
834	106
834	136
834	170
834	237
834	449
834	709
834	735
834	789
834	837
834	853
834	861
834	883
834	923
834	949
835	109
835	127
835	252
835	439
835	501
835	594
835	630
835	688
835	779
835	816
835	849
835	857
835	877
835	953
836	70
836	104
836	246
836	421
836	495
836	689
836	737
836	815
836	819
836	839
836	889
836	901
836	916
836	1000
837	48
837	231
837	346
837	533
837	610
837	628
837	702
837	812
837	824
837	834
837	861
837	874
837	914
837	950
838	188
838	195
838	481
838	496
838	521
838	536
838	552
838	703
838	723
838	724
838	747
838	873
838	939
838	990
839	221
839	262
839	383
839	517
839	681
839	793
839	836
839	842
839	873
839	878
839	917
839	955
839	956
839	984
839	1000
840	160
840	355
840	434
840	653
840	729
840	757
840	787
840	801
840	804
840	877
840	898
840	928
840	933
840	956
840	957
841	45
841	137
841	171
841	349
841	402
841	514
841	551
841	590
841	708
841	740
841	822
841	826
841	921
841	942
841	946
842	230
842	276
842	357
842	389
842	518
842	583
842	589
842	608
842	659
842	677
842	750
842	787
842	839
842	878
842	975
843	262
843	367
843	394
843	412
843	742
843	755
843	764
843	767
843	793
843	817
843	832
843	868
843	917
843	918
843	989
844	30
844	239
844	383
844	468
844	570
844	661
844	681
844	716
844	723
844	739
844	818
844	902
844	903
844	914
844	982
845	203
845	226
845	391
845	472
845	495
845	618
845	699
845	703
845	799
845	822
845	872
845	918
845	933
845	953
845	987
846	117
846	360
846	424
846	437
846	521
846	584
846	731
846	819
846	923
846	948
846	959
846	965
846	974
846	977
846	985
847	60
847	202
847	280
847	341
847	523
847	565
847	730
847	783
847	787
847	830
847	866
847	872
847	876
847	952
847	979
848	8
848	19
848	98
848	112
848	124
848	445
848	474
848	551
848	691
848	871
848	892
848	906
848	970
848	983
848	989
849	118
849	155
849	407
849	727
849	779
849	815
849	817
849	823
849	835
849	861
849	897
849	900
849	991
849	996
849	997
850	452
850	495
850	580
850	590
850	808
850	822
850	826
850	868
850	870
850	923
850	931
850	940
850	951
850	954
850	979
851	188
851	422
851	466
851	528
851	529
851	533
851	547
851	564
851	619
851	699
851	830
851	876
851	883
851	989
851	999
852	268
852	489
852	600
852	650
852	659
852	674
852	726
852	776
852	790
852	800
852	828
852	895
852	900
852	919
852	927
853	126
853	352
853	408
853	460
853	569
853	736
853	793
853	834
853	871
853	888
853	930
853	961
853	970
853	978
853	982
854	213
854	264
854	271
854	307
854	324
854	336
854	468
854	642
854	806
854	823
854	859
854	878
854	900
854	919
854	971
855	104
855	124
855	322
855	503
855	512
855	562
855	581
855	695
855	740
855	763
855	773
855	867
855	905
855	965
855	994
856	21
856	205
856	330
856	385
856	418
856	507
856	527
856	584
856	620
856	683
856	725
856	905
856	925
856	946
856	990
857	209
857	309
857	354
857	390
857	499
857	563
857	582
857	591
857	606
857	728
857	835
857	858
857	920
857	962
857	965
858	28
858	80
858	115
858	163
858	230
858	244
858	392
858	414
858	420
858	464
858	521
858	715
858	791
858	857
858	911
859	56
859	440
859	485
859	581
859	634
859	663
859	701
859	788
859	806
859	816
859	854
859	869
859	887
859	923
859	934
860	65
860	192
860	211
860	393
860	470
860	471
860	650
860	743
860	764
860	829
860	873
860	878
860	895
860	896
860	942
860	972
861	71
861	365
861	367
861	481
861	549
861	581
861	720
861	788
861	789
861	834
861	837
861	849
861	915
861	930
861	951
861	990
862	115
862	139
862	395
862	473
862	510
862	730
862	760
862	766
862	773
862	781
862	785
862	796
862	819
862	987
862	993
862	1000
863	236
863	331
863	353
863	372
863	477
863	529
863	557
863	666
863	673
863	707
863	818
863	898
863	916
863	918
863	924
863	973
864	109
864	172
864	257
864	263
864	291
864	294
864	397
864	475
864	544
864	546
864	657
864	761
864	882
864	887
864	937
864	980
865	64
865	119
865	231
865	258
865	277
865	299
865	645
865	650
865	715
865	732
865	746
865	771
865	805
865	905
865	927
865	954
866	80
866	231
866	233
866	257
866	276
866	287
866	595
866	718
866	790
866	803
866	821
866	847
866	905
866	932
866	936
866	948
867	67
867	99
867	280
867	327
867	354
867	472
867	535
867	561
867	602
867	632
867	696
867	768
867	855
867	875
867	971
867	990
868	81
868	167
868	396
868	577
868	585
868	616
868	725
868	749
868	768
868	822
868	843
868	850
868	876
868	955
868	961
868	979
869	107
869	132
869	192
869	237
869	313
869	399
869	468
869	576
869	594
869	707
869	717
869	802
869	859
869	909
869	946
869	983
870	26
870	268
870	286
870	366
870	536
870	569
870	621
870	807
870	850
870	879
870	881
870	885
870	887
870	908
870	970
870	975
871	40
871	197
871	228
871	242
871	487
871	503
871	657
871	735
871	811
871	848
871	853
871	886
871	888
871	903
871	940
871	982
872	280
872	295
872	384
872	404
872	412
872	571
872	671
872	681
872	845
872	847
872	876
872	884
872	887
872	910
872	953
872	995
873	134
873	279
873	400
873	410
873	457
873	459
873	501
873	692
873	727
873	800
873	803
873	810
873	838
873	839
873	860
873	943
874	22
874	120
874	130
874	144
874	198
874	202
874	411
874	425
874	564
874	584
874	616
874	660
874	837
874	896
874	922
874	992
875	72
875	150
875	535
875	588
875	605
875	664
875	767
875	773
875	779
875	785
875	827
875	867
875	889
875	895
875	897
875	930
876	102
876	213
876	276
876	474
876	500
876	538
876	691
876	786
876	801
876	806
876	823
876	847
876	851
876	868
876	872
876	943
877	15
877	65
877	174
877	359
877	429
877	574
877	582
877	589
877	603
877	651
877	669
877	802
877	829
877	835
877	840
877	893
878	5
878	60
878	233
878	349
878	424
878	553
878	670
878	839
878	842
878	854
878	860
878	901
878	902
878	928
878	975
878	999
879	61
879	300
879	408
879	422
879	434
879	440
879	513
879	584
879	631
879	688
879	741
879	785
879	870
879	901
879	926
879	932
879	947
880	77
880	151
880	430
880	639
880	654
880	713
880	754
880	759
880	768
880	778
880	798
880	803
880	929
880	931
880	938
880	945
880	975
881	50
881	78
881	267
881	377
881	397
881	423
881	444
881	586
881	765
881	774
881	792
881	818
881	870
881	910
881	928
881	951
881	993
882	3
882	87
882	113
882	420
882	457
882	482
882	517
882	555
882	576
882	582
882	703
882	704
882	786
882	804
882	864
882	973
882	991
883	235
883	316
883	494
883	508
883	543
883	551
883	629
883	684
883	721
883	726
883	815
883	834
883	851
883	898
883	974
883	994
883	996
884	348
884	414
884	450
884	610
884	643
884	662
884	667
884	683
884	748
884	759
884	820
884	872
884	897
884	898
884	922
884	973
884	979
885	10
885	142
885	194
885	274
885	407
885	599
885	645
885	651
885	656
885	687
885	698
885	700
885	870
885	905
885	925
885	977
885	980
886	7
886	246
886	255
886	259
886	288
886	334
886	353
886	388
886	439
886	517
886	553
886	597
886	612
886	778
886	871
886	906
886	919
887	66
887	85
887	104
887	144
887	199
887	615
887	661
887	689
887	690
887	740
887	859
887	864
887	870
887	872
887	891
887	958
887	988
888	81
888	141
888	369
888	450
888	466
888	469
888	605
888	652
888	669
888	798
888	829
888	853
888	871
888	894
888	900
888	902
888	908
889	41
889	79
889	323
889	369
889	397
889	409
889	419
889	445
889	511
889	532
889	712
889	836
889	875
889	917
889	918
889	923
889	986
890	161
890	219
890	232
890	303
890	366
890	395
890	493
890	518
890	602
890	659
890	723
890	779
890	781
890	782
890	898
890	952
890	982
891	108
891	156
891	236
891	361
891	442
891	467
891	478
891	580
891	589
891	615
891	710
891	763
891	814
891	829
891	887
891	983
891	986
892	211
892	303
892	326
892	474
892	557
892	591
892	624
892	685
892	705
892	757
892	807
892	848
892	903
892	914
892	937
892	963
892	1000
893	15
893	65
893	155
893	317
893	344
893	382
893	463
893	468
893	486
893	625
893	656
893	667
893	710
893	761
893	810
893	826
893	877
894	47
894	179
894	370
894	418
894	489
894	526
894	579
894	676
894	686
894	689
894	767
894	824
894	833
894	888
894	958
894	963
894	968
895	261
895	451
895	557
895	559
895	568
895	571
895	583
895	617
895	782
895	813
895	852
895	860
895	875
895	916
895	926
895	948
895	987
896	23
896	51
896	226
896	296
896	491
896	499
896	531
896	538
896	733
896	761
896	768
896	798
896	803
896	860
896	874
896	937
896	988
897	11
897	16
897	336
897	625
897	650
897	729
897	730
897	758
897	761
897	772
897	776
897	827
897	849
897	875
897	884
897	964
897	991
898	46
898	102
898	140
898	306
898	414
898	427
898	593
898	746
898	783
898	800
898	840
898	863
898	883
898	884
898	890
898	920
898	960
899	67
899	144
899	266
899	334
899	401
899	414
899	527
899	543
899	546
899	574
899	712
899	740
899	800
899	804
899	923
899	965
899	991
900	217
900	220
900	260
900	323
900	391
900	448
900	512
900	552
900	593
900	646
900	721
900	828
900	849
900	852
900	854
900	888
900	961
900	973
901	138
901	164
901	186
901	234
901	352
901	392
901	394
901	405
901	446
901	699
901	727
901	774
901	836
901	878
901	879
901	956
901	968
901	982
902	119
902	213
902	229
902	253
902	316
902	398
902	469
902	655
902	656
902	662
902	684
902	757
902	770
902	844
902	878
902	888
902	949
902	994
903	93
903	161
903	204
903	291
903	485
903	537
903	541
903	656
903	826
903	844
903	871
903	892
903	905
903	937
903	938
903	947
903	957
903	980
904	15
904	24
904	58
904	91
904	165
904	312
904	506
904	525
904	624
904	676
904	728
904	754
904	755
904	780
904	829
904	909
904	911
904	925
905	71
905	407
905	437
905	451
905	462
905	532
905	608
905	792
905	813
905	855
905	856
905	865
905	866
905	885
905	903
905	918
905	936
905	977
906	72
906	85
906	270
906	360
906	430
906	511
906	537
906	596
906	659
906	676
906	749
906	822
906	828
906	848
906	886
906	919
906	939
906	940
907	20
907	240
907	252
907	260
907	291
907	303
907	398
907	461
907	513
907	643
907	708
907	709
907	751
907	760
907	774
907	790
907	793
907	968
908	62
908	74
908	196
908	222
908	272
908	285
908	378
908	517
908	549
908	556
908	595
908	710
908	870
908	888
908	933
908	936
908	947
908	958
909	194
909	256
909	281
909	296
909	384
909	407
909	466
909	560
909	636
909	678
909	738
909	757
909	775
909	869
909	904
909	934
909	983
909	991
910	37
910	99
910	179
910	295
910	375
910	413
910	573
910	583
910	669
910	682
910	708
910	716
910	749
910	872
910	881
910	924
910	966
910	972
911	95
911	170
911	180
911	320
911	356
911	372
911	383
911	474
911	540
911	553
911	698
911	742
911	743
911	779
911	858
911	904
911	936
911	947
912	70
912	178
912	196
912	223
912	268
912	316
912	442
912	471
912	495
912	520
912	664
912	715
912	733
912	777
912	790
912	922
912	964
912	984
913	13
913	111
913	203
913	207
913	216
913	314
913	420
913	426
913	477
913	484
913	554
913	569
913	739
913	778
913	781
913	821
913	828
913	934
913	944
914	22
914	35
914	82
914	90
914	163
914	173
914	175
914	227
914	401
914	427
914	428
914	629
914	745
914	780
914	837
914	844
914	892
914	943
914	968
915	129
915	242
915	262
915	318
915	325
915	337
915	401
915	511
915	567
915	594
915	621
915	653
915	718
915	813
915	861
915	928
915	963
915	979
915	986
916	84
916	351
916	353
916	513
916	562
916	623
916	652
916	678
916	724
916	729
916	735
916	768
916	823
916	836
916	863
916	895
916	945
916	987
916	990
917	127
917	139
917	243
917	380
917	381
917	403
917	473
917	527
917	558
917	654
917	763
917	772
917	795
917	825
917	839
917	843
917	889
917	925
917	943
918	63
918	94
918	168
918	240
918	461
918	741
918	762
918	767
918	795
918	814
918	832
918	843
918	845
918	863
918	889
918	905
918	940
918	959
918	998
919	25
919	72
919	162
919	182
919	242
919	324
919	337
919	472
919	631
919	710
919	772
919	852
919	854
919	886
919	906
919	923
919	925
919	969
919	983
920	9
920	11
920	17
920	134
920	225
920	245
920	269
920	336
920	489
920	496
920	500
920	542
920	635
920	802
920	814
920	857
920	898
920	953
920	962
921	119
921	233
921	287
921	288
921	329
921	644
921	687
921	709
921	716
921	726
921	781
921	808
921	823
921	841
921	922
921	977
921	979
921	983
921	984
922	116
922	185
922	286
922	307
922	324
922	468
922	527
922	640
922	664
922	677
922	827
922	874
922	884
922	912
922	921
922	948
922	949
922	951
922	995
923	121
923	133
923	166
923	423
923	493
923	495
923	518
923	660
923	706
923	761
923	834
923	846
923	850
923	859
923	889
923	899
923	919
923	925
923	937
924	12
924	35
924	86
924	204
924	334
924	425
924	491
924	501
924	535
924	599
924	624
924	636
924	769
924	777
924	778
924	863
924	910
924	962
924	972
925	64
925	96
925	98
925	143
925	389
925	456
925	478
925	644
925	657
925	731
925	736
925	856
925	885
925	904
925	917
925	919
925	923
925	956
925	993
926	36
926	116
926	234
926	250
926	289
926	296
926	311
926	332
926	386
926	393
926	445
926	670
926	675
926	680
926	727
926	803
926	879
926	895
926	995
927	42
927	64
927	106
927	231
927	323
927	339
927	340
927	504
927	596
927	698
927	743
927	818
927	852
927	865
927	950
927	959
927	976
927	978
927	981
928	156
928	247
928	381
928	418
928	455
928	460
928	466
928	523
928	724
928	729
928	741
928	840
928	878
928	881
928	915
928	930
928	959
928	990
928	999
929	26
929	27
929	35
929	36
929	39
929	128
929	135
929	202
929	218
929	274
929	558
929	575
929	584
929	609
929	824
929	880
929	975
929	978
929	996
930	282
930	409
930	440
930	570
930	579
930	600
930	646
930	657
930	699
930	735
930	742
930	758
930	853
930	861
930	875
930	928
930	949
930	956
930	962
931	73
931	112
931	114
931	131
931	159
931	354
931	516
931	586
931	715
931	718
931	747
931	751
931	761
931	805
931	806
931	850
931	880
931	935
931	960
932	125
932	147
932	257
932	294
932	396
932	419
932	463
932	587
932	627
932	725
932	738
932	745
932	786
932	811
932	819
932	866
932	879
932	941
932	973
933	242
933	288
933	349
933	361
933	444
933	571
933	594
933	606
933	613
933	637
933	660
933	765
933	807
933	840
933	845
933	908
933	938
933	941
933	960
933	990
934	30
934	68
934	99
934	137
934	148
934	213
934	279
934	282
934	333
934	376
934	409
934	435
934	614
934	776
934	859
934	909
934	913
934	939
934	969
934	972
935	181
935	198
935	283
935	486
935	517
935	556
935	566
935	570
935	633
935	673
935	683
935	701
935	703
935	769
935	819
935	931
935	946
935	952
935	972
935	980
936	32
936	124
936	164
936	311
936	312
936	335
936	482
936	507
936	529
936	578
936	813
936	866
936	905
936	908
936	911
936	947
936	951
936	959
936	962
936	992
937	79
937	90
937	355
937	357
937	601
937	613
937	684
937	689
937	772
937	789
937	864
937	892
937	896
937	903
937	923
937	944
937	948
937	962
937	987
937	1000
938	71
938	77
938	95
938	113
938	265
938	347
938	359
938	507
938	532
938	564
938	632
938	784
938	814
938	880
938	903
938	933
938	940
938	945
938	955
938	971
939	18
939	109
939	112
939	184
939	252
939	259
939	372
939	378
939	420
939	707
939	714
939	723
939	764
939	802
939	838
939	906
939	934
939	945
939	992
939	993
940	89
940	204
940	238
940	371
940	404
940	432
940	469
940	502
940	646
940	689
940	771
940	850
940	871
940	906
940	918
940	938
940	965
940	969
940	976
940	980
941	214
941	378
941	459
941	479
941	502
941	558
941	567
941	591
941	617
941	719
941	796
941	831
941	932
941	933
941	943
941	954
941	972
941	973
941	984
941	998
942	19
942	29
942	47
942	269
942	329
942	376
942	391
942	411
942	501
942	570
942	681
942	730
942	745
942	778
942	780
942	786
942	814
942	841
942	860
942	997
943	154
943	320
943	334
943	381
943	448
943	649
943	662
943	670
943	677
943	740
943	786
943	873
943	876
943	914
943	917
943	941
943	949
943	954
943	965
943	975
944	42
944	63
944	119
944	138
944	161
944	214
944	352
944	433
944	481
944	508
944	566
944	569
944	636
944	672
944	680
944	735
944	770
944	781
944	913
944	937
945	44
945	110
945	195
945	221
945	476
945	480
945	558
945	589
945	677
945	694
945	711
945	738
945	757
945	786
945	880
945	916
945	938
945	939
945	973
945	976
946	116
946	258
946	306
946	403
946	481
946	506
946	534
946	596
946	627
946	628
946	655
946	676
946	700
946	816
946	841
946	856
946	869
946	935
946	954
946	984
947	1
947	10
947	33
947	91
947	346
947	484
947	498
947	502
947	548
947	562
947	646
947	752
947	772
947	819
947	879
947	903
947	908
947	911
947	936
947	996
948	30
948	73
948	93
948	142
948	207
948	209
948	245
948	334
948	432
948	559
948	573
948	577
948	612
948	749
948	846
948	866
948	895
948	922
948	937
948	989
949	101
949	348
949	403
949	431
949	443
949	483
949	597
949	664
949	693
949	711
949	722
949	774
949	798
949	824
949	834
949	902
949	922
949	930
949	943
949	984
950	16
950	58
950	88
950	218
950	250
950	315
950	377
950	385
950	410
950	561
950	623
950	645
950	654
950	763
950	808
950	837
950	927
950	976
950	977
950	986
951	4
951	51
951	96
951	138
951	145
951	149
951	180
951	245
951	327
951	547
951	569
951	759
951	816
951	833
951	850
951	861
951	881
951	922
951	936
951	955
951	969
952	4
952	267
952	390
952	398
952	456
952	504
952	623
952	642
952	648
952	650
952	678
952	738
952	762
952	766
952	795
952	807
952	847
952	890
952	935
952	982
952	985
953	11
953	82
953	199
953	241
953	275
953	340
953	449
953	488
953	513
953	520
953	588
953	704
953	707
953	712
953	821
953	835
953	845
953	872
953	920
953	985
953	998
954	22
954	175
954	259
954	350
954	386
954	522
954	533
954	534
954	580
954	667
954	712
954	754
954	796
954	850
954	865
954	941
954	943
954	946
954	970
954	971
954	999
955	60
955	203
955	228
955	273
955	387
955	409
955	431
955	491
955	514
955	517
955	590
955	615
955	677
955	694
955	712
955	795
955	822
955	839
955	868
955	938
955	951
956	2
956	5
956	41
956	254
956	491
956	523
956	528
956	592
956	664
956	696
956	744
956	753
956	831
956	839
956	840
956	901
956	925
956	930
956	968
956	984
956	986
957	3
957	53
957	162
957	387
957	404
957	439
957	442
957	453
957	475
957	494
957	552
957	629
957	740
957	752
957	771
957	776
957	840
957	903
957	971
957	975
957	991
958	78
958	213
958	215
958	334
958	348
958	425
958	508
958	539
958	557
958	578
958	744
958	775
958	788
958	807
958	830
958	887
958	894
958	908
958	966
958	978
958	993
959	160
959	172
959	208
959	239
959	313
959	374
959	460
959	493
959	601
959	706
959	730
959	770
959	815
959	833
959	846
959	918
959	927
959	928
959	936
959	967
959	989
960	38
960	145
960	169
960	243
960	310
960	317
960	388
960	426
960	487
960	516
960	536
960	549
960	639
960	663
960	664
960	727
960	812
960	898
960	931
960	933
960	1000
961	71
961	109
961	152
961	237
961	245
961	289
961	311
961	394
961	401
961	453
961	493
961	572
961	631
961	644
961	654
961	808
961	813
961	853
961	868
961	900
961	985
962	25
962	55
962	86
962	115
962	179
962	287
962	326
962	460
962	624
962	639
962	693
962	719
962	724
962	753
962	857
962	920
962	924
962	930
962	936
962	937
962	986
963	69
963	111
963	169
963	202
963	284
963	321
963	380
963	509
963	555
963	570
963	627
963	720
963	767
963	787
963	809
963	824
963	828
963	892
963	894
963	915
963	981
964	98
964	172
964	183
964	190
964	212
964	244
964	311
964	328
964	398
964	426
964	581
964	638
964	718
964	769
964	827
964	897
964	912
964	965
964	981
964	995
964	996
964	998
965	65
965	224
965	251
965	281
965	539
965	586
965	598
965	698
965	741
965	778
965	794
965	818
965	821
965	846
965	855
965	857
965	899
965	940
965	943
965	964
965	985
965	994
966	2
966	109
966	293
966	294
966	370
966	401
966	405
966	421
966	439
966	444
966	446
966	545
966	554
966	609
966	752
966	760
966	772
966	803
966	910
966	958
966	988
966	996
967	12
967	61
967	150
967	194
967	347
967	395
967	427
967	470
967	508
967	510
967	519
967	575
967	602
967	645
967	651
967	713
967	718
967	805
967	808
967	959
967	974
967	997
968	44
968	76
968	222
968	236
968	408
968	426
968	460
968	483
968	500
968	638
968	673
968	674
968	720
968	761
968	810
968	894
968	901
968	907
968	914
968	956
968	977
968	998
969	85
969	98
969	152
969	177
969	196
969	237
969	370
969	405
969	494
969	511
969	616
969	636
969	678
969	727
969	799
969	820
969	919
969	934
969	940
969	951
969	977
969	988
970	63
970	97
970	118
970	257
970	388
970	541
970	572
970	590
970	632
970	675
970	733
970	767
970	787
970	833
970	848
970	853
970	870
970	954
970	971
970	976
970	979
970	997
971	59
971	104
971	165
971	280
971	316
971	348
971	358
971	387
971	406
971	432
971	573
971	764
971	817
971	854
971	867
971	938
971	954
971	957
971	970
971	979
971	992
971	1000
972	211
972	312
972	457
972	461
972	497
972	572
972	625
972	633
972	671
972	693
972	705
972	747
972	781
972	804
972	860
972	910
972	924
972	934
972	935
972	941
972	981
972	986
973	48
973	132
973	147
973	153
973	201
973	207
973	372
973	553
973	588
973	692
973	721
973	752
973	753
973	766
973	780
973	831
973	863
973	882
973	884
973	900
973	932
973	941
973	945
974	90
974	135
974	189
974	201
974	224
974	227
974	329
974	500
974	552
974	554
974	562
974	674
974	712
974	714
974	715
974	728
974	738
974	799
974	846
974	883
974	967
974	977
974	982
975	14
975	31
975	100
975	159
975	214
975	255
975	299
975	321
975	448
975	515
975	675
975	685
975	818
975	830
975	842
975	870
975	878
975	880
975	929
975	943
975	957
975	985
975	997
976	20
976	72
976	91
976	206
976	208
976	319
976	341
976	501
976	510
976	534
976	535
976	552
976	628
976	743
976	773
976	798
976	927
976	940
976	945
976	950
976	970
976	995
976	996
977	54
977	79
977	93
977	377
977	474
977	576
977	591
977	601
977	637
977	660
977	719
977	739
977	776
977	787
977	791
977	846
977	885
977	905
977	921
977	950
977	968
977	969
977	974
978	40
978	66
978	222
978	241
978	283
978	314
978	318
978	346
978	405
978	468
978	500
978	525
978	582
978	629
978	828
978	853
978	927
978	929
978	958
978	981
978	992
978	994
978	998
979	2
979	87
979	251
979	263
979	285
979	392
979	417
979	510
979	587
979	641
979	700
979	800
979	816
979	847
979	850
979	868
979	884
979	915
979	921
979	970
979	971
979	984
979	994
980	17
980	45
980	103
980	187
980	228
980	241
980	375
980	389
980	453
980	523
980	573
980	599
980	647
980	662
980	726
980	733
980	810
980	820
980	864
980	885
980	903
980	935
980	940
981	50
981	101
981	271
981	312
981	323
981	537
981	559
981	678
981	684
981	729
981	730
981	731
981	733
981	801
981	927
981	963
981	964
981	972
981	978
981	991
981	992
981	994
981	999
982	57
982	103
982	277
982	354
982	372
982	405
982	442
982	455
982	499
982	531
982	603
982	615
982	685
982	752
982	764
982	798
982	844
982	853
982	871
982	890
982	901
982	952
982	974
983	60
983	186
983	259
983	317
983	351
983	366
983	398
983	413
983	457
983	514
983	714
983	773
983	797
983	825
983	832
983	848
983	869
983	891
983	909
983	919
983	921
983	984
983	993
984	77
984	278
984	304
984	309
984	339
984	357
984	426
984	503
984	528
984	599
984	623
984	649
984	706
984	839
984	912
984	921
984	941
984	946
984	949
984	956
984	979
984	983
984	994
985	38
985	41
985	84
985	131
985	143
985	347
985	377
985	396
985	465
985	510
985	607
985	610
985	613
985	748
985	752
985	806
985	820
985	821
985	846
985	952
985	953
985	961
985	965
985	975
986	45
986	80
986	200
986	217
986	519
986	584
986	586
986	602
986	624
986	672
986	679
986	688
986	806
986	812
986	889
986	891
986	915
986	950
986	956
986	962
986	972
986	991
986	992
986	998
987	31
987	133
987	160
987	362
987	396
987	417
987	434
987	445
987	454
987	473
987	483
987	495
987	606
987	646
987	701
987	742
987	755
987	824
987	845
987	862
987	895
987	916
987	937
987	999
988	28
988	74
988	165
988	222
988	224
988	341
988	357
988	400
988	433
988	476
988	497
988	540
988	572
988	598
988	620
988	737
988	743
988	787
988	825
988	887
988	896
988	966
988	969
988	990
989	7
989	32
989	265
989	344
989	369
989	428
989	458
989	504
989	531
989	535
989	597
989	640
989	652
989	697
989	723
989	752
989	756
989	794
989	843
989	848
989	851
989	948
989	959
989	991
990	3
990	87
990	110
990	122
990	128
990	148
990	149
990	169
990	347
990	574
990	579
990	585
990	637
990	654
990	656
990	678
990	838
990	856
990	861
990	867
990	916
990	928
990	933
990	988
991	62
991	121
991	224
991	295
991	374
991	381
991	450
991	470
991	482
991	538
991	708
991	785
991	793
991	799
991	812
991	849
991	882
991	897
991	899
991	909
991	957
991	981
991	986
991	989
992	49
992	55
992	81
992	120
992	227
992	283
992	304
992	490
992	538
992	623
992	696
992	734
992	738
992	770
992	774
992	783
992	808
992	827
992	874
992	936
992	939
992	971
992	978
992	981
992	986
993	35
993	92
993	113
993	154
993	183
993	248
993	321
993	337
993	447
993	458
993	530
993	572
993	595
993	676
993	691
993	714
993	735
993	736
993	862
993	881
993	925
993	939
993	958
993	983
993	998
994	43
994	56
994	69
994	123
994	162
994	373
994	380
994	388
994	406
994	407
994	451
994	566
994	594
994	596
994	625
994	794
994	855
994	883
994	902
994	965
994	978
994	979
994	981
994	984
994	999
995	20
995	102
995	180
995	279
995	302
995	379
995	397
995	471
995	507
995	614
995	641
995	681
995	698
995	727
995	792
995	802
995	805
995	811
995	819
995	824
995	872
995	922
995	926
995	964
995	976
996	133
996	143
996	292
996	330
996	338
996	386
996	424
996	425
996	566
996	573
996	577
996	682
996	741
996	760
996	777
996	810
996	829
996	849
996	883
996	929
996	947
996	964
996	966
996	976
996	1000
997	26
997	138
997	248
997	320
997	327
997	378
997	426
997	438
997	489
997	568
997	592
997	596
997	610
997	629
997	665
997	685
997	689
997	696
997	711
997	799
997	849
997	942
997	967
997	970
997	975
998	32
998	251
998	272
998	332
998	405
998	438
998	461
998	502
998	541
998	543
998	557
998	630
998	631
998	671
998	785
998	786
998	815
998	918
998	941
998	953
998	964
998	968
998	978
998	986
998	993
999	8
999	78
999	114
999	124
999	145
999	177
999	205
999	270
999	441
999	471
999	472
999	575
999	614
999	678
999	688
999	755
999	779
999	831
999	851
999	878
999	928
999	954
999	981
999	987
999	994
1000	32
1000	56
1000	66
1000	105
1000	163
1000	298
1000	319
1000	410
1000	523
1000	556
1000	705
1000	712
1000	734
1000	788
1000	809
1000	816
1000	833
1000	836
1000	839
1000	862
1000	892
1000	937
1000	960
1000	971
1000	996
