1	3 
2	11 
3	5 
4	6 
5	11 
6	8 
7	12 
8	11 
9	9 
10	6 
11	10 
12	6 
13	5 
14	3 
15	6 
16	7 
17	11 
18	3 
19	3 
20	6 
21	12 
22	5 
23	7 
24	5 
25	12 
26	6 
27	7 
28	1 
29	10 
30	12 
31	5 
32	5 
33	1 
34	7 
35	12 
36	5 
37	3 
38	2 
39	11 
40	10 
41	12 
42	10 
43	10 
44	12 
45	4 
46	9 
47	5 
48	7 
49	3 
50	12 
51	8 
52	9 
53	9 
54	12 
55	9 
56	7 
57	6 
58	7 
59	3 
60	8 
61	5 
62	6 
63	2 
64	5 
65	11 
66	5 
67	9 
68	4 
69	5 
70	2 
71	1 
72	7 
73	12 
74	3 
75	9 
76	7 
77	2 
78	10 
79	1 
80	6 
81	8 
82	12 
83	5 
84	4 
85	3 
86	7 
87	4 
88	10 
89	1 
90	6 
91	7 
92	9 
93	4 
94	12 
95	7 
96	12 
97	9 
98	9 
99	8 
100	5 
101	3 
102	11 
103	11 
104	6 
105	2 
106	1 
107	1 
108	1 
109	5 
110	5 
111	9 
112	6 
113	8 
114	9 
115	11 
116	1 
117	12 
118	12 
119	8 
120	2 
121	6 
122	11 
123	1 
124	8 
125	2 
126	4 
127	2 
128	4 
129	7 
130	10 
131	4 
132	9 
133	4 
134	2 
135	5 
136	3 
137	2 
138	3 
139	12 
140	7 
141	6 
142	5 
143	7 
144	1 
145	7 
146	7 
147	2 
148	3 
149	10 
150	4 
151	6 
152	1 
153	5 
154	3 
155	1 
156	2 
157	11 
158	4 
159	4 
160	9 
161	9 
162	12 
163	7 
164	11 
165	11 
166	10 
167	9 
168	5 
169	1 
170	12 
171	3 
172	12 
173	5 
174	6 
175	5 
176	8 
177	5 
178	11 
179	2 
180	2 
181	3 
182	12 
183	11 
184	6 
185	4 
186	7 
187	6 
188	8 
189	12 
190	12 
191	5 
192	10 
193	12 
194	12 
195	4 
196	4 
197	3 
198	12 
199	10 
200	5 
201	7 
202	7 
203	3 
204	6 
205	2 
206	1 
207	3 
208	12 
209	3 
210	1 
211	4 
212	7 
213	9 
214	1 
215	8 
216	3 
217	8 
218	10 
219	12 
220	3 
221	5 
222	2 
223	4 
224	4 
225	2 
226	3 
227	10 
228	5 
229	1 
230	12 
231	6 
232	1 
233	7 
234	12 
235	5 
236	6 
237	3 
238	6 
239	10 
240	6 
241	1 
242	2 
243	5 
244	10 
245	11 
246	8 
247	7 
248	1 
249	10 
250	2 
251	8 
252	9 
253	5 
254	10 
255	10 
256	5 
257	10 
258	1 
259	8 
260	11 
261	9 
262	7 
263	7 
264	1 
265	11 
266	5 
267	12 
268	3 
269	9 
270	8 
271	5 
272	3 
273	9 
274	9 
275	5 
276	11 
277	4 
278	8 
279	7 
280	6 
281	7 
282	4 
283	2 
284	6 
285	4 
286	4 
287	3 
288	4 
289	12 
290	6 
291	6 
292	6 
293	11 
294	8 
295	9 
296	6 
297	11 
298	7 
299	3 
300	9 
301	12 
302	9 
303	3 
304	1 
305	1 
306	2 
307	10 
308	3 
309	11 
310	2 
311	4 
312	7 
313	5 
314	2 
315	1 
316	9 
317	12 
318	6 
319	8 
320	7 
321	12 
322	5 
323	8 
324	12 
325	1 
326	1 
327	11 
328	7 
329	9 
330	6 
331	6 
332	11 
333	2 
334	12 
335	6 
336	12 
337	11 
338	6 
339	8 
340	8 
341	2 
342	7 
343	4 
344	12 
345	3 
346	5 
347	1 
348	12 
349	11 
350	11 
351	2 
352	4 
353	7 
354	1 
355	10 
356	12 
357	4 
358	6 
359	2 
360	11 
361	6 
362	4 
363	8 
364	5 
365	12 
366	2 
367	9 
368	2 
369	6 
370	8 
371	5 
372	3 
373	11 
374	11 
375	4 
376	10 
377	11 
378	11 
379	8 
380	6 
381	7 
382	6 
383	6 
384	4 
385	3 
386	9 
387	11 
388	3 
389	6 
390	8 
391	10 
392	6 
393	12 
394	7 
395	10 
396	9 
397	7 
398	6 
399	6 
400	7 
401	6 
402	2 
403	8 
404	5 
405	1 
406	1 
407	6 
408	10 
409	4 
410	1 
411	8 
412	3 
413	2 
414	9 
415	8 
416	12 
417	11 
418	8 
419	1 
420	1 
421	3 
422	4 
423	5 
424	12 
425	11 
426	1 
427	5 
428	12 
429	4 
430	8 
431	12 
432	2 
433	12 
434	7 
435	5 
436	11 
437	7 
438	9 
439	9 
440	11 
441	6 
442	6 
443	1 
444	9 
445	9 
446	6 
447	3 
448	2 
449	5 
450	11 
451	10 
452	6 
453	11 
454	9 
455	11 
456	12 
457	2 
458	8 
459	8 
460	1 
461	5 
462	5 
463	3 
464	12 
465	2 
466	1 
467	4 
468	9 
469	5 
470	10 
471	3 
472	1 
473	1 
474	7 
475	3 
476	6 
477	2 
478	7 
479	3 
480	7 
481	11 
482	1 
483	1 
484	10 
485	11 
486	2 
487	5 
488	1 
489	1 
490	9 
491	5 
492	7 
493	1 
494	8 
495	3 
496	5 
497	3 
498	1 
499	5 
500	11 
501	7 
502	5 
503	11 
504	12 
505	3 
506	6 
507	7 
508	2 
509	10 
510	3 
511	9 
512	2 
513	9 
514	7 
515	11 
516	2 
517	8 
518	12 
519	11 
520	4 
521	11 
522	7 
523	1 
524	11 
525	4 
526	5 
527	12 
528	12 
529	7 
530	7 
531	7 
532	8 
533	8 
534	12 
535	2 
536	1 
537	9 
538	6 
539	1 
540	3 
541	5 
542	5 
543	9 
544	12 
545	10 
546	7 
547	6 
548	11 
549	9 
550	12 
551	9 
552	1 
553	4 
554	1 
555	1 
556	4 
557	5 
558	10 
559	11 
560	10 
561	6 
562	9 
563	2 
564	8 
565	2 
566	5 
567	2 
568	1 
569	7 
570	10 
571	7 
572	7 
573	3 
574	1 
575	6 
576	1 
577	11 
578	8 
579	6 
580	12 
581	1 
582	3 
583	3 
584	6 
585	6 
586	9 
587	7 
588	1 
589	7 
590	5 
591	5 
592	11 
593	2 
594	6 
595	3 
596	1 
597	5 
598	8 
599	3 
600	8 
601	1 
602	7 
603	6 
604	8 
605	4 
606	4 
607	2 
608	8 
609	9 
610	6 
611	7 
612	6 
613	2 
614	7 
615	12 
616	1 
617	5 
618	11 
619	7 
620	9 
621	7 
622	5 
623	12 
624	1 
625	2 
626	1 
627	7 
628	9 
629	7 
630	4 
631	6 
632	5 
633	7 
634	8 
635	7 
636	4 
637	10 
638	12 
639	12 
640	12 
641	1 
642	7 
643	9 
644	5 
645	11 
646	10 
647	1 
648	4 
649	2 
650	12 
651	11 
652	10 
653	1 
654	4 
655	1 
656	3 
657	6 
658	2 
659	12 
660	10 
661	3 
662	10 
663	12 
664	5 
665	10 
666	3 
667	7 
668	5 
669	12 
670	5 
671	7 
672	2 
673	6 
674	2 
675	3 
676	8 
677	8 
678	9 
679	6 
680	10 
681	11 
682	12 
683	9 
684	6 
685	12 
686	2 
687	9 
688	1 
689	9 
690	6 
691	11 
692	12 
693	3 
694	7 
695	4 
696	9 
697	4 
698	12 
699	7 
700	11 
701	12 
702	1 
703	2 
704	4 
705	11 
706	9 
707	2 
708	1 
709	1 
710	6 
711	9 
712	12 
713	2 
714	3 
715	11 
716	11 
717	11 
718	6 
719	9 
720	7 
721	3 
722	12 
723	1 
724	11 
725	5 
726	10 
727	4 
728	10 
729	1 
730	6 
731	12 
732	1 
733	9 
734	5 
735	1 
736	5 
737	5 
738	7 
739	6 
740	2 
741	12 
742	4 
743	11 
744	10 
745	3 
746	2 
747	2 
748	8 
749	1 
750	8 
751	11 
752	1 
753	5 
754	3 
755	6 
756	4 
757	1 
758	11 
759	10 
760	6 
761	2 
762	3 
763	2 
764	6 
765	7 
766	10 
767	12 
768	2 
769	3 
770	1 
771	7 
772	4 
773	5 
774	3 
775	1 
776	6 
777	2 
778	9 
779	3 
780	4 
781	11 
782	6 
783	6 
784	12 
785	10 
786	1 
787	7 
788	11 
789	6 
790	10 
791	5 
792	4 
793	8 
794	8 
795	9 
796	3 
797	2 
798	7 
799	4 
800	12 
801	3 
802	9 
803	2 
804	5 
805	7 
806	7 
807	7 
808	4 
809	6 
810	12 
811	9 
812	12 
813	6 
814	2 
815	10 
816	10 
817	11 
818	12 
819	10 
820	3 
821	3 
822	11 
823	12 
824	5 
825	7 
826	8 
827	8 
828	5 
829	6 
830	6 
831	6 
832	2 
833	10 
834	4 
835	9 
836	2 
837	11 
838	11 
839	3 
840	7 
841	5 
842	12 
843	7 
844	11 
845	9 
846	2 
847	12 
848	8 
849	8 
850	6 
851	3 
852	2 
853	10 
854	6 
855	10 
856	3 
857	8 
858	8 
859	10 
860	10 
861	10 
862	7 
863	2 
864	8 
865	8 
866	3 
867	1 
868	9 
869	12 
870	5 
871	4 
872	12 
873	2 
874	7 
875	6 
876	12 
877	3 
878	8 
879	7 
880	8 
881	3 
882	1 
883	6 
884	11 
885	5 
886	7 
887	5 
888	2 
889	12 
890	8 
891	12 
892	9 
893	7 
894	4 
895	4 
896	4 
897	2 
898	3 
899	10 
900	2 
901	7 
902	6 
903	11 
904	5 
905	11 
906	2 
907	6 
908	3 
909	10 
910	4 
911	10 
912	9 
913	4 
914	1 
915	11 
916	10 
917	12 
918	3 
919	6 
920	11 
921	5 
922	3 
923	3 
924	6 
925	3 
926	4 
927	11 
928	6 
929	10 
930	9 
931	10 
932	7 
933	7 
934	1 
935	7 
936	4 
937	12 
938	7 
939	1 
940	8 
941	2 
942	5 
943	8 
944	2 
945	12 
946	5 
947	11 
948	12 
949	4 
950	9 
951	9 
952	6 
953	12 
954	12 
955	10 
956	4 
957	2 
958	1 
959	12 
960	8 
961	8 
962	6 
963	11 
964	12 
965	10 
966	7 
967	4 
968	9 
969	11 
970	1 
971	7 
972	5 
973	9 
974	11 
975	7 
976	11 
977	5 
978	4 
979	9 
980	5 
981	5 
982	7 
983	3 
984	11 
985	5 
986	11 
987	5 
988	6 
989	4 
990	10 
991	1 
992	5 
993	4 
994	7 
995	8 
996	1 
997	4 
998	9 
999	12 
1000	6 
