1	437
1	528
1	689
1	737
1	772
1	828
1	865
2	163
2	563
2	580
2	779
2	798
2	894
2	994
3	195
3	276
3	370
3	623
3	778
3	801
3	998
4	90
4	332
4	431
4	462
4	598
4	743
4	955
5	20
5	290
5	292
5	348
5	498
5	615
5	758
6	34
6	448
6	588
6	645
6	797
6	800
6	932
7	281
7	425
7	572
7	641
7	687
7	877
7	921
8	44
8	48
8	400
8	855
8	902
8	961
8	977
9	297
9	384
9	487
9	685
9	747
9	789
9	821
10	325
10	577
10	652
10	664
10	673
10	732
10	976
11	417
11	653
11	698
11	858
11	860
11	914
11	966
12	480
12	663
12	665
12	671
12	919
12	920
12	986
13	95
13	203
13	455
13	870
13	928
13	949
13	975
14	58
14	391
14	501
14	531
14	713
14	789
14	866
15	215
15	268
15	497
15	641
15	687
15	788
15	877
16	320
16	587
16	666
16	741
16	758
16	916
16	992
17	296
17	526
17	586
17	859
17	914
17	965
17	997
18	395
18	411
18	435
18	833
18	897
18	982
18	983
19	117
19	149
19	234
19	590
19	633
19	663
19	972
20	5
20	224
20	290
20	300
20	348
20	786
20	923
21	266
21	467
21	505
21	638
21	713
21	819
21	942
22	23
22	262
22	370
22	503
22	671
22	926
22	964
23	22
23	38
23	453
23	503
23	549
23	752
23	805
24	128
24	401
24	607
24	861
24	911
24	933
24	969
25	226
25	414
25	580
25	612
25	909
25	930
25	988
26	473
26	587
26	666
26	796
26	901
26	916
26	951
27	670
27	793
27	823
27	837
27	922
27	934
27	982
28	50
28	539
28	676
28	702
28	869
28	888
28	928
29	347
29	413
29	830
29	847
29	902
29	973
29	990
30	433
30	529
30	602
30	675
30	739
30	755
30	941
31	173
31	293
31	398
31	624
31	857
31	960
31	976
32	291
32	525
32	679
32	834
32	952
32	963
32	996
33	546
33	553
33	862
33	878
33	887
33	904
33	993
34	6
34	94
34	179
34	779
34	798
34	932
34	984
35	263
35	269
35	430
35	576
35	843
35	848
35	864
36	234
36	540
36	799
36	834
36	952
36	977
36	996
37	421
37	492
37	517
37	540
37	679
37	832
37	996
38	23
38	324
38	472
38	657
38	899
38	928
38	949
39	41
39	213
39	298
39	874
39	892
39	970
39	975
40	74
40	256
40	343
40	496
40	575
40	606
40	851
41	39
41	273
41	487
41	633
41	886
41	919
41	972
42	96
42	112
42	220
42	726
42	749
42	978
42	980
43	257
43	436
43	615
43	642
43	715
43	750
43	932
44	8
44	47
44	763
44	881
44	902
44	954
44	990
45	218
45	273
45	337
45	663
45	919
45	972
45	986
46	444
46	468
46	659
46	692
46	694
46	922
46	924
47	44
47	311
47	678
47	780
47	862
47	875
47	974
48	8
48	156
48	846
48	847
48	853
48	954
48	973
49	95
49	301
49	472
49	765
49	870
49	892
49	949
50	28
50	457
50	539
50	657
50	826
50	874
50	899
51	498
51	597
51	766
51	896
51	935
51	938
51	947
52	179
52	280
52	334
52	456
52	561
52	779
52	932
53	137
53	229
53	278
53	416
53	831
53	888
53	937
54	97
54	279
54	287
54	424
54	556
54	616
54	780
55	367
55	454
55	853
55	954
55	961
55	973
55	990
56	339
56	761
56	776
56	876
56	943
56	981
56	996
57	514
57	538
57	561
57	629
57	645
57	779
57	994
58	14
58	279
58	560
58	713
58	795
58	819
58	969
59	651
59	707
59	839
59	867
59	879
59	960
59	976
60	490
60	581
60	620
60	761
60	799
60	952
60	996
61	146
61	258
61	500
61	532
61	625
61	838
61	959
62	108
62	229
62	613
62	704
62	716
62	937
62	962
63	76
63	214
63	405
63	516
63	666
63	905
63	948
64	159
64	727
64	769
64	787
64	858
64	885
64	951
65	194
65	703
65	714
65	752
65	855
65	926
65	964
66	133
66	223
66	284
66	288
66	373
66	786
66	827
67	464
67	709
67	788
67	844
67	883
67	956
67	987
68	455
68	466
68	765
68	902
68	928
68	970
68	975
69	475
69	482
69	669
69	720
69	861
69	911
69	961
70	684
70	723
70	740
70	944
70	965
70	970
70	997
71	537
71	719
71	804
71	888
71	947
71	962
71	995
72	239
72	739
72	788
72	883
72	912
72	940
72	956
73	184
73	682
73	703
73	714
73	752
73	835
73	998
74	40
74	252
74	541
74	863
74	877
74	939
74	979
75	77
75	624
75	664
75	845
75	867
75	940
75	960
76	63
76	240
76	285
76	320
76	516
76	905
76	992
77	75
77	124
77	270
77	713
77	836
77	942
77	981
78	379
78	381
78	459
78	516
78	916
78	984
78	992
79	356
79	564
79	626
79	627
79	730
79	833
79	956
80	123
80	306
80	364
80	627
80	752
80	835
80	998
81	148
81	369
81	388
81	687
81	789
81	821
81	841
82	607
82	636
82	658
82	820
82	911
82	933
82	991
83	585
83	839
83	911
83	933
83	969
83	983
83	991
84	127
84	331
84	736
84	763
84	830
84	881
84	973
85	377
85	433
85	677
85	733
85	810
85	958
85	987
86	145
86	661
86	741
86	791
86	852
86	905
86	942
87	316
87	429
87	489
87	502
87	617
87	691
87	969
88	142
88	238
88	569
88	655
88	774
88	808
88	988
89	468
89	631
89	670
89	821
89	945
89	982
89	983
90	4
90	136
90	321
90	538
90	598
90	764
90	929
91	465
91	579
91	748
91	848
91	868
91	978
91	989
92	250
92	264
92	417
92	550
92	727
92	841
92	966
93	189
93	342
93	358
93	898
93	921
93	965
93	999
94	34
94	186
94	254
94	629
94	809
94	931
94	994
95	13
95	49
95	474
95	702
95	826
95	905
95	949
96	42
96	551
96	684
96	710
96	749
96	978
96	989
97	54
97	199
97	483
97	501
97	795
97	836
97	942
98	191
98	215
98	425
98	496
98	641
98	700
98	816
99	200
99	636
99	639
99	711
99	884
99	933
99	991
100	226
100	309
100	313
100	451
100	667
100	808
100	988
101	537
101	719
101	831
101	888
101	917
101	937
101	995
102	465
102	551
102	614
102	630
102	696
102	726
102	812
103	378
103	771
103	845
103	940
103	960
103	975
103	976
104	502
104	678
104	775
104	817
104	862
104	904
104	993
105	259
105	610
105	822
105	839
105	861
105	969
105	991
106	390
106	511
106	731
106	899
106	914
106	965
106	997
107	193
107	235
107	600
107	644
107	862
107	889
107	944
108	62
108	244
108	716
108	719
108	888
108	962
108	995
109	216
109	386
109	414
109	600
109	733
109	941
109	987
110	212
110	319
110	361
110	533
110	919
110	972
110	986
111	532
111	534
111	677
111	739
111	758
111	912
111	958
112	42
112	182
112	422
112	544
112	703
112	926
112	998
113	270
113	343
113	426
113	467
113	560
113	616
113	836
114	468
114	659
114	823
114	907
114	924
114	934
114	983
115	357
115	526
115	530
115	723
115	914
115	944
115	997
116	301
116	539
116	892
116	899
116	928
116	951
116	975
117	19
117	234
117	813
117	886
117	919
117	972
117	986
118	590
118	723
118	813
118	842
118	944
118	965
118	997
119	408
119	446
119	568
119	737
119	852
119	905
119	984
120	144
120	232
120	437
120	441
120	493
120	770
120	828
121	203
121	340
121	455
121	539
121	702
121	949
121	975
122	386
122	397
122	718
122	755
122	810
122	859
122	956
123	80
123	507
123	549
123	682
123	700
123	714
123	754
124	77
124	399
124	424
124	445
124	483
124	824
124	981
125	172
125	547
125	686
125	799
125	876
125	943
125	996
126	541
126	574
126	687
126	816
126	829
126	851
126	979
127	84
127	129
127	412
127	581
127	954
127	961
127	973
128	24
128	423
128	607
128	704
128	884
128	969
128	991
129	127
129	164
129	404
129	622
129	846
129	853
129	990
130	209
130	242
130	346
130	441
130	528
130	772
130	948
131	297
131	410
131	450
131	655
131	808
131	873
131	930
132	361
132	633
132	663
132	779
132	886
132	972
132	986
133	66
133	292
133	495
133	786
133	868
133	923
133	935
134	385
134	628
134	725
134	891
134	906
134	939
134	1000
135	427
135	692
135	823
135	850
135	945
135	982
135	983
136	90
136	321
136	428
136	538
136	743
136	910
136	929
137	53
137	440
137	464
137	565
137	594
137	675
137	958
138	701
138	710
138	781
138	825
138	903
138	908
138	985
139	548
139	702
139	707
139	869
139	928
139	970
139	975
140	197
140	374
140	773
140	794
140	824
140	893
140	999
141	370
141	486
141	601
141	926
141	964
141	966
141	998
142	88
142	309
142	359
142	604
142	774
142	807
142	930
143	346
143	528
143	732
143	768
143	802
143	828
143	865
144	120
144	241
144	266
144	461
144	524
144	528
144	772
145	86
145	150
145	289
145	568
145	661
145	791
145	852
146	61
146	362
146	532
146	690
146	773
146	917
146	999
147	287
147	428
147	743
147	764
147	910
147	918
147	929
148	81
148	165
148	329
148	402
148	621
148	747
148	759
149	19
149	337
149	361
149	603
149	633
149	919
149	972
150	145
150	597
150	615
150	827
150	896
150	923
150	935
151	585
151	669
151	820
151	834
151	884
151	911
151	991
152	297
152	515
152	621
152	658
152	843
152	882
152	928
153	222
153	253
153	329
153	388
153	430
153	705
153	841
154	269
154	388
154	566
154	843
154	848
154	864
154	882
155	596
155	774
155	814
155	825
155	903
155	920
155	985
156	48
156	847
156	853
156	902
156	950
156	961
156	990
157	328
157	382
157	460
157	494
157	515
157	535
157	621
158	161
158	337
158	603
158	665
158	671
158	972
158	986
159	64
159	354
159	481
159	860
159	885
159	951
159	966
160	418
160	522
160	552
160	787
160	860
160	885
160	951
161	158
161	596
161	697
161	746
161	767
161	825
161	985
162	166
162	250
162	521
162	552
162	605
162	951
162	966
163	2
163	187
163	199
163	401
163	514
163	715
163	779
164	129
164	413
164	830
164	844
164	855
164	973
164	990
165	148
165	328
165	369
165	527
165	535
165	747
165	882
166	162
166	427
166	458
166	508
166	573
166	740
166	914
167	225
167	340
167	445
167	463
167	560
167	756
167	981
168	198
168	303
168	546
168	654
168	678
168	712
168	887
169	318
169	415
169	550
169	698
169	841
169	858
169	860
170	332
170	462
170	508
170	910
170	918
170	929
170	955
171	439
171	471
171	706
171	709
171	755
171	840
171	987
172	125
172	456
172	540
172	699
172	834
172	948
172	977
173	31
173	576
173	646
173	707
173	782
173	868
173	976
174	443
174	628
174	635
174	906
174	939
174	968
174	1000
175	688
175	697
175	746
175	818
175	825
175	908
175	985
176	423
176	613
176	636
176	820
176	839
176	861
176	969
177	567
177	623
177	656
177	681
177	872
177	938
177	971
178	823
178	833
178	890
178	922
178	924
178	945
178	982
179	34
179	52
179	209
179	619
179	894
179	931
179	994
180	189
180	492
180	679
180	834
180	952
180	963
180	996
181	526
181	731
181	753
181	813
181	914
181	944
181	997
182	112
182	595
182	682
182	713
182	754
182	964
182	998
183	623
183	742
183	872
183	890
183	903
183	938
183	971
184	73
184	453
184	507
184	583
184	703
184	778
184	964
185	251
185	293
185	381
185	483
185	531
185	756
185	819
186	94
186	282
186	588
186	619
186	797
186	893
186	994
187	163
187	267
187	304
187	563
187	642
187	931
187	932
188	333
188	460
188	534
188	650
188	941
188	956
188	987
189	93
189	180
189	393
189	500
189	690
189	794
189	917
190	593
190	696
190	771
190	803
190	857
190	867
190	879
191	98
191	256
191	478
191	555
191	851
191	936
191	979
192	576
192	771
192	845
192	857
192	867
192	960
192	976
193	107
193	316
193	600
193	693
193	889
193	894
193	974
194	65
194	276
194	583
194	801
194	915
194	926
194	998
195	3
195	262
195	306
195	453
195	561
195	682
195	805
196	425
196	555
196	572
196	687
196	829
196	851
196	863
197	140
197	404
197	500
197	690
197	921
197	949
197	999
198	168
198	546
198	654
198	691
198	780
198	887
198	993
199	97
199	163
199	448
199	561
199	619
199	642
199	800
200	99
200	236
200	354
200	418
200	521
200	787
200	858
201	383
201	394
201	615
201	784
201	827
201	896
201	935
202	327
202	623
202	632
202	681
202	777
202	856
202	938
203	13
203	121
203	386
203	536
203	570
203	721
203	970
204	239
204	429
204	439
204	718
204	883
204	941
204	956
205	646
205	652
205	782
205	784
205	792
205	803
205	940
206	304
206	448
206	588
206	750
206	797
206	931
206	973
207	438
207	512
207	774
207	807
207	873
207	930
207	988
208	409
208	734
208	871
208	939
208	963
208	967
208	1000
209	130
209	179
209	437
209	582
209	689
209	772
209	906
210	256
210	751
210	785
210	906
210	967
210	968
210	1000
211	230
211	407
211	484
211	523
211	696
211	980
211	989
212	110
212	234
212	671
212	886
212	919
212	972
212	986
213	39
213	472
213	676
213	765
213	827
213	869
213	949
214	63
214	587
214	661
214	666
214	849
214	852
214	905
215	15
215	98
215	252
215	268
215	281
215	542
215	863
216	109
216	310
216	386
216	433
216	811
216	883
216	987
217	545
217	554
217	576
217	651
217	669
217	771
217	792
218	45
218	399
218	663
218	671
218	886
218	919
218	986
219	291
219	547
219	648
219	699
219	761
219	943
219	977
220	42
220	253
220	360
220	551
220	668
220	696
220	978
221	287
221	538
221	592
221	764
221	910
221	918
221	955
222	153
222	402
222	535
222	591
222	747
222	821
222	848
223	66
223	288
223	383
223	495
223	498
223	557
223	935
224	20
224	284
224	292
224	608
224	786
224	896
224	935
225	167
225	258
225	426
225	432
225	556
225	866
225	971
226	25
226	100
226	438
226	485
226	580
226	873
226	988
227	241
227	308
227	346
227	649
227	689
227	770
227	946
228	246
228	472
228	525
228	648
228	876
228	952
228	996
229	53
229	62
229	537
229	611
229	719
229	983
229	995
230	211
230	286
230	551
230	579
230	749
230	812
230	978
231	439
231	456
231	492
231	761
231	943
231	963
231	996
232	120
232	241
232	242
232	649
232	768
232	770
232	772
233	683
233	693
233	775
233	862
233	887
233	904
233	939
234	19
234	36
234	117
234	212
234	886
234	972
234	986
235	107
235	316
235	341
235	507
235	617
235	644
235	775
236	200
236	250
236	350
236	481
236	504
236	769
236	966
237	488
237	559
237	688
237	814
237	903
237	908
237	985
238	88
238	655
238	774
238	930
238	959
238	987
238	988
239	72
239	204
239	377
239	712
239	728
239	788
239	859
240	76
240	320
240	373
240	446
240	643
240	905
240	916
241	144
241	227
241	232
241	595
241	768
241	802
241	865
242	130
242	232
242	441
242	493
242	649
242	708
242	768
243	450
243	485
243	604
243	764
243	807
243	873
243	930
244	108
244	307
244	416
244	613
244	831
244	937
244	995
245	349
245	355
245	476
245	901
245	915
245	974
245	984
246	228
246	492
246	540
246	761
246	799
246	963
246	996
247	627
247	640
247	712
247	718
247	788
247	811
247	883
248	307
248	611
248	662
248	804
248	831
248	962
248	995
249	303
249	345
249	351
249	564
249	887
249	889
249	993
250	92
250	162
250	236
250	481
250	522
250	569
250	695
251	185
251	416
251	577
251	613
251	716
251	937
251	995
252	74
252	215
252	607
252	687
252	700
252	724
252	979
253	153
253	220
253	579
253	614
253	978
253	980
253	989
254	94
254	282
254	396
254	448
254	931
254	932
254	994
255	330
255	744
255	790
255	898
255	921
255	967
255	999
256	40
256	191
256	210
256	425
256	863
256	877
256	979
257	43
257	436
257	619
257	715
257	910
257	931
257	994
258	61
258	225
258	381
258	432
258	795
258	942
258	981
259	105
259	491
259	861
259	884
259	933
259	990
259	991
260	549
260	583
260	601
260	714
260	835
260	964
260	998
261	402
261	428
261	462
261	598
261	764
261	918
261	955
262	22
262	195
262	544
262	549
262	705
262	778
262	998
263	35
263	328
263	658
263	685
263	735
263	747
263	848
264	92
264	499
264	521
264	550
264	552
264	860
264	951
265	306
265	422
265	486
265	544
265	549
265	682
265	703
266	21
266	144
266	524
266	708
266	768
266	802
266	828
267	187
267	304
267	401
267	528
267	629
267	797
267	994
268	15
268	215
268	281
268	382
268	478
268	496
268	863
268	979
269	35
269	154
269	297
269	527
269	635
269	759
269	843
269	882
270	77
270	113
270	432
270	505
270	713
270	756
270	866
270	942
271	365
271	435
271	479
271	745
271	897
271	907
271	934
271	945
272	315
272	478
272	496
272	641
272	700
272	752
272	863
272	979
273	41
273	45
273	319
273	886
273	919
273	957
273	972
273	986
274	322
274	395
274	435
274	619
274	823
274	897
274	907
274	983
275	398
275	403
275	545
275	651
275	692
275	815
275	845
275	940
276	3
276	194
276	364
276	601
276	754
276	926
276	954
276	998
277	335
277	366
277	609
277	622
277	846
277	881
277	902
277	950
278	53
278	307
278	577
278	729
278	760
278	804
278	962
278	995
279	54
279	58
279	293
279	756
279	769
279	819
279	836
279	981
280	52
280	334
280	436
280	629
280	642
280	796
280	931
280	994
281	7
281	215
281	268
281	315
281	496
281	555
281	575
281	610
282	186
282	254
282	645
282	742
282	750
282	800
282	932
282	994
283	502
283	562
283	644
283	660
283	683
283	691
283	974
283	993
284	66
284	224
284	290
284	300
284	766
284	901
284	923
284	947
285	76
285	299
285	373
285	476
285	661
285	741
285	801
285	852
286	230
286	407
286	518
286	668
286	710
286	717
286	895
286	980
287	54
287	147
287	221
287	431
287	910
287	918
287	929
287	955
288	66
288	223
288	599
288	615
288	766
288	829
288	935
288	947
289	145
289	299
289	408
289	488
289	849
289	884
289	905
289	915
290	5
290	20
290	284
290	383
290	394
290	615
290	923
290	947
291	32
291	219
291	339
291	434
291	699
291	783
291	876
291	996
292	5
292	133
292	224
292	597
292	728
292	786
292	827
292	923
293	31
293	185
293	279
293	505
293	513
293	756
293	819
293	942
294	328
294	329
294	621
294	759
294	843
294	864
294	882
294	912
295	347
295	367
295	677
295	844
295	847
295	902
295	953
295	990
296	17
296	586
296	597
296	753
296	813
296	914
296	965
296	997
297	9
297	131
297	152
297	269
297	382
297	543
297	566
297	759
298	39
298	472
298	536
298	570
298	870
298	899
298	949
298	970
299	285
299	289
299	326
299	791
299	901
299	915
299	916
299	994
300	20
300	284
300	597
300	599
300	766
300	786
300	790
300	935
301	49
301	116
301	303
301	570
301	647
301	672
301	869
301	975
302	570
302	702
302	869
302	870
302	874
302	928
302	949
302	970
303	168
303	249
303	301
303	406
303	617
303	693
303	780
303	889
304	187
304	206
304	267
304	305
304	401
304	629
304	645
304	798
305	304
305	393
305	722
305	744
305	760
305	854
305	917
305	959
306	80
306	195
306	265
306	370
306	387
306	549
306	801
306	805
307	244
307	248
307	278
307	308
307	611
307	729
307	937
307	995
308	227
308	307
308	461
308	689
308	768
308	770
308	802
308	865
309	100
309	142
309	317
309	612
309	655
309	807
309	808
309	930
310	216
310	333
310	523
310	564
310	788
310	859
310	883
310	958
311	47
311	345
311	449
311	489
311	520
311	553
311	693
311	974
312	477
312	525
312	540
312	609
312	776
312	819
312	876
312	963
313	100
313	451
313	612
313	774
313	807
313	863
313	909
313	988
314	545
314	593
314	695
314	707
314	771
314	857
314	879
314	960
315	272
315	281
315	496
315	606
315	698
315	700
315	816
315	877
316	87
316	193
316	235
316	351
316	447
316	654
316	683
316	738
317	309
317	359
317	372
317	438
317	485
317	930
317	988
317	992
318	169
318	320
318	323
318	417
318	521
318	769
318	951
318	966
319	110
319	273
319	361
319	590
319	665
319	886
319	919
319	986
320	16
320	76
320	240
320	318
320	459
320	849
320	905
320	992
321	90
321	136
321	598
321	743
321	764
321	918
321	929
321	955
322	274
322	692
322	793
322	895
322	897
322	945
322	982
322	983
323	318
323	504
323	605
323	672
323	858
323	885
323	951
323	966
324	38
324	592
324	647
324	702
324	826
324	899
324	970
324	981
325	10
325	398
325	403
325	637
325	842
325	857
325	879
325	940
326	299
326	327
326	379
326	568
326	587
326	737
326	905
326	992
327	202
327	326
327	533
327	856
327	872
327	890
327	938
327	971
328	157
328	165
328	263
328	294
328	384
328	543
328	566
328	927
329	148
329	153
329	294
329	402
329	658
329	685
329	848
329	991
330	255
330	342
330	365
330	824
330	854
330	880
330	925
330	999
331	84
331	454
331	518
331	622
331	846
331	953
331	961
331	973
332	4
332	170
332	538
332	764
332	910
332	918
332	929
332	955
333	188
333	310
333	397
333	564
333	565
333	602
333	677
333	755
334	52
334	280
334	401
334	563
334	619
334	750
334	798
334	931
335	277
335	618
335	736
335	773
335	830
335	847
335	950
335	973
336	571
336	656
336	742
336	828
336	856
336	890
336	938
336	971
337	45
337	149
337	158
337	480
337	487
337	663
337	671
337	972
338	524
338	582
338	649
338	772
338	802
338	828
338	865
338	871
339	56
339	291
339	490
339	609
339	679
339	913
339	943
339	963
340	121
340	167
340	501
340	560
340	756
340	795
340	836
340	981
341	235
341	344
341	429
341	603
341	775
341	875
341	889
341	993
342	93
342	330
342	368
342	500
342	773
342	917
342	936
342	989
343	40
343	113
343	497
343	541
343	555
343	575
343	816
343	979
344	341
344	423
344	447
344	691
344	738
344	817
344	904
344	974
345	249
345	311
345	562
345	644
345	678
345	693
345	775
345	898
346	130
346	143
346	227
346	582
346	649
346	708
346	772
346	865
347	29
347	295
347	353
347	367
347	622
347	830
347	954
347	990
348	5
348	20
348	349
348	383
348	557
348	599
348	896
348	947
349	245
349	348
349	509
349	796
349	852
349	901
349	915
349	992
350	236
350	452
350	648
350	686
350	776
350	948
350	977
350	996
351	249
351	316
351	489
351	600
351	735
351	875
351	974
351	993
352	688
352	806
352	818
352	878
352	903
352	913
352	920
352	985
353	347
353	891
353	900
353	906
353	927
353	939
353	957
353	967
354	159
354	200
354	415
354	858
354	860
354	885
354	951
354	970
355	245
355	379
355	473
355	578
355	661
355	725
355	791
355	901
356	79
356	397
356	512
356	637
356	677
356	712
356	755
356	941
357	115
357	526
357	664
357	723
357	753
357	842
357	914
357	997
358	93
358	371
358	893
358	898
358	925
358	959
358	961
358	999
359	142
359	317
359	604
359	808
359	873
359	909
359	930
359	932
360	220
360	389
360	408
360	668
360	717
360	868
360	978
360	980
361	110
361	132
361	149
361	319
361	476
361	603
361	972
361	986
362	146
362	486
362	722
362	762
362	898
362	921
362	936
362	959
363	844
363	846
363	853
363	878
363	902
363	950
363	953
363	990
364	80
364	276
364	549
364	752
364	778
364	835
364	882
364	964
365	271
365	330
365	532
365	762
365	854
365	880
365	898
365	999
366	277
366	400
366	763
366	881
366	950
366	953
366	966
366	973
367	55
367	295
367	347
367	763
367	830
367	954
367	973
367	990
368	342
368	374
368	393
368	470
368	722
368	760
368	762
368	893
369	81
369	165
369	413
369	535
369	747
369	821
369	841
369	882
370	3
370	22
370	141
370	306
370	778
370	835
370	964
370	998
371	358
371	470
371	762
371	773
371	790
371	824
371	925
371	999
372	317
372	485
372	612
372	774
372	807
372	891
372	909
372	988
373	66
373	240
373	285
373	488
373	643
373	852
373	916
373	992
374	140
374	368
374	706
374	760
374	893
374	898
374	936
374	999
375	421
375	490
375	648
375	686
375	761
375	776
375	783
375	977
376	434
376	452
376	477
376	686
376	918
376	948
376	977
376	996
377	85
377	239
377	386
377	512
377	564
377	650
377	677
377	975
378	103
378	554
378	589
378	593
378	634
378	803
378	867
378	940
379	78
379	326
379	355
379	408
379	643
379	915
379	972
379	984
380	628
380	734
380	900
380	927
380	946
380	967
380	968
380	1000
381	78
381	185
381	258
381	399
381	467
381	513
381	866
381	942
382	157
382	268
382	297
382	494
382	621
382	735
382	843
382	882
383	201
383	223
383	290
383	348
383	498
383	827
383	896
383	923
384	9
384	328
384	388
384	402
384	527
384	789
384	843
384	882
385	134
385	725
385	871
385	900
385	939
385	946
385	957
385	967
386	109
386	122
386	203
386	216
386	377
386	440
386	640
386	958
387	306
387	486
387	601
387	754
387	801
387	835
387	988
387	998
388	81
388	153
388	154
388	384
388	705
388	817
388	864
388	882
389	360
389	510
389	630
389	710
389	717
389	812
389	916
389	978
390	106
390	391
390	508
390	530
390	573
390	753
390	944
390	965
391	14
391	390
391	426
391	556
391	616
391	795
391	866
391	981
392	484
392	523
392	717
392	812
392	877
392	978
392	980
392	989
393	189
393	305
393	368
393	470
393	625
393	722
393	854
393	959
394	201
394	290
394	457
394	597
394	786
394	827
394	896
394	947
395	18
395	274
395	428
395	631
395	670
395	850
395	924
395	983
396	254
396	436
396	638
396	750
396	797
396	800
396	894
396	994
397	122
397	333
397	356
397	398
397	739
397	811
397	840
397	941
398	31
398	275
398	325
398	397
398	545
398	637
398	879
398	976
399	124
399	218
399	381
399	501
399	560
399	819
399	866
399	942
400	8
400	366
400	454
400	844
400	855
400	902
400	950
400	990
401	24
401	163
401	267
401	304
401	334
401	563
401	779
401	994
402	148
402	222
402	261
402	329
402	384
402	658
402	848
402	864
403	275
403	325
403	634
403	731
403	771
403	879
403	960
403	976
404	129
404	197
404	625
404	722
404	762
404	773
404	880
404	999
405	63
405	587
405	791
405	852
405	905
405	958
405	984
405	992
406	303
406	502
406	660
406	738
406	780
406	817
406	959
406	993
407	211
407	286
407	510
407	748
407	895
407	980
407	989
407	999
408	119
408	289
408	360
408	379
408	459
408	517
408	916
408	992
409	208
409	751
409	785
409	876
409	891
409	906
409	957
409	1000
410	131
410	451
410	580
410	608
410	655
410	755
410	774
410	909
411	18
411	631
411	674
411	808
411	833
411	907
411	922
411	924
412	127
412	622
412	647
412	844
412	855
412	950
412	961
412	973
413	29
413	164
413	369
413	454
413	830
413	855
413	881
413	961
414	25
414	109
414	534
414	626
414	706
414	810
414	956
414	958
415	169
415	354
415	418
415	521
415	550
415	653
415	665
415	858
416	53
416	244
416	251
416	662
416	719
416	847
416	962
416	995
417	11
417	92
417	318
417	418
417	481
417	727
417	885
417	966
418	160
418	200
418	415
418	417
418	569
418	729
418	858
418	966
419	631
419	692
419	694
419	833
419	924
419	934
419	983
419	997
420	423
420	585
420	620
420	636
420	669
420	839
420	969
420	991
421	37
421	375
421	581
421	609
421	753
421	783
421	876
421	948
422	112
422	265
422	453
422	583
422	752
422	908
422	964
422	998
423	128
423	176
423	344
423	420
423	704
423	861
423	884
423	969
424	54
424	124
424	463
424	467
424	819
424	942
424	981
424	990
425	7
425	98
425	196
425	256
425	478
425	555
425	851
425	979
426	113
426	225
426	391
426	463
426	513
426	560
426	638
426	983
427	135
427	166
427	586
427	753
427	813
427	842
427	914
427	997
428	136
428	147
428	261
428	395
428	598
428	918
428	929
428	955
429	87
429	204
429	341
429	546
429	600
429	862
429	889
429	904
430	35
430	153
430	494
430	621
430	735
430	821
430	841
430	864
431	4
431	287
431	538
431	598
431	688
431	910
431	918
431	929
432	225
432	258
432	270
432	463
432	556
432	638
432	713
432	836
433	30
433	85
433	216
433	675
433	718
433	755
433	870
433	956
434	291
434	376
434	522
434	540
434	776
434	832
434	943
434	948
435	18
435	271
435	274
435	444
435	506
435	674
435	924
435	982
436	43
436	257
436	280
436	396
436	561
436	797
436	800
436	823
437	1
437	120
437	209
437	524
437	689
437	802
437	865
437	896
438	207
438	226
438	317
438	604
438	817
438	873
438	909
438	988
439	171
439	204
439	231
439	512
439	626
439	730
439	958
439	987
440	137
440	386
440	499
440	640
440	709
440	810
440	912
440	987
441	120
441	130
441	242
441	528
441	649
441	770
441	802
441	814
442	585
442	636
442	669
442	822
442	839
442	933
442	964
442	969
443	174
443	509
443	628
443	927
443	939
443	946
443	967
443	1000
444	46
444	435
444	837
444	850
444	915
444	922
444	934
444	982
445	124
445	167
445	572
445	616
445	756
445	836
445	866
445	981
446	119
446	240
446	643
446	741
446	796
446	984
446	992
446	995
447	316
447	344
447	617
447	644
447	862
447	875
447	974
447	987
448	6
448	199
448	206
448	254
448	629
448	798
448	931
448	932
449	311
449	462
449	743
449	764
449	910
449	918
449	929
449	955
450	131
450	243
450	485
450	604
450	655
450	764
450	808
450	909
451	100
451	313
451	410
451	608
451	808
451	909
451	930
451	988
452	350
452	376
452	525
452	547
452	609
452	730
452	943
452	963
453	23
453	184
453	195
453	422
453	507
453	583
453	964
453	998
454	55
454	331
454	400
454	413
454	763
454	796
454	950
454	990
455	13
455	68
455	121
455	464
455	721
455	870
455	928
455	970
456	52
456	172
456	231
456	832
456	876
456	948
456	977
456	996
457	50
457	394
457	592
457	676
457	826
457	870
457	892
457	899
458	166
458	530
458	573
458	575
458	684
458	723
458	944
458	997
459	78
459	320
459	408
459	473
459	476
459	915
459	984
459	992
460	157
460	188
460	535
460	685
460	759
460	821
460	841
460	843
461	144
461	308
461	528
461	582
461	708
461	768
461	805
461	865
462	4
462	170
462	261
462	449
462	697
462	910
462	918
462	955
463	167
463	424
463	426
463	432
463	501
463	616
463	895
463	981
464	67
464	137
464	455
464	499
464	565
464	675
464	811
464	958
465	91
465	102
465	467
465	519
465	614
465	812
465	895
465	989
466	68
466	539
466	548
466	870
466	874
466	928
466	970
466	975
467	21
467	113
467	381
467	424
467	465
467	513
467	638
467	942
468	46
468	89
468	114
468	757
468	850
468	922
468	982
468	983
469	529
469	784
469	900
469	906
469	939
469	957
469	967
469	1000
470	368
470	371
470	393
470	722
470	824
470	921
470	925
470	936
471	171
471	626
471	712
471	718
471	728
471	883
471	906
471	987
472	38
472	49
472	213
472	228
472	298
472	676
472	765
472	949
473	26
473	355
473	459
473	560
473	901
473	915
473	984
473	992
474	95
474	475
474	548
474	657
474	672
474	676
474	949
474	975
475	69
475	474
475	639
475	711
475	822
475	861
475	911
475	991
476	245
476	285
476	361
476	459
476	509
476	516
476	737
476	901
477	312
477	376
477	776
477	832
477	943
477	952
477	963
477	986
478	191
478	268
478	272
478	425
478	555
478	618
478	724
478	979
479	271
479	506
479	659
479	793
479	837
479	945
479	982
479	983
480	12
480	337
480	590
480	603
480	665
480	919
480	972
480	986
481	159
481	236
481	250
481	417
481	599
481	727
481	787
481	966
482	69
482	483
482	620
482	822
482	861
482	884
482	969
482	991
483	97
483	124
483	185
483	482
483	505
483	531
483	556
483	836
483	981
484	211
484	392
484	510
484	639
484	726
484	748
484	895
484	978
484	989
485	226
485	243
485	317
485	372
485	450
485	608
485	655
485	816
485	873
486	141
486	265
486	362
486	387
486	595
486	682
486	805
486	964
486	998
487	9
487	41
487	337
487	633
487	665
487	886
487	919
487	972
487	986
488	237
488	289
488	373
488	568
488	578
488	661
488	666
488	737
488	984
489	87
489	311
489	351
489	546
489	806
489	817
489	875
489	889
489	993
490	60
490	339
490	375
490	686
490	699
490	943
490	948
490	952
490	977
491	259
491	607
491	636
491	704
491	769
491	822
491	933
491	969
491	991
492	37
492	180
492	231
492	246
492	686
492	783
492	798
492	799
492	963
493	120
493	242
493	582
493	649
493	708
493	768
493	828
493	865
493	979
494	157
494	382
494	430
494	566
494	640
494	685
494	735
494	759
494	841
495	133
495	223
495	742
495	766
495	786
495	827
495	896
495	923
495	947
496	40
496	98
496	268
496	272
496	281
496	315
496	829
496	851
496	863
497	15
497	343
497	541
497	572
497	760
497	816
497	851
497	863
497	877
498	5
498	51
498	223
498	383
498	557
498	559
498	599
498	896
498	935
499	264
499	440
499	464
499	565
499	594
499	733
499	810
499	811
499	987
500	61
500	189
500	197
500	342
500	760
500	762
500	773
500	824
500	907
501	14
501	97
501	340
501	399
501	463
501	633
501	795
501	866
501	981
502	87
502	104
502	283
502	406
502	660
502	738
502	941
502	974
502	993
503	22
503	23
503	557
503	703
503	754
503	778
503	805
503	926
503	998
504	236
504	323
504	505
504	552
504	605
504	653
504	698
504	769
504	860
505	21
505	270
505	293
505	483
505	504
505	556
505	638
505	795
505	942
506	435
506	479
506	823
506	833
506	837
506	874
506	922
506	924
506	983
507	123
507	184
507	235
507	453
507	778
507	801
507	805
507	926
507	998
508	166
508	170
508	390
508	684
508	731
508	740
508	944
508	965
508	997
509	349
509	443
509	476
509	578
509	661
509	666
509	741
509	852
509	915
510	389
510	407
510	484
510	511
510	551
510	710
510	717
510	895
510	980
511	106
511	510
511	591
511	731
511	753
511	813
511	914
511	965
511	997
512	207
512	356
512	377
512	439
512	718
512	810
512	941
512	956
512	987
513	293
513	381
513	426
513	467
513	526
513	531
513	713
513	942
513	981
514	57
514	163
514	561
514	619
514	701
514	750
514	800
514	931
514	994
515	152
515	157
515	527
515	604
515	658
515	685
515	705
515	848
515	864
516	63
516	76
516	78
516	476
516	578
516	915
516	916
516	944
516	984
517	37
517	408
517	741
517	791
517	796
517	852
517	915
517	984
517	992
518	286
518	331
518	630
518	696
518	726
518	748
518	868
518	978
518	989
519	465
519	523
519	534
519	630
519	668
519	749
519	868
519	980
519	989
520	311
520	553
520	694
520	738
520	862
520	875
520	887
520	974
520	993
521	162
521	200
521	264
521	318
521	415
521	552
521	749
521	858
521	860
522	160
522	250
522	434
522	550
522	569
522	653
522	698
522	769
522	860
523	211
523	310
523	392
523	519
523	614
523	749
523	978
523	980
523	989
524	144
524	266
524	338
524	437
524	689
524	770
524	772
524	851
524	865
525	32
525	228
525	312
525	452
525	540
525	581
525	776
525	832
525	948
526	17
526	115
526	181
526	357
526	513
526	586
526	731
526	944
526	965
527	165
527	269
527	384
527	515
527	658
527	705
527	843
527	864
527	882
528	1
528	130
528	143
528	144
528	267
528	441
528	461
528	802
528	828
529	30
529	469
529	564
529	709
529	755
529	840
529	859
529	883
529	912
530	115
530	390
530	458
530	531
530	731
530	740
530	753
530	842
530	944
531	14
531	185
531	483
531	513
531	530
531	616
531	819
531	942
531	981
532	61
532	111
532	146
532	365
532	625
532	824
532	898
532	917
532	936
533	110
533	327
533	571
533	623
533	632
533	856
533	890
533	938
533	971
534	111
534	188
534	414
534	519
534	650
534	675
534	859
534	956
534	958
535	157
535	165
535	222
535	369
535	460
535	705
535	735
535	747
535	841
536	203
536	298
536	548
536	647
536	672
536	765
536	874
536	928
536	975
537	71
537	101
537	229
537	573
537	719
537	804
537	937
537	962
537	995
538	57
538	90
538	136
538	221
538	332
538	431
538	910
538	929
538	955
539	28
539	50
539	116
539	121
539	466
539	649
539	826
539	949
539	975
540	36
540	37
540	172
540	246
540	312
540	434
540	525
540	624
540	952
541	74
541	126
541	343
541	497
541	575
541	687
541	693
541	700
541	877
542	215
542	567
542	571
542	584
542	681
542	872
542	890
542	938
542	971
543	297
543	328
543	566
543	759
543	789
543	821
543	841
543	864
543	911
544	112
544	262
544	265
544	545
544	595
544	601
544	682
544	926
544	998
545	217
545	275
545	314
545	398
545	544
545	792
545	815
545	857
545	867
546	33
546	168
546	198
546	429
546	489
546	678
546	691
546	780
546	993
547	125
547	219
547	452
547	699
547	799
547	834
547	952
547	976
547	996
548	139
548	466
548	474
548	536
548	647
548	702
548	721
548	899
548	970
549	23
549	123
549	260
549	262
549	265
549	306
549	364
549	964
549	998
550	92
550	169
550	264
550	415
550	522
550	569
550	605
550	951
550	973
551	96
551	102
551	220
551	230
551	510
551	710
551	765
551	980
551	989
552	160
552	162
552	264
552	504
552	521
552	569
552	653
552	727
552	885
553	33
553	311
553	520
553	562
553	738
553	835
553	875
553	904
553	993
554	217
554	378
554	634
554	646
554	664
554	740
554	782
554	857
554	867
555	191
555	196
555	281
555	343
555	425
555	478
555	687
555	829
555	979
556	54
556	225
556	391
556	432
556	483
556	505
556	638
556	713
556	866
557	223
557	348
557	498
557	503
557	766
557	827
557	923
557	935
557	947
558	667
558	674
558	725
558	751
558	785
558	809
558	906
558	967
558	968
559	237
559	498
559	701
559	806
559	814
559	818
559	903
559	908
559	985
560	58
560	113
560	167
560	340
560	399
560	426
560	473
560	795
560	981
561	52
561	57
561	195
561	199
561	436
561	514
561	797
561	894
561	932
562	283
562	345
562	553
562	563
562	654
562	660
562	780
562	904
562	993
563	2
563	187
563	334
563	401
563	562
563	645
563	779
563	800
563	932
564	79
564	249
564	310
564	333
564	377
564	529
564	594
564	706
564	733
565	137
565	333
565	464
565	499
565	712
565	758
565	766
565	912
565	958
566	154
566	297
566	328
566	494
566	543
566	631
566	705
566	821
566	864
567	177
567	542
567	584
567	632
567	856
567	872
567	890
567	938
567	971
568	119
568	145
568	326
568	488
568	666
568	741
568	901
568	929
568	992
569	88
569	250
569	418
569	522
569	550
569	552
569	727
569	858
569	860
570	203
570	298
570	301
570	302
570	592
570	874
570	934
570	970
570	975
571	336
571	533
571	542
571	623
571	681
571	856
571	938
571	963
571	971
572	7
572	196
572	445
572	497
572	575
572	687
572	724
572	863
572	979
573	166
573	390
573	458
573	537
573	684
573	813
573	914
573	965
573	997
574	126
574	606
574	641
574	700
574	816
574	829
574	851
574	863
574	979
575	40
575	281
575	343
575	458
575	541
575	572
575	829
575	877
575	979
576	35
576	173
576	192
576	217
576	637
576	652
576	673
576	695
576	976
577	10
577	251
577	278
577	611
577	662
577	804
577	888
577	937
577	962
578	355
578	488
578	509
578	516
578	741
578	901
578	905
578	916
578	990
579	91
579	230
579	253
579	668
579	812
579	895
579	980
579	988
579	989
580	2
580	25
580	226
580	410
580	608
580	612
580	909
580	930
580	988
581	60
581	127
581	421
581	525
581	761
581	834
581	876
581	943
581	948
582	209
582	338
582	346
582	461
582	493
582	583
582	768
582	772
582	865
583	184
583	194
583	260
583	422
583	453
583	582
583	835
583	926
583	998
584	542
584	567
584	632
584	650
584	681
584	856
584	872
584	890
584	971
585	83
585	151
585	420
585	442
585	639
585	820
585	861
585	911
585	930
586	17
586	296
586	427
586	526
586	740
586	753
586	813
586	965
586	997
587	16
587	26
587	214
587	326
587	405
587	588
587	791
587	984
587	992
588	6
588	186
588	206
588	587
588	619
588	642
588	779
588	894
588	994
589	378
589	667
589	785
589	900
589	946
589	957
589	967
589	968
589	1000
590	19
590	118
590	319
590	480
590	603
590	665
590	886
590	919
590	972
591	222
591	511
591	723
591	740
591	753
591	842
591	944
591	965
591	997
592	221
592	324
592	457
592	570
592	657
592	702
592	721
592	870
592	970
593	190
593	314
593	378
593	757
593	782
593	792
593	815
593	857
593	940
594	137
594	499
594	564
594	627
594	640
594	758
594	883
594	908
594	987
595	182
595	241
595	486
595	544
595	601
595	714
595	752
595	778
595	835
596	155
596	161
596	680
596	746
596	767
596	781
596	903
596	913
596	920
597	51
597	150
597	292
597	296
597	300
597	394
597	766
597	935
597	947
598	4
598	90
598	261
598	321
598	428
598	431
598	625
598	743
598	955
599	288
599	300
599	348
599	481
599	498
599	827
599	896
599	923
599	947
600	107
600	109
600	193
600	351
600	429
600	617
600	654
600	775
600	974
601	141
601	260
601	276
601	387
601	544
601	595
601	682
601	801
601	964
602	30
602	333
602	712
602	788
602	791
602	811
602	912
602	958
602	987
603	149
603	158
603	341
603	361
603	480
603	590
603	633
603	972
603	986
604	142
604	243
604	359
604	438
604	450
604	515
604	608
604	774
604	930
604	988
605	162
605	323
605	504
605	550
605	629
605	698
605	787
605	858
605	885
605	966
606	40
606	315
606	574
606	641
606	700
606	724
606	816
606	840
606	851
606	863
607	24
607	82
607	128
607	252
607	491
607	669
607	704
607	711
607	933
607	991
608	224
608	410
608	451
608	485
608	580
608	604
608	807
608	909
608	930
608	988
609	277
609	312
609	339
609	421
609	452
609	783
609	834
609	952
609	963
609	977
610	105
610	281
610	620
610	639
610	720
610	820
610	822
610	911
610	969
610	991
611	229
611	248
611	307
611	577
611	662
611	792
611	831
611	937
611	962
611	995
612	25
612	309
612	313
612	372
612	580
612	660
612	808
612	873
612	909
612	988
613	62
613	176
613	244
613	251
613	716
613	729
613	804
613	831
613	937
613	995
614	102
614	253
614	465
614	523
614	710
614	868
614	895
614	900
614	978
614	980
615	5
615	43
615	150
615	201
615	288
615	290
615	766
615	786
615	923
615	935
616	54
616	113
616	391
616	445
616	463
616	531
616	648
616	836
616	866
616	981
617	87
617	235
617	303
617	447
617	600
617	626
617	683
617	887
617	889
617	974
618	335
618	478
618	736
618	763
618	847
618	855
618	902
618	953
618	954
618	973
619	179
619	186
619	199
619	257
619	274
619	334
619	514
619	588
619	800
619	994
620	60
620	420
620	482
620	610
620	704
620	720
620	839
620	884
620	911
620	933
621	148
621	152
621	157
621	294
621	382
621	430
621	705
621	759
621	848
621	986
622	129
622	277
622	331
622	347
622	412
622	847
622	853
622	904
622	953
622	990
623	3
623	177
623	183
623	202
623	533
623	571
623	777
623	856
623	890
623	971
624	31
624	75
624	540
624	646
624	695
624	707
624	815
624	940
624	960
624	976
625	61
625	393
625	404
625	532
625	598
625	824
625	917
625	925
625	959
625	999
626	79
626	414
626	439
626	471
626	617
626	650
626	706
626	912
626	958
626	987
627	79
627	80
627	247
627	594
627	640
627	706
627	739
627	859
627	958
627	987
628	134
628	174
628	380
628	443
628	725
628	799
628	927
628	946
628	968
628	1000
629	57
629	94
629	267
629	280
629	304
629	448
629	605
629	645
629	894
629	994
630	102
630	389
630	518
630	519
630	668
630	812
630	895
630	924
630	978
630	980
631	89
631	395
631	411
631	419
631	566
631	897
631	907
631	924
631	934
631	982
632	202
632	533
632	567
632	584
632	777
632	872
632	890
632	924
632	938
632	971
633	19
633	41
633	132
633	149
633	487
633	501
633	603
633	800
633	886
633	986
634	378
634	403
634	554
634	679
634	732
634	792
634	803
634	815
634	845
634	960
635	174
635	269
635	667
635	785
635	871
635	946
635	957
635	967
635	968
635	1000
636	82
636	99
636	176
636	420
636	442
636	491
636	669
636	763
636	820
636	822
637	325
637	356
637	398
637	576
637	673
637	782
637	792
637	857
637	940
637	976
638	21
638	396
638	426
638	432
638	467
638	505
638	556
638	866
638	942
638	981
639	99
639	475
639	484
639	585
639	610
639	704
639	822
639	884
639	969
639	991
640	247
640	386
640	440
640	494
640	594
640	627
640	728
640	733
640	859
640	883
641	7
641	15
641	98
641	272
641	574
641	606
641	816
641	829
641	889
641	979
642	43
642	187
642	199
642	280
642	588
642	715
642	750
642	772
642	894
642	994
643	240
643	373
643	379
643	446
643	741
643	870
643	905
643	916
643	984
643	992
644	107
644	235
644	283
644	345
644	447
644	645
644	683
644	780
644	887
644	889
645	6
645	57
645	282
645	304
645	563
645	629
645	644
645	798
645	894
645	931
646	173
646	205
646	554
646	624
646	697
646	732
646	782
646	803
646	879
646	960
647	301
647	324
647	412
647	536
647	548
647	672
647	765
647	892
647	970
647	975
648	219
648	228
648	350
648	375
648	616
648	679
648	948
648	963
648	977
648	996
649	227
649	232
649	242
649	338
649	346
649	441
649	493
649	539
649	689
649	828
650	188
650	377
650	534
650	584
650	626
650	755
650	788
650	912
650	941
650	958
651	59
651	217
651	275
651	695
651	707
651	771
651	815
651	857
651	879
651	985
652	10
652	205
652	576
652	673
652	707
652	732
652	793
652	845
652	940
652	960
653	11
653	415
653	504
653	522
653	552
653	680
653	698
653	727
653	787
653	860
654	168
654	198
654	316
654	562
654	600
654	685
654	780
654	887
654	974
654	993
655	88
655	131
655	238
655	309
655	410
655	450
655	485
655	662
655	873
655	988
656	177
656	336
656	657
656	681
656	742
656	856
656	872
656	890
656	938
656	971
657	38
657	50
657	474
657	592
657	656
657	869
657	874
657	892
657	970
657	975
658	82
658	152
658	263
658	329
658	402
658	515
658	527
658	685
658	735
658	821
659	46
659	114
659	479
659	674
659	694
659	745
659	850
659	897
659	911
659	983
660	283
660	406
660	502
660	562
660	612
660	691
660	862
660	887
660	889
660	974
661	86
661	145
661	214
661	285
661	355
661	488
661	509
661	907
661	984
661	992
662	248
662	416
662	577
662	611
662	655
662	831
662	888
662	937
662	962
662	995
663	12
663	19
663	45
663	132
663	218
663	337
663	671
663	777
663	919
663	986
664	10
664	75
664	357
664	554
664	673
664	815
664	857
664	940
664	960
664	976
665	12
665	158
665	319
665	415
665	480
665	487
665	590
665	671
665	972
665	986
666	16
666	26
666	63
666	214
666	488
666	509
666	568
666	849
666	850
666	901
667	100
667	558
667	589
667	635
667	809
667	871
667	900
667	957
667	967
667	968
668	220
668	286
668	360
668	519
668	579
668	630
668	749
668	895
668	978
668	997
669	69
669	151
669	217
669	420
669	442
669	607
669	636
669	700
669	720
669	991
670	27
670	89
670	395
670	692
670	757
670	793
670	837
670	897
670	922
670	995
671	12
671	22
671	158
671	212
671	218
671	337
671	663
671	665
671	886
671	986
672	301
672	323
672	474
672	536
672	647
672	676
672	721
672	928
672	949
672	975
673	10
673	576
673	637
673	652
673	664
673	695
673	732
673	739
673	771
673	845
674	411
674	435
674	558
674	659
674	922
674	924
674	934
674	945
674	982
674	983
675	30
675	137
675	433
675	464
675	534
675	676
675	706
675	730
675	733
675	739
676	28
676	213
676	457
676	472
676	474
676	672
676	675
676	765
676	826
676	869
677	85
677	111
677	295
677	333
677	356
677	377
677	706
677	859
677	883
677	912
678	47
678	104
678	168
678	345
678	546
678	691
678	775
678	838
678	904
678	974
679	32
679	37
679	180
679	339
679	634
679	648
679	699
679	761
679	963
679	977
680	596
680	653
680	688
680	767
680	781
680	814
680	818
680	878
680	908
680	985
681	177
681	202
681	542
681	571
681	584
681	656
681	742
681	777
681	938
681	971
682	73
682	123
682	182
682	195
682	265
682	486
682	544
682	601
682	683
682	805
683	233
683	283
683	316
683	617
683	644
683	682
683	817
683	904
683	974
683	993
684	70
684	96
684	458
684	508
684	573
684	740
684	842
684	914
684	944
684	997
685	9
685	263
685	329
685	460
685	494
685	515
685	654
685	658
685	735
685	882
686	125
686	350
686	375
686	376
686	490
686	492
686	754
686	799
686	943
686	977
687	7
687	15
687	81
687	126
687	196
687	252
687	541
687	555
687	572
687	877
688	175
688	237
688	352
688	431
688	680
688	697
688	825
688	908
688	920
688	985
689	1
689	209
689	227
689	308
689	437
689	524
689	649
689	708
689	802
689	913
690	146
690	189
690	197
690	760
690	893
690	898
690	917
690	921
690	936
690	989
691	87
691	198
691	283
691	344
691	546
691	660
691	678
691	838
691	887
691	993
692	46
692	135
692	275
692	322
692	419
692	670
692	823
692	945
692	982
692	983
693	193
693	233
693	303
693	311
693	345
693	541
693	875
693	887
693	889
693	993
694	46
694	419
694	520
694	659
694	745
694	823
694	833
694	907
694	934
694	982
695	250
695	314
695	576
695	624
695	651
695	673
695	707
695	803
695	867
695	960
696	102
696	190
696	211
696	220
696	518
696	710
696	726
696	749
696	868
696	989
697	161
697	175
697	462
697	646
697	688
697	781
697	806
697	814
697	825
697	908
697	913
698	11
698	169
698	315
698	504
698	522
698	605
698	653
698	769
698	885
698	951
698	966
699	172
699	219
699	291
699	490
699	547
699	679
699	850
699	943
699	948
699	963
699	996
700	98
700	123
700	252
700	272
700	315
700	541
700	574
700	606
700	669
700	724
700	979
701	138
701	514
701	559
701	746
701	806
701	818
701	878
701	908
701	913
701	920
701	985
702	28
702	95
702	121
702	139
702	302
702	324
702	548
702	592
702	874
702	909
702	928
703	65
703	73
703	112
703	184
703	265
703	503
703	754
703	805
703	926
703	929
703	964
704	62
704	128
704	423
704	491
704	607
704	620
704	639
704	711
704	820
704	889
704	933
705	153
705	262
705	388
705	515
705	527
705	535
705	566
705	621
705	735
705	747
705	848
706	171
706	374
706	414
706	564
706	626
706	627
706	675
706	677
706	728
706	901
706	941
707	59
707	139
707	173
707	314
707	624
707	651
707	652
707	695
707	815
707	879
707	976
708	242
708	266
708	346
708	461
708	493
708	689
708	770
708	772
708	802
708	820
708	865
709	67
709	171
709	440
709	529
709	733
709	758
709	883
709	941
709	956
709	958
709	979
710	96
710	138
710	286
710	389
710	510
710	551
710	614
710	696
710	812
710	978
710	980
711	99
711	475
711	607
711	704
711	720
711	750
711	820
711	861
711	911
711	969
711	991
712	168
712	239
712	247
712	356
712	471
712	565
712	602
712	840
712	912
712	941
712	987
713	14
713	21
713	58
713	77
713	182
713	270
713	432
713	513
713	556
713	866
713	981
714	65
714	73
714	123
714	260
714	595
714	752
714	754
714	770
714	805
714	926
714	964
715	43
715	163
715	257
715	642
715	750
715	779
715	800
715	894
715	932
715	957
715	994
716	62
716	108
716	251
716	613
716	729
716	804
716	886
716	888
716	937
716	962
716	995
717	286
717	360
717	389
717	392
717	510
717	736
717	748
717	812
717	868
717	980
717	989
718	122
718	204
718	247
718	433
718	471
718	512
718	758
718	811
718	826
718	840
718	912
719	71
719	101
719	108
719	229
719	416
719	537
719	729
719	858
719	937
719	962
719	995
720	69
720	610
720	620
720	669
720	711
720	807
720	820
720	822
720	911
720	969
720	991
721	203
721	455
721	548
721	592
721	672
721	826
721	869
721	870
721	892
721	899
721	937
722	305
722	362
722	368
722	393
722	404
722	470
722	723
722	744
722	838
722	880
722	893
723	70
723	115
723	118
723	357
723	458
723	591
723	722
723	740
723	813
723	842
723	965
724	252
724	478
724	572
724	606
724	700
724	816
724	829
724	851
724	877
724	910
724	979
725	134
725	355
725	385
725	558
725	628
725	785
725	809
725	891
725	939
725	957
725	968
726	42
726	102
726	484
726	518
726	696
726	837
726	868
726	895
726	978
726	980
726	989
727	64
727	92
727	417
727	481
727	552
727	569
727	653
727	787
727	803
727	951
727	966
728	239
728	292
728	471
728	640
728	706
728	810
728	811
728	840
728	845
728	941
728	956
729	278
729	307
729	418
729	613
729	716
729	719
729	831
729	888
729	937
729	962
729	995
730	79
730	439
730	452
730	675
730	739
730	755
730	810
730	840
730	859
730	883
730	912
731	106
731	181
731	403
731	508
731	511
731	526
731	530
731	737
731	944
731	965
731	997
732	10
732	143
732	634
732	646
732	652
732	673
732	792
732	815
732	845
732	867
732	976
733	85
733	109
733	499
733	564
733	640
733	675
733	709
733	739
733	758
733	771
733	811
734	208
734	380
734	785
734	809
734	871
734	891
734	927
734	946
734	950
734	968
734	1000
735	263
735	351
735	382
735	430
735	494
735	535
735	658
735	685
735	705
735	789
735	882
736	84
736	335
736	618
736	717
736	847
736	853
736	950
736	953
736	954
736	961
736	973
737	1
737	119
737	326
737	476
737	488
737	731
737	796
737	849
737	901
737	916
737	984
738	316
738	344
738	406
738	502
738	520
738	553
738	759
738	875
738	904
738	974
738	998
739	30
739	72
739	111
739	397
739	627
739	673
739	675
739	730
739	733
739	810
739	987
740	70
740	166
740	508
740	530
740	554
740	586
740	591
740	684
740	723
740	944
740	965
741	16
741	86
741	285
741	446
741	509
741	517
741	568
741	578
741	643
741	849
741	978
742	183
742	282
742	336
742	495
742	656
742	681
742	777
742	856
742	872
742	938
742	971
743	4
743	136
743	147
743	321
743	449
743	598
743	745
743	910
743	918
743	929
743	955
744	255
744	305
744	722
744	824
744	854
744	869
744	880
744	917
744	921
744	936
744	959
745	271
745	659
745	694
745	743
745	793
745	837
745	897
745	922
745	934
745	945
745	982
746	161
746	175
746	596
746	701
746	767
746	806
746	814
746	913
746	920
746	932
746	985
747	9
747	148
747	165
747	222
747	263
747	369
747	535
747	705
747	748
747	789
747	864
748	91
748	407
748	484
748	518
748	717
748	747
748	749
748	812
748	868
748	980
748	989
749	42
749	96
749	230
749	519
749	521
749	523
749	668
749	696
749	748
749	812
749	989
750	43
750	206
750	282
750	334
750	396
750	514
750	642
750	711
750	715
750	932
750	994
751	210
751	409
751	558
751	785
751	809
751	871
751	900
751	946
751	957
751	964
751	1000
752	23
752	65
752	73
752	80
752	272
752	364
752	422
752	595
752	714
752	835
752	998
753	181
753	296
753	357
753	390
753	421
753	427
753	511
753	530
753	586
753	591
753	813
754	123
754	182
754	276
754	387
754	503
754	686
754	703
754	714
754	801
754	835
754	998
755	30
755	122
755	171
755	333
755	356
755	410
755	433
755	529
755	650
755	730
755	859
756	167
756	185
756	270
756	279
756	293
756	340
756	445
756	776
756	819
756	836
756	866
757	468
757	593
757	670
757	823
757	837
757	850
757	907
757	922
757	945
757	982
757	983
758	5
758	16
758	111
758	565
758	594
758	709
758	718
758	733
758	859
758	956
758	987
759	148
759	269
759	294
759	297
759	460
759	494
759	543
759	621
759	738
759	821
759	841
760	278
760	305
760	368
760	374
760	497
760	500
760	690
760	773
760	854
760	898
760	925
761	56
761	60
761	219
761	231
761	246
761	375
761	581
761	679
761	762
761	783
761	876
761	963
762	362
762	365
762	368
762	371
762	404
762	500
762	761
762	794
762	925
762	936
762	959
762	999
763	44
763	84
763	366
763	367
763	454
763	618
763	636
763	881
763	950
763	953
763	961
763	990
764	90
764	147
764	221
764	243
764	261
764	321
764	332
764	449
764	450
764	918
764	929
764	955
765	49
765	68
765	213
765	472
765	536
765	551
765	647
765	676
765	874
765	892
765	899
765	971
766	51
766	284
766	288
766	300
766	495
766	557
766	565
766	597
766	615
766	896
766	935
766	947
767	161
767	596
767	680
767	746
767	783
767	806
767	814
767	878
767	903
767	913
767	920
767	985
768	143
768	232
768	241
768	242
768	266
768	308
768	461
768	493
768	582
768	770
768	828
768	918
769	64
769	236
769	279
769	318
769	491
769	504
769	522
769	698
769	787
769	885
769	951
769	966
770	120
770	227
770	232
770	308
770	441
770	524
770	708
770	714
770	768
770	772
770	773
770	828
771	103
771	190
771	192
771	217
771	314
771	403
771	651
771	673
771	733
771	845
771	857
771	879
772	1
772	130
772	144
772	209
772	232
772	338
772	346
772	524
772	582
772	642
772	708
772	770
773	140
773	146
773	335
773	342
773	371
773	404
773	500
773	760
773	770
773	921
773	925
773	959
774	88
774	142
774	155
774	207
774	238
774	313
774	372
774	410
774	604
774	807
774	808
774	988
775	104
775	233
775	235
775	341
775	345
775	600
775	678
775	817
775	852
775	875
775	974
775	993
776	56
776	312
776	350
776	375
776	434
776	477
776	525
776	756
776	783
776	963
776	977
776	996
777	202
777	623
777	632
777	663
777	681
777	742
777	778
777	856
777	872
777	890
777	938
777	971
778	3
778	184
778	262
778	364
778	370
778	503
778	507
778	595
778	777
778	801
778	926
778	998
779	2
779	34
779	52
779	57
779	132
779	163
779	401
779	563
779	588
779	715
779	894
779	994
780	47
780	54
780	198
780	303
780	406
780	546
780	562
780	644
780	654
780	862
780	889
780	993
781	138
781	596
781	680
781	697
781	806
781	818
781	843
781	878
781	903
781	913
781	920
781	985
782	173
782	205
782	554
782	593
782	637
782	646
782	803
782	867
782	940
782	960
782	976
782	980
783	291
783	375
783	421
783	492
783	609
783	761
783	767
783	776
783	832
783	943
783	952
783	977
784	201
784	205
784	469
784	871
784	891
784	927
784	939
784	946
784	957
784	967
784	968
784	1000
785	210
785	409
785	558
785	589
785	635
785	725
785	734
785	751
785	887
785	906
785	967
785	1000
786	20
786	66
786	133
786	224
786	292
786	300
786	394
786	495
786	615
786	787
786	923
786	947
787	64
787	160
787	200
787	481
787	605
787	653
787	727
787	769
787	786
787	885
787	951
787	966
788	15
788	67
788	72
788	239
788	247
788	310
788	602
788	650
788	810
788	912
788	956
788	987
789	9
789	14
789	81
789	384
789	543
789	735
789	747
789	821
789	841
789	843
789	848
789	864
790	255
790	300
790	371
790	794
790	824
790	838
790	854
790	880
790	898
790	925
790	959
790	999
791	86
791	145
791	299
791	355
791	405
791	517
791	587
791	602
791	849
791	901
791	915
791	992
792	205
792	217
792	545
792	593
792	611
792	634
792	637
792	732
792	815
792	867
792	879
792	940
793	27
793	322
793	479
793	652
793	670
793	745
793	833
793	837
793	934
793	945
793	982
793	983
794	140
794	189
794	762
794	790
794	795
794	838
794	880
794	893
794	917
794	921
794	959
794	999
795	58
795	97
795	258
795	340
795	391
795	501
795	505
795	560
795	794
795	819
795	942
795	981
796	26
796	280
796	349
796	446
796	454
796	517
796	737
796	849
796	852
796	901
796	916
796	984
797	6
797	186
797	206
797	267
797	396
797	436
797	561
797	798
797	931
797	932
797	933
797	994
798	2
798	34
798	304
798	334
798	448
798	492
798	645
798	797
798	893
798	894
798	931
798	994
799	36
799	60
799	125
799	246
799	492
799	547
799	628
799	686
799	832
799	876
799	952
799	977
800	6
800	199
800	282
800	396
800	436
800	514
800	563
800	619
800	633
800	715
800	894
800	932
801	3
801	194
801	285
801	306
801	387
801	507
801	601
801	754
801	778
801	805
801	926
801	964
802	143
802	241
802	266
802	308
802	338
802	437
802	441
802	528
802	689
802	708
802	804
802	828
803	190
803	205
803	378
803	634
803	646
803	695
803	727
803	782
803	845
803	940
803	952
803	960
804	71
804	248
804	278
804	537
804	577
804	613
804	716
804	802
804	831
804	888
804	962
804	995
805	23
805	195
805	306
805	461
805	486
805	503
805	507
805	682
805	703
805	714
805	801
805	964
806	352
806	489
806	559
806	697
806	701
806	746
806	767
806	781
806	878
806	903
806	908
806	920
806	985
807	142
807	207
807	243
807	309
807	313
807	372
807	608
807	720
807	774
807	808
807	873
807	909
807	988
808	88
808	100
808	131
808	309
808	359
808	411
808	450
808	451
808	612
808	774
808	807
808	873
808	988
809	94
809	558
809	667
809	725
809	734
809	751
809	891
809	900
809	939
809	946
809	967
809	968
809	1000
810	85
810	122
810	414
810	440
810	499
810	512
810	728
810	730
810	739
810	788
810	840
810	935
810	941
811	216
811	247
811	397
811	464
811	499
811	602
811	718
811	728
811	733
811	812
811	859
811	956
811	987
812	102
812	230
812	389
812	392
812	465
812	579
812	630
812	710
812	717
812	748
812	749
812	811
812	989
813	117
813	118
813	181
813	296
813	427
813	511
813	573
813	586
813	723
813	753
813	842
813	944
813	997
814	155
814	237
814	441
814	559
814	680
814	697
814	746
814	767
814	825
814	908
814	913
814	920
814	985
815	275
815	545
815	593
815	624
815	634
815	651
815	664
815	707
815	732
815	792
815	879
815	940
815	956
816	98
816	126
816	315
816	343
816	485
816	497
816	574
816	606
816	641
816	724
816	842
816	877
816	979
817	104
817	344
817	388
817	406
817	438
817	489
817	683
817	775
817	875
817	887
817	904
817	974
817	993
818	175
818	352
818	559
818	680
818	701
818	781
818	825
818	827
818	878
818	913
818	920
818	967
818	985
819	21
819	58
819	185
819	279
819	293
819	312
819	399
819	424
819	531
819	756
819	795
819	836
819	981
820	82
820	151
820	176
820	585
820	610
820	636
820	704
820	708
820	711
820	720
820	861
820	933
820	969
821	9
821	81
821	89
821	222
821	369
821	430
821	460
821	543
821	566
821	658
821	759
821	789
821	843
822	105
822	442
822	475
822	482
822	491
822	610
822	636
822	639
822	720
822	894
822	933
822	969
822	991
823	27
823	114
823	135
823	178
823	274
823	436
823	506
823	692
823	694
823	757
823	833
823	907
823	934
824	124
824	140
824	330
824	371
824	470
824	500
824	532
824	625
824	744
824	790
824	893
824	917
824	959
825	138
825	155
825	161
825	175
825	688
825	697
825	814
825	818
825	878
825	897
825	903
825	958
825	985
826	50
826	95
826	324
826	457
826	539
826	676
826	718
826	721
826	870
826	892
826	899
826	928
826	975
827	66
827	150
827	201
827	213
827	292
827	383
827	394
827	495
827	557
827	599
827	818
827	935
827	947
828	1
828	120
828	143
828	266
828	336
828	338
828	493
828	528
828	649
828	768
828	770
828	802
828	865
829	126
829	196
829	288
829	496
829	555
829	574
829	575
829	641
829	724
829	833
829	851
829	877
829	979
830	29
830	84
830	164
830	335
830	347
830	367
830	413
830	844
830	857
830	953
830	961
830	973
830	990
831	53
831	101
831	244
831	248
831	611
831	613
831	662
831	729
831	804
831	888
831	926
831	962
831	995
832	37
832	434
832	456
832	477
832	525
832	783
832	799
832	834
832	860
832	943
832	948
832	950
832	996
833	18
833	79
833	178
833	411
833	419
833	506
833	694
833	793
833	823
833	829
833	850
833	907
833	924
834	32
834	36
834	151
834	172
834	180
834	547
834	581
834	609
834	832
834	943
834	948
834	952
834	963
835	73
835	80
835	260
835	364
835	370
835	387
835	553
835	583
835	595
835	752
835	754
835	926
835	988
836	77
836	97
836	113
836	279
836	340
836	432
836	445
836	483
836	616
836	756
836	819
836	849
836	942
837	27
837	444
837	479
837	506
837	670
837	726
837	745
837	757
837	793
837	850
837	897
837	924
837	982
838	61
838	678
838	691
838	722
838	790
838	794
838	880
838	893
838	917
838	921
838	925
838	959
838	999
839	59
839	83
839	105
839	176
839	420
839	442
839	620
839	861
839	872
839	884
839	933
839	969
839	991
840	171
840	397
840	529
840	606
840	712
840	718
840	728
840	730
840	810
840	859
840	883
840	941
840	956
841	81
841	92
841	153
841	169
841	369
841	430
841	460
841	494
841	535
841	543
841	759
841	789
841	848
842	118
842	325
842	357
842	427
842	530
842	591
842	684
842	723
842	813
842	816
842	914
842	965
842	997
843	35
843	152
843	154
843	269
843	294
843	382
843	384
843	460
843	527
843	781
843	789
843	821
843	864
844	67
844	164
844	295
844	363
844	400
844	412
844	830
844	846
844	855
844	953
844	954
844	961
844	973
845	75
845	103
845	192
845	275
845	634
845	652
845	673
845	728
845	732
845	771
845	803
845	879
845	976
846	48
846	129
846	277
846	331
846	363
846	844
846	847
846	853
846	881
846	953
846	954
846	977
846	990
847	29
847	48
847	156
847	295
847	335
847	416
847	618
847	622
847	736
847	846
847	855
847	953
847	1000
848	35
848	91
848	154
848	222
848	263
848	329
848	402
848	515
848	621
848	705
848	789
848	841
848	882
849	214
849	289
849	320
849	666
849	737
849	741
849	791
849	796
849	836
849	852
849	915
849	916
849	984
849	992
850	135
850	395
850	444
850	468
850	659
850	666
850	699
850	757
850	833
850	837
850	907
850	934
850	945
850	983
851	40
851	126
851	191
851	196
851	425
851	496
851	497
851	524
851	574
851	606
851	724
851	829
851	854
851	877
852	86
852	119
852	145
852	214
852	285
852	349
852	373
852	405
852	509
852	517
852	775
852	796
852	849
852	984
853	48
853	55
853	129
853	156
853	363
853	622
853	736
853	846
853	881
853	902
853	953
853	954
853	973
853	984
854	305
854	330
854	365
854	393
854	744
854	760
854	790
854	851
854	880
854	917
854	936
854	956
854	959
854	999
855	8
855	65
855	164
855	400
855	412
855	413
855	618
855	844
855	847
855	856
855	881
855	950
855	954
855	990
856	202
856	327
856	336
856	533
856	567
856	571
856	584
856	623
856	656
856	742
856	777
856	855
856	862
856	971
857	31
857	190
857	192
857	314
857	325
857	545
857	554
857	593
857	637
857	651
857	664
857	771
857	830
857	960
858	11
858	64
858	169
858	200
858	323
858	354
858	415
858	418
858	521
858	569
858	605
858	719
858	860
858	966
859	17
859	122
859	239
859	310
859	529
859	534
859	627
859	640
859	677
859	730
859	755
859	758
859	811
859	840
860	11
860	159
860	160
860	169
860	264
860	354
860	504
860	521
860	522
860	569
860	653
860	832
860	858
860	951
861	24
861	69
861	105
861	176
861	259
861	423
861	475
861	482
861	585
861	711
861	820
861	839
861	933
861	974
862	33
862	47
862	104
862	107
862	233
862	429
862	447
862	520
862	660
862	780
862	856
862	904
862	993
862	999
863	74
863	196
863	215
863	256
863	268
863	272
863	313
863	496
863	497
863	572
863	574
863	606
863	867
863	979
864	35
864	154
864	294
864	388
864	402
864	430
864	515
864	527
864	543
864	566
864	747
864	789
864	843
864	865
865	1
865	143
865	241
865	308
865	338
865	346
865	437
865	461
865	493
865	524
865	582
865	708
865	828
865	864
866	14
866	225
866	270
866	381
866	391
866	399
866	445
866	501
866	556
866	616
866	638
866	713
866	756
866	976
867	59
867	75
867	190
867	192
867	378
867	545
867	554
867	695
867	732
867	782
867	792
867	863
867	881
867	976
868	91
868	133
868	173
868	360
868	518
868	519
868	614
868	696
868	717
868	726
868	748
868	895
868	978
868	989
869	28
869	139
869	213
869	301
869	302
869	657
869	676
869	721
869	744
869	874
869	892
869	899
869	949
869	970
870	13
870	49
870	298
870	302
870	433
870	455
870	457
870	466
870	592
870	643
870	721
870	826
870	899
870	975
871	208
871	338
871	385
871	635
871	667
871	734
871	751
871	784
871	906
871	927
871	946
871	967
871	968
871	1000
872	177
872	183
872	327
872	542
872	567
872	584
872	632
872	656
872	742
872	777
872	839
872	890
872	938
872	971
873	131
873	207
873	226
873	243
873	359
873	438
873	485
873	612
873	655
873	807
873	808
873	875
873	909
873	930
874	39
874	50
874	302
874	466
874	506
874	536
874	570
874	657
874	702
874	765
874	869
874	884
874	892
874	928
874	949
875	47
875	341
875	351
875	447
875	489
875	520
875	553
875	693
875	738
875	775
875	817
875	873
875	889
875	904
875	974
876	56
876	125
876	228
876	291
876	312
876	409
876	421
876	456
876	581
876	761
876	799
876	943
876	952
876	977
876	996
877	7
877	15
877	74
877	256
877	315
877	392
877	497
877	541
877	575
877	687
877	724
877	816
877	829
877	851
877	979
878	33
878	352
878	363
878	680
878	701
878	767
878	781
878	806
878	818
878	825
878	903
878	908
878	913
878	920
878	985
879	59
879	190
879	314
879	325
879	398
879	403
879	646
879	651
879	707
879	771
879	792
879	815
879	845
879	880
879	976
880	330
880	365
880	404
880	722
880	744
880	790
880	794
880	838
880	854
880	879
880	893
880	925
880	936
880	959
880	999
881	44
881	84
881	277
881	366
881	413
881	763
881	846
881	853
881	855
881	867
881	950
881	953
881	961
881	973
881	990
882	152
882	154
882	165
882	269
882	294
882	364
882	369
882	382
882	384
882	388
882	527
882	685
882	735
882	848
882	885
883	67
883	72
883	204
883	216
883	247
883	310
883	471
883	529
883	594
883	640
883	677
883	709
883	730
883	840
883	958
884	99
884	128
884	151
884	259
884	289
884	423
884	482
884	620
884	639
884	839
884	874
884	911
884	933
884	969
884	991
885	64
885	159
885	160
885	323
885	354
885	417
885	552
885	605
885	698
885	769
885	787
885	882
885	902
885	951
885	966
886	41
886	117
886	132
886	212
886	218
886	234
886	273
886	319
886	487
886	590
886	633
886	671
886	716
886	919
886	986
887	33
887	168
887	198
887	233
887	249
887	520
887	617
887	644
887	654
887	660
887	691
887	693
887	785
887	817
887	904
888	28
888	53
888	71
888	101
888	108
888	577
888	662
888	716
888	729
888	804
888	831
888	892
888	937
888	962
888	995
889	107
889	193
889	249
889	303
889	341
889	429
889	489
889	617
889	641
889	644
889	660
889	693
889	704
889	780
889	875
890	178
890	183
890	327
890	336
890	533
890	542
890	567
890	584
890	623
890	632
890	656
890	777
890	872
890	938
890	971
891	134
891	353
891	372
891	409
891	725
891	734
891	784
891	809
891	900
891	927
891	939
891	946
891	957
891	967
891	1000
892	39
892	49
892	116
892	457
892	647
892	657
892	721
892	765
892	826
892	869
892	874
892	888
892	970
892	975
892	992
893	140
893	186
893	358
893	368
893	374
893	690
893	722
893	794
893	798
893	824
893	838
893	880
893	898
893	936
893	999
894	2
894	179
894	193
894	396
894	561
894	588
894	629
894	642
894	645
894	715
894	779
894	798
894	800
894	822
894	931
895	286
895	322
895	407
895	463
895	465
895	484
895	510
895	579
895	614
895	630
895	668
895	726
895	868
895	978
895	980
896	51
896	150
896	201
896	224
896	348
896	383
896	394
896	437
896	495
896	498
896	599
896	766
896	923
896	935
896	947
897	18
897	271
897	274
897	322
897	631
897	659
897	670
897	745
897	825
897	837
897	907
897	922
897	945
897	982
897	983
898	93
898	255
898	345
898	358
898	362
898	365
898	374
898	532
898	690
898	760
898	790
898	893
898	917
898	921
898	934
898	936
899	38
899	50
899	106
899	116
899	298
899	324
899	457
899	548
899	721
899	765
899	826
899	869
899	870
899	928
899	949
899	970
900	353
900	380
900	385
900	469
900	589
900	614
900	667
900	751
900	809
900	891
900	946
900	957
900	967
900	968
900	998
900	1000
901	26
901	245
901	284
901	299
901	349
901	355
901	473
901	476
901	568
901	578
901	666
901	706
901	737
901	791
901	796
901	915
902	8
902	29
902	44
902	68
902	156
902	277
902	295
902	363
902	400
902	618
902	853
902	885
902	953
902	954
902	961
902	990
903	138
903	155
903	183
903	237
903	352
903	559
903	596
903	767
903	781
903	806
903	825
903	878
903	908
903	913
903	920
903	985
904	33
904	104
904	233
904	344
904	429
904	553
904	562
904	622
904	678
904	683
904	738
904	817
904	862
904	875
904	887
904	972
905	63
905	76
905	86
905	95
905	119
905	214
905	240
905	289
905	320
905	326
905	405
905	578
905	643
905	915
905	949
905	992
906	134
906	174
906	209
906	210
906	353
906	409
906	469
906	471
906	558
906	785
906	871
906	927
906	939
906	946
906	957
906	1000
907	114
907	271
907	274
907	411
907	500
907	631
907	661
907	694
907	757
907	823
907	833
907	850
907	897
907	922
907	945
907	982
908	138
908	175
908	237
908	422
908	559
908	594
908	680
908	688
908	697
908	701
908	806
908	814
908	878
908	903
908	913
908	985
909	25
909	313
909	359
909	372
909	410
909	438
909	450
909	451
909	580
909	608
909	612
909	702
909	807
909	873
909	930
909	988
910	136
910	147
910	170
910	221
910	257
910	287
910	332
910	431
910	449
910	462
910	538
910	724
910	743
910	918
910	929
910	955
911	24
911	69
911	82
911	83
911	151
911	475
911	543
911	585
911	610
911	620
911	659
911	711
911	720
911	884
911	969
911	991
912	72
912	111
912	294
912	440
912	529
912	565
912	602
912	626
912	650
912	677
912	712
912	718
912	730
912	788
912	941
912	987
913	339
913	352
913	596
913	689
913	697
913	701
913	746
913	767
913	781
913	814
913	818
913	878
913	903
913	908
913	920
913	985
914	11
914	17
914	106
914	115
914	166
914	181
914	296
914	357
914	427
914	511
914	573
914	684
914	842
914	944
914	965
914	997
915	194
915	245
915	289
915	299
915	349
915	379
915	444
915	459
915	473
915	509
915	516
915	517
915	791
915	849
915	901
915	905
916	16
916	26
916	78
916	240
916	299
916	373
916	389
916	408
916	516
916	578
916	643
916	737
916	796
916	849
916	984
916	992
917	101
917	146
917	189
917	305
917	342
917	532
917	625
917	690
917	744
917	794
917	824
917	838
917	854
917	898
917	921
917	933
917	999
918	147
918	170
918	221
918	261
918	287
918	321
918	332
918	376
918	428
918	431
918	449
918	462
918	743
918	764
918	768
918	910
918	955
919	12
919	41
919	45
919	110
919	117
919	149
919	212
919	218
919	273
919	319
919	480
919	487
919	590
919	663
919	886
919	960
919	986
920	12
920	155
920	352
920	596
920	688
920	701
920	746
920	767
920	781
920	806
920	814
920	818
920	878
920	903
920	913
920	922
920	985
921	7
921	93
921	197
921	255
921	362
921	470
921	690
921	744
921	773
921	794
921	838
921	898
921	917
921	922
921	925
921	936
921	999
922	27
922	46
922	178
922	411
922	444
922	468
922	506
922	670
922	674
922	745
922	757
922	897
922	907
922	920
922	921
922	934
922	983
923	20
923	133
923	150
923	284
923	290
923	292
923	383
923	495
923	557
923	599
923	615
923	786
923	896
923	925
923	931
923	935
923	947
924	46
924	114
924	178
924	395
924	411
924	419
924	435
924	506
924	630
924	631
924	632
924	674
924	833
924	837
924	934
924	945
924	982
925	330
925	358
925	371
925	470
925	625
925	760
925	762
925	773
925	790
925	838
925	880
925	921
925	923
925	936
925	959
925	962
925	999
926	22
926	65
926	112
926	141
926	194
926	276
926	503
926	507
926	544
926	583
926	703
926	714
926	778
926	801
926	831
926	835
926	964
927	328
927	353
927	380
927	443
927	628
927	734
927	784
927	871
927	891
927	906
927	931
927	939
927	946
927	957
927	967
927	968
927	1000
928	13
928	28
928	38
928	68
928	116
928	139
928	152
928	302
928	455
928	466
928	536
928	672
928	702
928	826
928	874
928	899
928	970
929	90
929	136
929	147
929	170
929	287
929	321
929	332
929	428
929	431
929	449
929	538
929	568
929	703
929	743
929	764
929	910
929	955
930	25
930	131
930	142
930	207
930	238
930	243
930	309
930	317
930	359
930	451
930	580
930	585
930	604
930	608
930	873
930	909
930	988
931	94
931	179
931	187
931	206
931	254
931	257
931	280
931	334
931	448
931	514
931	645
931	797
931	798
931	894
931	923
931	927
931	994
932	6
932	34
932	43
932	52
932	187
932	254
932	282
932	359
932	448
932	561
932	563
932	715
932	746
932	750
932	797
932	800
932	994
933	24
933	82
933	83
933	99
933	259
933	442
933	491
933	607
933	620
933	704
933	797
933	820
933	822
933	839
933	861
933	884
933	917
934	27
934	114
934	271
934	419
934	444
934	570
934	631
934	674
934	694
934	745
934	793
934	823
934	850
934	898
934	922
934	924
934	945
935	51
935	133
935	150
935	201
935	223
935	224
935	288
935	300
935	498
935	557
935	597
935	615
935	766
935	810
935	827
935	896
935	923
935	947
936	191
936	342
936	362
936	374
936	470
936	532
936	690
936	744
936	762
936	854
936	880
936	893
936	898
936	921
936	925
936	940
936	959
936	999
937	53
937	62
937	101
937	244
937	251
937	307
937	537
937	577
937	611
937	613
937	662
937	716
937	719
937	721
937	729
937	888
937	962
937	995
938	51
938	177
938	183
938	202
938	327
938	336
938	533
938	542
938	567
938	571
938	632
938	656
938	681
938	742
938	777
938	872
938	890
938	971
939	74
939	134
939	174
939	208
939	233
939	353
939	385
939	443
939	469
939	725
939	784
939	809
939	891
939	906
939	927
939	957
939	968
939	1000
940	72
940	75
940	103
940	205
940	275
940	325
940	378
940	593
940	624
940	637
940	652
940	664
940	782
940	792
940	803
940	815
940	936
940	976
941	30
941	109
941	188
941	204
941	356
941	397
941	502
941	512
941	650
941	706
941	709
941	712
941	728
941	810
941	840
941	912
941	942
941	956
942	21
942	77
942	86
942	97
942	258
942	270
942	293
942	381
942	399
942	424
942	467
942	505
942	513
942	531
942	638
942	795
942	836
942	941
943	56
943	125
943	219
943	231
943	339
943	434
943	452
943	477
943	490
943	581
943	686
943	699
943	783
943	832
943	834
943	876
943	945
943	977
944	70
944	107
944	115
944	118
944	181
944	390
944	458
944	508
944	516
944	526
944	530
944	591
944	684
944	731
944	740
944	813
944	914
944	997
945	89
945	135
945	178
945	271
945	322
945	479
945	674
945	692
945	745
945	757
945	793
945	850
945	897
945	907
945	924
945	934
945	943
945	983
946	227
946	380
946	385
946	443
946	589
946	628
946	635
946	734
946	751
946	784
946	809
946	871
946	891
946	900
946	906
946	927
946	947
946	957
947	51
947	71
947	284
947	288
947	290
947	348
947	394
947	495
947	557
947	597
947	599
947	766
947	786
947	827
947	896
947	923
947	935
947	946
948	63
948	130
948	172
948	350
948	376
948	421
948	434
948	456
948	490
948	525
948	581
948	648
948	699
948	832
948	834
948	952
948	963
948	977
949	13
949	38
949	49
949	95
949	121
949	197
949	213
949	298
949	302
949	472
949	474
949	539
949	672
949	869
949	874
949	899
949	905
949	975
950	156
950	277
950	335
950	363
950	366
950	400
950	412
950	454
950	734
950	736
950	763
950	832
950	855
950	881
950	953
950	954
950	973
950	990
951	26
951	64
951	116
951	159
951	160
951	162
951	264
951	318
951	323
951	354
951	550
951	698
951	727
951	769
951	787
951	860
951	885
951	966
952	32
952	36
952	60
952	180
952	228
952	477
952	490
952	540
952	547
952	609
952	783
952	799
952	803
952	834
952	876
952	948
952	955
952	963
952	996
953	295
953	331
953	363
953	366
953	618
953	622
953	736
953	763
953	830
953	844
953	846
953	847
953	853
953	881
953	902
953	950
953	954
953	961
953	991
954	44
954	48
954	55
954	127
954	276
954	347
954	367
954	618
954	736
954	844
954	846
954	853
954	855
954	902
954	950
954	953
954	955
954	961
954	973
955	4
955	170
955	221
955	261
955	287
955	321
955	332
955	428
955	449
955	462
955	538
955	598
955	743
955	764
955	910
955	918
955	929
955	952
955	954
956	67
956	72
956	79
956	122
956	188
956	204
956	414
956	433
956	512
956	534
956	709
956	728
956	758
956	788
956	811
956	815
956	840
956	854
956	941
957	273
957	353
957	385
957	409
957	469
957	589
957	635
957	667
957	715
957	725
957	751
957	784
957	891
957	900
957	906
957	927
957	939
957	946
957	968
958	85
958	111
958	137
958	310
958	386
958	405
958	414
958	439
958	464
958	534
958	565
958	602
958	626
958	627
958	650
958	709
958	825
958	883
958	987
959	61
959	238
959	305
959	358
959	362
959	393
959	406
959	625
959	744
959	762
959	773
959	790
959	794
959	824
959	838
959	854
959	880
959	925
959	936
960	31
960	59
960	75
960	103
960	192
960	314
960	403
960	624
960	634
960	646
960	652
960	664
960	695
960	782
960	803
960	857
960	919
960	976
960	982
961	8
961	55
961	69
961	127
961	156
961	331
961	358
961	412
961	413
961	736
961	763
961	830
961	844
961	881
961	902
961	953
961	954
961	973
961	990
962	62
962	71
962	108
962	248
962	278
962	416
962	537
962	577
962	611
962	662
962	716
962	719
962	729
962	804
962	831
962	888
962	925
962	937
962	993
962	995
963	32
963	180
963	208
963	231
963	246
963	312
963	339
963	452
963	477
963	492
963	571
963	609
963	648
963	679
963	699
963	761
963	776
963	834
963	948
963	952
964	22
964	65
964	141
964	182
964	184
964	260
964	364
964	370
964	422
964	442
964	453
964	486
964	549
964	601
964	703
964	714
964	751
964	801
964	805
964	926
965	17
965	70
965	93
965	106
965	118
965	296
965	390
965	508
965	511
965	526
965	573
965	586
965	591
965	723
965	731
965	740
965	842
965	914
965	968
965	997
966	11
966	92
966	141
966	159
966	162
966	236
966	318
966	323
966	366
966	417
966	418
966	481
966	605
966	698
966	727
966	769
966	787
966	858
966	885
966	951
966	981
967	208
967	210
967	255
967	353
967	380
967	385
967	443
967	469
967	558
967	589
967	635
967	667
967	784
967	785
967	809
967	818
967	871
967	891
967	900
967	927
967	968
968	174
968	210
968	380
968	558
968	589
968	628
968	635
968	667
968	725
968	734
968	784
968	809
968	871
968	900
968	927
968	939
968	957
968	965
968	967
968	996
968	1000
969	24
969	58
969	83
969	87
969	105
969	128
969	176
969	420
969	423
969	442
969	482
969	491
969	610
969	639
969	711
969	720
969	820
969	822
969	839
969	884
969	911
970	39
970	68
970	70
970	139
970	203
970	298
970	302
970	324
970	354
970	455
970	466
970	548
970	570
970	592
970	647
970	657
970	869
970	892
970	899
970	928
970	975
971	177
971	183
971	225
971	327
971	336
971	533
971	542
971	567
971	571
971	584
971	623
971	632
971	656
971	681
971	742
971	765
971	777
971	856
971	872
971	890
971	938
972	19
972	41
972	45
972	110
972	117
972	132
972	149
972	158
972	212
972	234
972	273
972	337
972	361
972	379
972	480
972	487
972	590
972	603
972	665
972	904
972	986
973	29
973	48
973	55
973	84
973	127
973	164
973	206
973	331
973	335
973	366
973	367
973	412
973	550
973	618
973	736
973	830
973	844
973	853
973	881
973	950
973	954
973	961
974	47
974	193
974	245
974	283
974	311
974	344
974	351
974	447
974	502
974	520
974	600
974	617
974	654
974	660
974	678
974	683
974	738
974	775
974	817
974	861
974	875
974	993
975	13
975	39
975	68
975	103
975	116
975	121
975	139
975	301
975	377
975	466
975	474
975	536
975	539
975	570
975	647
975	657
975	672
975	826
975	870
975	892
975	949
975	970
976	10
976	31
976	59
976	103
976	173
976	192
976	398
976	403
976	547
976	576
976	624
976	637
976	664
976	707
976	732
976	782
976	845
976	866
976	867
976	879
976	940
976	960
977	8
977	36
977	172
977	219
977	350
977	375
977	376
977	456
977	490
977	609
977	648
977	679
977	686
977	776
977	783
977	799
977	846
977	876
977	943
977	948
977	984
977	996
978	42
978	91
978	96
978	220
978	230
978	253
978	360
978	389
978	392
978	484
978	518
978	523
978	614
978	630
978	668
978	710
978	726
978	741
978	868
978	895
978	980
978	989
979	74
979	126
979	191
979	252
979	256
979	268
979	272
979	343
979	425
979	478
979	493
979	555
979	572
979	574
979	575
979	641
979	700
979	709
979	724
979	816
979	829
979	863
979	877
980	42
980	211
980	253
980	286
980	360
980	392
980	407
980	510
980	519
980	523
980	551
980	579
980	614
980	630
980	710
980	717
980	726
980	748
980	782
980	895
980	978
980	985
980	989
981	56
981	77
981	124
981	167
981	258
981	279
981	324
981	340
981	391
981	424
981	445
981	463
981	483
981	501
981	513
981	531
981	560
981	616
981	638
981	713
981	795
981	819
981	966
982	18
982	27
982	89
982	135
982	178
982	322
982	435
982	444
982	468
982	479
982	631
982	674
982	692
982	694
982	745
982	757
982	793
982	837
982	897
982	907
982	924
982	960
982	993
983	18
983	83
983	89
983	114
983	135
983	229
983	274
983	322
983	395
983	419
983	426
983	468
983	479
983	506
983	659
983	674
983	692
983	757
983	793
983	850
983	897
983	922
983	945
984	34
984	78
984	119
984	245
984	379
984	405
984	446
984	459
984	473
984	488
984	516
984	517
984	587
984	643
984	661
984	737
984	796
984	849
984	852
984	853
984	916
984	977
984	992
985	138
985	155
985	161
985	175
985	237
985	352
985	559
985	651
985	680
985	688
985	701
985	746
985	767
985	781
985	806
985	814
985	818
985	825
985	878
985	903
985	908
985	913
985	920
985	980
986	12
986	45
986	110
986	117
986	132
986	158
986	212
986	218
986	234
986	273
986	319
986	361
986	477
986	480
986	487
986	603
986	621
986	633
986	663
986	665
986	671
986	886
986	919
986	972
987	67
987	85
987	109
987	171
987	188
987	216
987	238
987	439
987	440
987	447
987	471
987	499
987	512
987	594
987	602
987	626
987	627
987	712
987	739
987	758
987	788
987	811
987	912
987	958
988	25
988	88
988	100
988	207
988	226
988	238
988	313
988	317
988	372
988	387
988	438
988	451
988	579
988	580
988	604
988	608
988	612
988	655
988	774
988	807
988	808
988	835
988	909
988	930
989	91
989	96
989	211
989	253
989	342
989	392
989	407
989	465
989	484
989	518
989	519
989	523
989	551
989	579
989	690
989	696
989	717
989	726
989	748
989	749
989	812
989	868
989	978
989	980
990	29
990	44
990	55
990	129
990	156
990	164
990	259
990	295
990	347
990	363
990	367
990	400
990	424
990	454
990	578
990	622
990	763
990	830
990	846
990	855
990	881
990	902
990	950
990	961
991	82
991	83
991	99
991	105
991	128
991	151
991	259
991	329
991	420
991	475
991	482
991	491
991	607
991	610
991	639
991	669
991	711
991	720
991	822
991	839
991	884
991	911
991	953
991	995
992	16
992	76
992	78
992	317
992	320
992	326
992	349
992	373
992	405
992	408
992	446
992	459
992	473
992	517
992	568
992	587
992	643
992	661
992	791
992	849
992	892
992	905
992	916
992	984
993	33
993	104
993	198
993	249
993	283
993	341
993	351
993	406
993	489
993	502
993	520
993	546
993	553
993	562
993	654
993	683
993	691
993	693
993	775
993	780
993	817
993	862
993	962
993	974
993	982
994	2
994	57
994	94
994	179
994	186
994	254
994	257
994	267
994	280
994	282
994	299
994	396
994	401
994	514
994	588
994	619
994	629
994	642
994	715
994	750
994	779
994	797
994	798
994	931
994	932
995	71
995	101
995	108
995	229
995	244
995	248
995	251
995	278
995	307
995	416
995	446
995	537
995	611
995	613
995	662
995	670
995	716
995	719
995	729
995	804
995	831
995	888
995	937
995	962
995	991
996	32
996	36
996	37
996	56
996	60
996	125
996	180
996	228
996	231
996	246
996	291
996	350
996	376
996	456
996	547
996	648
996	699
996	776
996	832
996	876
996	952
996	968
996	977
996	997
996	1000
997	17
997	70
997	106
997	115
997	118
997	181
997	296
997	357
997	419
997	427
997	458
997	508
997	511
997	573
997	586
997	591
997	668
997	684
997	731
997	813
997	842
997	914
997	944
997	965
997	996
998	3
998	73
998	80
998	112
998	141
998	182
998	194
998	260
998	262
998	276
998	370
998	387
998	422
998	453
998	486
998	503
998	507
998	544
998	549
998	583
998	738
998	752
998	754
998	778
998	900
999	93
999	140
999	146
999	197
999	255
999	330
999	358
999	365
999	371
999	374
999	404
999	407
999	625
999	762
999	790
999	794
999	838
999	854
999	862
999	880
999	893
999	917
999	921
999	925
999	936
1000	134
1000	174
1000	208
1000	210
1000	380
1000	409
1000	443
1000	469
1000	589
1000	628
1000	635
1000	734
1000	751
1000	784
1000	785
1000	809
1000	847
1000	871
1000	891
1000	900
1000	906
1000	927
1000	939
1000	968
1000	996
