1	126
1	476
1	810
1	860
1	904
2	664
2	667
2	742
2	932
2	1000
3	488
3	601
3	873
3	879
3	951
4	110
4	494
4	636
4	915
4	944
5	530
5	798
5	820
5	924
5	939
6	297
6	647
6	956
6	958
6	974
7	26
7	656
7	801
7	891
7	937
8	547
8	558
8	618
8	864
8	956
9	115
9	273
9	516
9	714
9	865
10	371
10	574
10	580
10	906
10	999
11	485
11	668
11	892
11	937
11	966
12	106
12	118
12	806
12	915
12	968
13	37
13	342
13	563
13	816
13	913
14	430
14	482
14	600
14	765
14	985
15	527
15	794
15	934
15	953
15	957
16	74
16	406
16	716
16	856
16	993
17	615
17	634
17	759
17	886
17	957
18	567
18	640
18	653
18	806
18	900
19	403
19	760
19	970
19	974
19	999
20	556
20	687
20	788
20	825
20	847
21	567
21	737
21	846
21	880
21	983
22	635
22	662
22	736
22	898
22	925
23	388
23	415
23	459
23	951
23	994
24	46
24	253
24	525
24	724
24	840
25	538
25	630
25	856
25	904
25	968
26	7
26	497
26	590
26	602
26	940
27	596
27	734
27	875
27	896
27	996
28	652
28	776
28	907
28	961
28	991
29	297
29	583
29	587
29	746
29	898
30	402
30	639
30	648
30	800
30	882
31	499
31	627
31	631
31	783
31	849
32	143
32	585
32	658
32	873
32	944
33	306
33	560
33	586
33	649
33	934
34	276
34	348
34	679
34	711
34	919
35	407
35	560
35	887
35	924
35	955
36	591
36	713
36	753
36	876
36	932
37	13
37	379
37	471
37	843
37	864
38	491
38	902
38	945
38	982
38	996
39	191
39	425
39	793
39	809
39	851
40	501
40	527
40	827
40	918
40	948
41	108
41	480
41	665
41	703
41	973
42	68
42	364
42	614
42	970
42	983
43	178
43	541
43	581
43	881
43	932
44	103
44	842
44	848
44	892
44	954
45	456
45	806
45	868
45	959
45	984
46	24
46	499
46	655
46	671
46	928
47	89
47	625
47	770
47	948
47	959
48	422
48	463
48	675
48	789
48	930
49	87
49	297
49	762
49	855
49	934
50	329
50	444
50	682
50	738
50	787
51	199
51	518
51	545
51	815
51	995
52	332
52	724
52	790
52	847
52	997
53	150
53	545
53	944
53	961
53	988
54	403
54	470
54	530
54	827
54	937
55	563
55	621
55	760
55	896
55	963
56	842
56	951
56	984
56	988
56	991
57	321
57	563
57	644
57	771
57	935
58	72
58	683
58	909
58	918
58	952
59	521
59	737
59	866
59	952
59	999
60	65
60	410
60	827
60	829
60	838
61	409
61	478
61	542
61	914
61	929
62	879
62	898
62	899
62	962
62	981
63	869
63	886
63	927
63	946
63	992
64	217
64	539
64	793
64	910
64	943
65	60
65	826
65	839
65	883
65	972
66	561
66	603
66	659
66	770
66	987
67	311
67	723
67	806
67	895
67	970
68	42
68	372
68	573
68	935
68	973
69	522
69	748
69	815
69	975
69	984
70	324
70	690
70	789
70	794
70	852
71	615
71	869
71	873
71	874
71	883
72	58
72	786
72	882
72	957
72	973
73	222
73	659
73	804
73	836
73	967
74	16
74	183
74	660
74	911
74	921
75	309
75	662
75	709
75	918
75	995
76	209
76	349
76	449
76	542
76	660
77	153
77	577
77	694
77	845
77	967
78	148
78	304
78	414
78	552
78	792
79	247
79	395
79	897
79	928
79	978
80	355
80	501
80	596
80	761
80	956
81	119
81	669
81	675
81	782
81	807
82	211
82	319
82	398
82	866
82	965
83	332
83	657
83	695
83	941
83	953
84	119
84	287
84	694
84	897
84	934
85	557
85	698
85	897
85	906
85	999
86	570
86	669
86	891
86	987
86	989
87	49
87	537
87	695
87	754
87	848
88	793
88	845
88	878
88	905
88	944
89	47
89	189
89	315
89	504
89	966
90	785
90	934
90	971
90	987
90	1000
91	589
91	853
91	854
91	869
91	885
92	327
92	875
92	926
92	965
92	986
93	519
93	655
93	727
93	803
93	944
94	924
94	934
94	956
94	957
94	970
95	409
95	438
95	551
95	556
95	690
96	819
96	928
96	969
96	975
96	1000
97	768
97	874
97	908
97	931
97	966
98	550
98	663
98	680
98	937
98	954
99	643
99	885
99	899
99	994
99	998
100	170
100	457
100	723
100	837
100	975
101	378
101	809
101	885
101	914
101	938
102	217
102	539
102	578
102	735
102	770
103	44
103	347
103	465
103	876
103	974
104	170
104	619
104	792
104	807
104	840
105	268
105	738
105	847
105	949
105	962
106	12
106	727
106	766
106	776
106	824
107	162
107	659
107	689
107	699
107	979
108	41
108	729
108	870
108	919
108	933
109	314
109	740
109	968
109	979
109	987
110	4
110	296
110	495
110	844
110	870
111	799
111	842
111	878
111	935
111	999
112	746
112	788
112	805
112	849
112	936
113	235
113	538
113	743
113	956
113	974
114	672
114	715
114	776
114	786
114	994
115	9
115	221
115	382
115	824
115	981
116	228
116	529
116	555
116	865
116	972
117	583
117	736
117	762
117	823
117	865
118	12
118	214
118	686
118	689
118	895
119	81
119	84
119	135
119	426
119	996
120	279
120	714
120	767
120	915
120	995
121	502
121	737
121	779
121	902
121	958
122	365
122	459
122	544
122	591
122	979
123	475
123	520
123	729
123	887
123	898
124	436
124	626
124	704
124	855
124	959
125	213
125	563
125	922
125	963
125	984
126	1
126	503
126	572
126	860
126	923
127	238
127	606
127	743
127	847
127	948
128	213
128	239
128	575
128	866
128	979
129	386
129	596
129	715
129	796
129	953
130	281
130	532
130	724
130	844
130	949
131	185
131	303
131	932
131	958
131	973
132	729
132	849
132	915
132	920
132	996
133	220
133	247
133	423
133	795
133	971
134	633
134	677
134	850
134	881
134	926
135	119
135	813
135	871
135	921
135	981
136	353
136	445
136	626
136	669
136	775
137	650
137	668
137	736
137	884
137	915
138	484
138	617
138	830
138	886
138	947
139	619
139	703
139	797
139	925
139	974
140	507
140	598
140	657
140	963
140	990
141	414
141	606
141	758
141	820
141	986
142	252
142	605
142	616
142	627
142	696
143	32
143	457
143	616
143	811
143	996
144	207
144	423
144	792
144	796
144	863
145	370
145	506
145	866
145	875
145	975
146	227
146	311
146	828
146	838
146	940
147	465
147	670
147	671
147	794
147	876
148	78
148	602
148	726
148	790
148	891
149	428
149	742
149	875
149	887
149	932
150	53
150	192
150	795
150	951
150	959
151	217
151	373
151	374
151	845
151	921
152	398
152	526
152	695
152	817
152	943
153	77
153	317
153	786
153	805
153	842
154	204
154	743
154	846
154	899
154	962
155	433
155	589
155	661
155	777
155	872
156	599
156	646
156	878
156	931
156	994
157	510
157	705
157	970
157	978
157	995
158	642
158	733
158	800
158	926
158	983
159	337
159	775
159	927
159	932
159	955
160	729
160	820
160	830
160	837
160	910
161	195
161	551
161	871
161	928
161	934
162	107
162	426
162	726
162	886
162	935
163	729
163	770
163	814
163	904
163	928
164	615
164	641
164	756
164	924
164	976
165	392
165	624
165	887
165	954
165	987
166	341
166	448
166	649
166	813
166	858
167	498
167	671
167	715
167	934
167	976
168	814
168	870
168	916
168	949
168	973
169	416
169	461
169	476
169	895
169	898
170	100
170	104
170	230
170	282
170	792
171	261
171	568
171	582
171	810
171	866
172	476
172	685
172	823
172	832
172	917
173	340
173	507
173	614
173	883
173	894
174	279
174	441
174	857
174	978
174	990
175	218
175	531
175	608
175	611
175	860
176	654
176	665
176	865
176	922
176	965
177	250
177	713
177	798
177	980
177	985
178	43
178	593
178	934
178	947
178	976
179	181
179	200
179	306
179	631
179	675
180	499
180	820
180	846
180	851
180	852
181	179
181	720
181	833
181	842
181	877
182	437
182	890
182	967
182	989
182	992
183	74
183	216
183	269
183	860
183	983
184	284
184	440
184	690
184	856
184	960
185	131
185	412
185	615
185	662
185	922
186	199
186	234
186	498
186	741
186	752
187	363
187	522
187	677
187	903
187	953
188	214
188	510
188	933
188	974
188	987
189	89
189	529
189	820
189	916
189	921
190	431
190	912
190	963
190	982
190	1000
191	39
191	640
191	843
191	986
191	998
192	150
192	410
192	807
192	950
192	1000
193	238
193	773
193	777
193	810
193	863
194	288
194	508
194	815
194	969
194	987
195	161
195	580
195	619
195	706
195	874
196	359
196	614
196	702
196	907
196	995
197	200
197	666
197	752
197	767
197	989
198	361
198	671
198	748
198	949
198	997
199	51
199	186
199	736
199	812
199	992
200	179
200	197
200	444
200	639
200	960
201	714
201	819
201	848
201	969
201	972
202	593
202	774
202	791
202	851
202	906
203	591
203	773
203	921
203	939
203	1000
204	154
204	680
204	928
204	938
204	948
205	258
205	551
205	847
205	904
205	971
206	307
206	754
206	767
206	986
206	998
207	144
207	238
207	778
207	851
207	980
208	463
208	509
208	581
208	612
208	981
209	76
209	350
209	535
209	798
209	862
210	236
210	326
210	350
210	594
210	667
210	676
211	82
211	540
211	646
211	850
211	965
211	979
212	564
212	784
212	839
212	916
212	959
212	972
213	125
213	128
213	529
213	675
213	938
213	972
214	118
214	188
214	489
214	904
214	911
214	994
215	284
215	417
215	732
215	775
215	948
215	965
216	183
216	520
216	544
216	796
216	871
216	904
217	64
217	102
217	151
217	484
217	861
217	998
218	175
218	382
218	708
218	738
218	785
218	973
219	315
219	450
219	607
219	615
219	845
219	942
220	133
220	821
220	887
220	947
220	963
220	982
221	115
221	651
221	673
221	893
221	917
221	983
222	73
222	233
222	336
222	361
222	582
222	992
223	292
223	640
223	664
223	801
223	890
223	967
224	788
224	812
224	850
224	872
224	942
224	980
225	470
225	561
225	629
225	720
225	946
225	984
226	320
226	347
226	428
226	886
226	962
226	977
227	146
227	528
227	816
227	868
227	874
227	959
228	116
228	302
228	450
228	570
228	749
228	941
229	453
229	676
229	738
229	756
229	821
229	881
230	170
230	530
230	847
230	849
230	907
230	939
231	701
231	734
231	769
231	842
231	963
231	991
232	296
232	869
232	871
232	894
232	927
232	947
233	222
233	266
233	581
233	863
233	871
233	981
234	186
234	501
234	577
234	656
234	684
234	892
235	113
235	524
235	668
235	920
235	932
235	956
236	210
236	386
236	633
236	793
236	802
236	867
237	280
237	690
237	737
237	810
237	846
237	995
238	127
238	193
238	207
238	342
238	863
238	993
239	128
239	430
239	470
239	873
239	930
239	984
240	526
240	638
240	870
240	927
240	930
240	941
241	273
241	462
241	526
241	718
241	835
241	857
242	726
242	771
242	837
242	901
242	946
242	956
243	388
243	619
243	800
243	916
243	925
243	956
244	582
244	777
244	847
244	854
244	884
244	947
245	387
245	460
245	528
245	775
245	898
245	904
246	248
246	582
246	702
246	724
246	779
246	895
247	79
247	133
247	495
247	779
247	846
247	880
248	246
248	318
248	426
248	815
248	836
248	846
249	275
249	492
249	618
249	709
249	962
249	999
250	177
250	262
250	710
250	742
250	803
250	912
251	656
251	730
251	848
251	892
251	900
251	912
252	142
252	289
252	877
252	961
252	967
252	996
253	24
253	688
253	692
253	707
253	759
253	912
254	566
254	658
254	677
254	700
254	838
254	843
255	459
255	823
255	873
255	888
255	890
255	913
256	313
256	563
256	689
256	747
256	816
256	884
257	606
257	657
257	659
257	801
257	854
257	940
258	205
258	503
258	600
258	774
258	870
258	873
259	387
259	408
259	475
259	694
259	920
259	935
260	558
260	585
260	833
260	895
260	906
260	942
261	171
261	666
261	831
261	923
261	938
261	952
262	250
262	263
262	265
262	678
262	777
262	840
263	262
263	541
263	782
263	832
263	900
263	957
264	394
264	517
264	528
264	533
264	865
264	888
265	262
265	408
265	624
265	865
265	903
265	961
266	233
266	688
266	710
266	730
266	809
266	998
267	532
267	643
267	737
267	827
267	843
267	880
268	105
268	538
268	736
268	820
268	921
268	968
269	183
269	491
269	513
269	808
269	865
269	903
270	300
270	335
270	668
270	750
270	761
270	970
271	444
271	620
271	637
271	697
271	732
271	898
272	651
272	800
272	877
272	900
272	957
272	984
273	9
273	241
273	344
273	842
273	896
273	961
274	277
274	335
274	688
274	929
274	933
274	997
275	249
275	616
275	772
275	833
275	914
275	988
276	34
276	631
276	889
276	958
276	961
276	980
277	274
277	334
277	603
277	798
277	954
277	1000
278	624
278	646
278	726
278	795
278	875
278	975
279	120
279	174
279	463
279	910
279	911
279	962
280	237
280	286
280	532
280	580
280	633
280	742
281	130
281	582
281	724
281	817
281	859
281	871
282	170
282	816
282	822
282	874
282	881
282	996
283	338
283	368
283	697
283	795
283	882
283	929
284	184
284	215
284	303
284	396
284	405
284	995
285	462
285	466
285	477
285	701
285	799
285	939
286	280
286	293
286	454
286	724
286	843
286	964
287	84
287	834
287	865
287	938
287	968
287	989
288	194
288	535
288	849
288	853
288	951
288	953
289	252
289	541
289	725
289	757
289	852
289	989
290	295
290	302
290	321
290	352
290	951
290	973
291	411
291	636
291	760
291	924
291	925
291	971
292	223
292	605
292	641
292	788
292	923
292	951
293	286
293	457
293	867
293	880
293	990
293	991
294	417
294	445
294	726
294	744
294	896
294	977
295	290
295	372
295	682
295	859
295	876
295	985
296	110
296	232
296	524
296	907
296	954
296	965
297	6
297	29
297	49
297	589
297	740
297	802
298	416
298	559
298	646
298	865
298	903
298	964
299	422
299	687
299	688
299	839
299	892
299	963
300	270
300	327
300	507
300	508
300	663
300	975
301	397
301	631
301	858
301	879
301	926
301	958
302	228
302	290
302	426
302	793
302	870
302	994
303	131
303	284
303	554
303	935
303	941
303	978
304	78
304	646
304	720
304	834
304	908
304	979
305	359
305	739
305	778
305	911
305	962
305	995
306	33
306	179
306	564
306	786
306	861
306	938
307	206
307	380
307	660
307	661
307	913
307	970
308	693
308	696
308	728
308	835
308	889
308	978
309	75
309	862
309	887
309	919
309	950
309	976
310	504
310	688
310	780
310	808
310	975
310	1000
311	67
311	146
311	663
311	776
311	917
311	950
312	461
312	575
312	605
312	728
312	874
312	978
313	256
313	627
313	808
313	836
313	901
313	985
314	109
314	316
314	418
314	478
314	931
314	944
315	89
315	219
315	578
315	748
315	764
315	966
316	314
316	359
316	412
316	815
316	889
316	958
317	153
317	450
317	674
317	882
317	898
317	997
318	248
318	623
318	836
318	938
318	952
318	995
319	82
319	612
319	703
319	716
319	860
319	994
320	226
320	816
320	888
320	895
320	898
320	945
321	57
321	290
321	484
321	778
321	894
321	953
322	542
322	587
322	596
322	722
322	840
322	929
323	479
323	550
323	719
323	768
323	784
323	968
324	70
324	441
324	691
324	745
324	978
324	995
325	347
325	403
325	480
325	671
325	868
325	956
326	210
326	416
326	443
326	824
326	857
326	929
327	92
327	300
327	741
327	872
327	926
327	957
328	657
328	845
328	847
328	862
328	886
328	894
329	50
329	671
329	760
329	820
329	942
329	962
330	808
330	930
330	931
330	960
330	967
330	979
331	332
331	724
331	837
331	846
331	903
331	939
332	52
332	83
332	331
332	798
332	924
332	946
333	381
333	502
333	774
333	790
333	936
333	978
334	277
334	377
334	539
334	684
334	776
334	933
335	270
335	274
335	415
335	779
335	898
335	925
336	222
336	539
336	678
336	823
336	951
336	967
337	159
337	877
337	878
337	888
337	907
337	922
338	283
338	708
338	749
338	802
338	806
338	882
339	513
339	629
339	729
339	776
339	835
339	905
340	173
340	347
340	650
340	827
340	915
340	984
341	166
341	465
341	645
341	811
341	833
341	944
342	13
342	238
342	492
342	733
342	822
342	913
343	710
343	738
343	757
343	777
343	889
343	974
344	273
344	597
344	642
344	856
344	876
344	902
345	420
345	643
345	716
345	792
345	906
345	999
346	758
346	828
346	851
346	893
346	897
346	981
347	103
347	226
347	325
347	340
347	516
347	959
348	34
348	524
348	729
348	733
348	829
348	933
349	76
349	662
349	775
349	784
349	809
349	977
350	209
350	210
350	605
350	704
350	851
350	917
351	446
351	617
351	628
351	662
351	787
351	978
352	290
352	380
352	479
352	832
352	970
352	973
353	136
353	596
353	732
353	900
353	932
353	955
354	356
354	388
354	604
354	607
354	629
354	845
355	80
355	402
355	564
355	647
355	704
355	897
356	354
356	438
356	519
356	592
356	775
356	839
357	442
357	703
357	912
357	963
357	968
357	986
358	489
358	508
358	588
358	791
358	796
358	991
359	196
359	305
359	316
359	561
359	587
359	654
360	579
360	772
360	857
360	917
360	950
360	953
361	198
361	222
361	386
361	612
361	784
361	951
362	460
362	595
362	824
362	856
362	982
362	986
363	187
363	520
363	596
363	875
363	884
363	898
364	42
364	402
364	864
364	956
364	979
364	981
365	122
365	479
365	625
365	683
365	863
365	887
366	392
366	490
366	561
366	622
366	730
366	879
367	473
367	808
367	811
367	942
367	983
367	985
368	283
368	429
368	608
368	822
368	977
368	993
369	436
369	565
369	640
369	859
369	893
369	992
370	145
370	627
370	892
370	927
370	948
370	965
371	10
371	536
371	678
371	897
371	928
371	999
372	68
372	295
372	744
372	901
372	962
372	990
373	151
373	379
373	499
373	658
373	677
373	957
374	151
374	390
374	424
374	548
374	715
374	956
375	514
375	566
375	752
375	892
375	971
375	986
376	434
376	536
376	642
376	931
376	956
376	974
376	975
377	334
377	427
377	471
377	801
377	821
377	933
377	966
378	101
378	399
378	514
378	568
378	885
378	914
378	995
379	37
379	373
379	657
379	711
379	752
379	801
379	869
380	307
380	352
380	704
380	735
380	925
380	934
380	983
381	333
381	534
381	586
381	733
381	790
381	819
381	903
382	115
382	218
382	742
382	754
382	869
382	926
382	996
383	537
383	672
383	911
383	946
383	969
383	975
383	987
384	393
384	434
384	439
384	627
384	927
384	974
384	975
385	400
385	588
385	680
385	687
385	733
385	743
385	937
386	129
386	236
386	361
386	685
386	875
386	914
386	953
387	245
387	259
387	395
387	594
387	600
387	906
387	925
388	23
388	243
388	354
388	423
388	747
388	823
388	888
389	391
389	401
389	477
389	866
389	887
389	955
389	998
390	374
390	414
390	606
390	693
390	768
390	809
390	977
391	389
391	565
391	664
391	833
391	846
391	955
391	991
392	165
392	366
392	471
392	628
392	713
392	918
392	922
393	384
393	468
393	481
393	483
393	726
393	734
393	905
394	264
394	509
394	549
394	583
394	588
394	824
394	873
395	79
395	387
395	453
395	675
395	678
395	849
395	871
396	284
396	474
396	519
396	742
396	775
396	872
396	955
397	301
397	538
397	564
397	731
397	855
397	926
397	958
398	82
398	152
398	609
398	617
398	775
398	924
398	976
399	378
399	584
399	689
399	730
399	744
399	829
399	935
400	385
400	458
400	641
400	836
400	856
400	949
400	985
401	389
401	525
401	533
401	676
401	890
401	947
401	951
402	30
402	355
402	364
402	671
402	835
402	852
402	970
403	19
403	54
403	325
403	564
403	671
403	950
403	970
404	520
404	560
404	615
404	658
404	817
404	889
404	958
405	284
405	442
405	628
405	643
405	662
405	793
405	916
406	16
406	548
406	748
406	754
406	827
406	844
406	997
407	35
407	411
407	425
407	472
407	498
407	519
407	681
408	259
408	265
408	544
408	551
408	903
408	949
408	1000
409	61
409	95
409	511
409	812
409	817
409	855
409	971
410	60
410	192
410	477
410	586
410	738
410	747
410	920
411	291
411	407
411	559
411	746
411	868
411	949
411	971
412	185
412	316
412	538
412	795
412	889
412	948
412	993
413	533
413	591
413	702
413	824
413	883
413	924
413	980
414	78
414	141
414	390
414	672
414	693
414	762
414	918
415	23
415	335
415	474
415	712
415	888
415	934
415	945
416	169
416	298
416	326
416	818
416	882
416	888
416	958
417	215
417	294
417	561
417	579
417	759
417	969
417	975
418	314
418	609
418	683
418	802
418	817
418	853
418	917
419	425
419	495
419	529
419	922
419	963
419	971
419	982
420	345
420	455
420	868
420	896
420	920
420	972
420	986
421	562
421	578
421	727
421	763
421	789
421	966
421	971
422	48
422	299
422	510
422	565
422	823
422	930
422	976
423	133
423	144
423	388
423	667
423	888
423	929
423	959
424	374
424	633
424	677
424	832
424	877
424	946
424	956
425	39
425	407
425	419
425	620
425	681
425	884
425	887
426	119
426	162
426	248
426	302
426	526
426	623
426	989
427	377
427	551
427	646
427	928
427	932
427	973
427	982
428	149
428	226
428	711
428	867
428	919
428	953
428	985
429	368
429	435
429	821
429	826
429	834
429	966
429	968
430	14
430	239
430	622
430	739
430	765
430	902
430	931
431	190
431	652
431	723
431	756
431	777
431	892
431	998
432	441
432	607
432	707
432	881
432	910
432	965
432	982
433	155
433	440
433	487
433	669
433	804
433	952
433	993
434	376
434	384
434	586
434	794
434	822
434	970
434	971
435	429
435	719
435	766
435	769
435	785
435	861
435	920
436	124
436	369
436	684
436	701
436	739
436	862
436	918
437	182
437	716
437	750
437	804
437	882
437	923
437	967
438	95
438	356
438	720
438	855
438	942
438	944
438	950
439	384
439	545
439	647
439	923
439	929
439	943
439	956
440	184
440	433
440	674
440	717
440	760
440	931
440	949
441	174
441	324
441	432
441	599
441	747
441	881
441	912
442	357
442	405
442	490
442	599
442	761
442	814
442	912
443	326
443	778
443	805
443	813
443	844
443	873
443	955
444	50
444	200
444	271
444	653
444	826
444	869
444	936
445	136
445	294
445	583
445	693
445	767
445	896
445	996
446	351
446	559
446	704
446	762
446	771
446	796
446	833
447	477
447	769
447	797
447	823
447	825
447	898
447	907
448	166
448	772
448	816
448	919
448	927
448	953
448	971
449	76
449	490
449	598
449	815
449	913
449	941
449	992
450	219
450	228
450	317
450	562
450	783
450	858
450	934
451	515
451	566
451	687
451	697
451	885
451	915
451	984
452	553
452	600
452	768
452	904
452	905
452	955
452	993
453	229
453	395
453	590
453	666
453	845
453	915
453	994
454	286
454	494
454	773
454	849
454	883
454	912
454	937
455	420
455	598
455	618
455	712
455	756
455	904
455	914
456	45
456	465
456	525
456	684
456	785
456	893
456	896
457	100
457	143
457	293
457	573
457	723
457	819
457	837
458	400
458	539
458	784
458	792
458	809
458	915
458	926
459	23
459	122
459	255
459	553
459	594
459	794
459	918
460	245
460	362
460	542
460	605
460	613
460	696
460	764
461	169
461	312
461	572
461	574
461	765
461	888
461	898
462	241
462	285
462	464
462	651
462	751
462	961
462	983
463	48
463	208
463	279
463	614
463	734
463	776
463	945
464	462
464	660
464	696
464	811
464	855
464	858
464	988
465	103
465	147
465	341
465	456
465	750
465	967
465	981
466	285
466	488
466	714
466	806
466	846
466	910
466	996
467	664
467	739
467	788
467	843
467	850
467	980
467	985
468	393
468	527
468	541
468	828
468	928
468	981
468	995
469	559
469	621
469	654
469	692
469	891
469	899
469	912
470	54
470	225
470	239
470	513
470	520
470	589
470	997
471	37
471	377
471	392
471	640
471	836
471	888
471	889
472	407
472	536
472	599
472	707
472	785
472	918
472	990
473	367
473	748
473	826
473	911
473	915
473	948
473	984
474	396
474	415
474	674
474	765
474	892
474	942
474	994
475	123
475	259
475	726
475	823
475	839
475	841
475	903
476	1
476	169
476	172
476	548
476	721
476	759
476	800
477	285
477	389
477	410
477	447
477	593
477	801
477	827
478	61
478	314
478	698
478	717
478	834
478	938
478	959
479	323
479	352
479	365
479	489
479	555
479	844
479	993
480	41
480	325
480	713
480	880
480	924
480	980
480	985
481	393
481	645
481	651
481	874
481	878
481	905
481	996
482	14
482	597
482	660
482	681
482	833
482	988
482	991
483	393
483	513
483	529
483	592
483	907
483	940
483	961
484	138
484	217
484	321
484	609
484	611
484	741
484	946
485	11
485	570
485	857
485	872
485	944
485	985
485	993
486	604
486	740
486	756
486	770
486	782
486	807
486	831
487	433
487	521
487	757
487	863
487	924
487	948
487	999
488	3
488	466
488	636
488	772
488	839
488	945
488	973
488	977
489	214
489	358
489	479
489	545
489	550
489	814
489	885
489	989
490	366
490	442
490	449
490	749
490	793
490	798
490	807
490	992
491	38
491	269
491	503
491	537
491	722
491	867
491	917
491	977
492	249
492	342
492	746
492	907
492	910
492	911
492	970
492	978
493	551
493	604
493	751
493	817
493	879
493	936
493	964
493	966
494	4
494	454
494	530
494	599
494	700
494	773
494	783
494	948
495	110
495	247
495	419
495	784
495	814
495	829
495	972
495	997
496	601
496	612
496	804
496	890
496	933
496	934
496	966
496	995
497	26
497	515
497	765
497	806
497	808
497	876
497	953
497	980
498	167
498	186
498	407
498	800
498	812
498	937
498	948
498	991
499	31
499	46
499	180
499	373
499	627
499	638
499	696
499	841
500	579
500	653
500	735
500	768
500	895
500	969
500	987
500	990
501	40
501	80
501	234
501	732
501	828
501	884
501	954
501	979
502	121
502	333
502	731
502	763
502	790
502	817
502	839
502	916
503	126
503	258
503	491
503	506
503	634
503	896
503	915
503	996
504	89
504	310
504	517
504	523
504	679
504	735
504	769
504	987
505	580
505	634
505	760
505	790
505	847
505	947
505	976
505	984
506	145
506	503
506	526
506	663
506	762
506	913
506	969
506	987
507	140
507	173
507	300
507	611
507	635
507	758
507	920
507	971
508	194
508	300
508	358
508	517
508	715
508	777
508	969
508	975
509	208
509	394
509	549
509	596
509	688
509	796
509	865
509	960
510	157
510	188
510	422
510	777
510	859
510	883
510	933
510	998
511	409
511	516
511	745
511	811
511	833
511	858
511	988
511	993
512	822
512	826
512	844
512	888
512	907
512	957
512	984
512	997
513	269
513	339
513	470
513	483
513	904
513	961
513	980
513	991
514	375
514	378
514	553
514	626
514	650
514	885
514	901
514	986
515	451
515	497
515	531
515	591
515	826
515	861
515	939
515	984
516	9
516	347
516	511
516	748
516	754
516	776
516	869
516	919
517	264
517	504
517	508
517	529
517	555
517	655
517	751
517	861
518	51
518	598
518	619
518	645
518	837
518	869
518	885
518	908
519	93
519	356
519	396
519	407
519	664
519	695
519	703
519	787
520	123
520	216
520	363
520	404
520	470
520	797
520	962
520	981
521	59
521	487
521	665
521	683
521	857
521	956
521	981
521	987
522	69
522	187
522	601
522	716
522	810
522	831
522	949
522	999
523	504
523	593
523	769
523	943
523	944
523	964
523	979
523	989
524	235
524	296
524	348
524	649
524	825
524	937
524	954
524	992
525	24
525	401
525	456
525	552
525	648
525	882
525	900
525	999
526	152
526	240
526	241
526	426
526	506
526	563
526	573
526	836
527	15
527	40
527	468
527	665
527	711
527	914
527	924
527	950
528	227
528	245
528	264
528	568
528	583
528	718
528	928
528	979
529	116
529	189
529	213
529	419
529	483
529	517
529	675
529	764
530	5
530	54
530	230
530	494
530	597
530	858
530	909
530	961
531	175
531	515
531	659
531	712
531	724
531	844
531	854
531	984
532	130
532	267
532	280
532	569
532	752
532	799
532	880
532	931
533	264
533	401
533	413
533	701
533	831
533	923
533	951
533	967
534	381
534	656
534	744
534	828
534	885
534	891
534	933
534	989
535	209
535	288
535	536
535	772
535	867
535	897
535	899
535	976
536	371
536	376
536	472
536	535
536	569
536	750
536	974
536	978
537	87
537	383
537	491
537	695
537	816
537	922
537	937
537	995
538	25
538	113
538	268
538	397
538	412
538	560
538	649
538	972
539	64
539	102
539	334
539	336
539	458
539	633
539	687
539	954
540	211
540	620
540	630
540	735
540	751
540	758
540	844
540	856
541	43
541	263
541	289
541	468
541	660
541	666
541	904
541	981
542	61
542	76
542	322
542	460
542	753
542	797
542	842
542	929
543	611
543	693
543	745
543	774
543	835
543	837
543	992
543	995
544	122
544	216
544	408
544	568
544	680
544	705
544	943
544	997
545	51
545	53
545	439
545	489
545	704
545	720
545	944
545	998
546	623
546	840
546	860
546	884
546	894
546	927
546	930
546	947
547	8
547	569
547	783
547	786
547	812
547	833
547	845
547	969
548	374
548	406
548	476
548	826
548	900
548	956
548	957
548	982
549	394
549	509
549	696
549	741
549	781
549	925
549	929
549	930
550	98
550	323
550	489
550	600
550	644
550	708
550	880
550	913
551	95
551	161
551	205
551	408
551	427
551	493
551	646
551	768
552	78
552	525
552	553
552	789
552	900
552	903
552	926
552	992
553	452
553	459
553	514
553	552
553	691
553	870
553	973
553	994
554	303
554	557
554	613
554	637
554	786
554	798
554	815
554	862
555	116
555	479
555	517
555	636
555	764
555	839
555	844
555	952
556	20
556	95
556	814
556	873
556	884
556	886
556	941
556	961
557	85
557	554
557	602
557	748
557	854
557	965
557	972
557	997
558	8
558	260
558	580
558	753
558	804
558	850
558	897
558	980
559	298
559	411
559	446
559	469
559	626
559	786
559	868
559	912
560	33
560	35
560	404
560	538
560	699
560	880
560	968
560	977
561	66
561	225
561	359
561	366
561	417
561	875
561	895
561	987
562	421
562	450
562	687
562	764
562	803
562	926
562	930
562	997
563	13
563	55
563	57
563	125
563	256
563	526
563	741
563	836
564	212
564	306
564	355
564	397
564	403
564	699
564	889
564	912
565	369
565	391
565	422
565	592
565	775
565	782
565	932
565	967
566	254
566	375
566	451
566	629
566	670
566	930
566	988
566	997
567	18
567	21
567	780
567	822
567	838
567	843
567	853
567	974
568	171
568	378
568	528
568	544
568	809
568	865
568	867
568	925
569	532
569	536
569	547
569	668
569	671
569	838
569	897
569	970
570	86
570	228
570	485
570	577
570	637
570	786
570	860
570	945
571	601
571	803
571	901
571	931
571	940
571	959
571	967
571	1000
572	126
572	461
572	585
572	814
572	836
572	870
572	964
572	994
573	68
573	457
573	526
573	744
573	751
573	802
573	935
573	969
574	10
574	461
574	669
574	763
574	782
574	822
574	891
574	961
575	128
575	312
575	622
575	623
575	745
575	818
575	982
575	995
576	614
576	633
576	716
576	910
576	916
576	990
576	993
576	999
577	77
577	234
577	570
577	620
577	749
577	820
577	888
577	954
578	102
578	315
578	421
578	631
578	779
578	865
578	889
578	964
578	966
579	360
579	417
579	500
579	583
579	663
579	809
579	819
579	855
579	902
580	10
580	195
580	280
580	505
580	558
580	759
580	886
580	939
580	941
581	43
581	208
581	233
581	685
581	778
581	883
581	897
581	928
581	937
582	171
582	222
582	244
582	246
582	281
582	722
582	723
582	858
582	960
583	29
583	117
583	394
583	445
583	528
583	579
583	758
583	952
583	977
584	399
584	585
584	594
584	632
584	808
584	824
584	876
584	908
584	985
585	32
585	260
585	572
585	584
585	642
585	739
585	746
585	985
585	988
586	33
586	381
586	410
586	434
586	602
586	628
586	686
586	731
586	763
587	29
587	322
587	359
587	781
587	818
587	841
587	864
587	889
587	937
588	358
588	385
588	394
588	667
588	824
588	831
588	893
588	924
588	948
589	91
589	155
589	297
589	470
589	688
589	760
589	854
589	882
589	992
590	26
590	453
590	708
590	786
590	828
590	871
590	897
590	950
590	981
591	36
591	122
591	203
591	413
591	515
591	844
591	873
591	939
591	946
592	356
592	483
592	565
592	681
592	749
592	856
592	887
592	955
592	989
593	178
593	202
593	477
593	523
593	757
593	867
593	950
593	976
593	992
594	210
594	387
594	459
594	584
594	600
594	823
594	925
594	930
594	958
595	362
595	649
595	789
595	791
595	793
595	796
595	804
595	824
595	969
596	27
596	80
596	129
596	322
596	353
596	363
596	509
596	735
596	851
597	344
597	482
597	530
597	646
597	708
597	799
597	904
597	973
597	994
598	140
598	449
598	455
598	518
598	645
598	731
598	868
598	920
598	921
599	156
599	441
599	442
599	472
599	494
599	613
599	834
599	914
599	971
600	14
600	258
600	387
600	452
600	550
600	594
600	854
600	894
600	994
601	3
601	496
601	522
601	571
601	621
601	923
601	951
601	967
601	995
602	26
602	148
602	557
602	586
602	718
602	763
602	810
602	970
602	989
603	66
603	277
603	803
603	857
603	906
603	909
603	952
603	991
603	999
604	354
604	486
604	493
604	637
604	697
604	749
604	882
604	945
604	969
605	142
605	292
605	312
605	350
605	460
605	621
605	791
605	876
605	940
606	127
606	141
606	257
606	390
606	610
606	673
606	752
606	770
606	869
607	219
607	354
607	432
607	781
607	783
607	824
607	878
607	882
607	883
608	175
608	368
608	690
608	694
608	908
608	947
608	949
608	954
608	983
609	398
609	418
609	484
609	641
609	715
609	774
609	918
609	926
609	934
610	606
610	699
610	790
610	795
610	825
610	933
610	935
610	998
610	1000
611	175
611	484
611	507
611	543
611	837
611	914
611	920
611	978
611	986
612	208
612	319
612	361
612	496
612	778
612	912
612	951
612	967
612	990
613	460
613	554
613	599
613	659
613	774
613	792
613	940
613	960
613	982
614	42
614	173
614	196
614	463
614	576
614	702
614	717
614	766
614	873
615	17
615	71
615	164
615	185
615	219
615	404
615	650
615	699
615	958
616	142
616	143
616	275
616	720
616	833
616	855
616	871
616	905
616	909
617	138
617	351
617	398
617	649
617	662
617	685
617	802
617	919
617	969
618	8
618	249
618	455
618	781
618	841
618	900
618	911
618	917
618	998
619	104
619	139
619	195
619	243
619	518
619	635
619	797
619	888
619	894
620	271
620	425
620	540
620	577
620	645
620	672
620	882
620	921
620	980
621	55
621	469
621	601
621	605
621	652
621	706
621	774
621	829
621	874
622	366
622	430
622	575
622	744
622	830
622	862
622	948
622	968
622	995
623	318
623	426
623	546
623	575
623	640
623	689
623	821
623	830
623	935
624	165
624	265
624	278
624	667
624	763
624	875
624	949
624	975
624	987
625	47
625	365
625	632
625	652
625	687
625	716
625	831
625	885
625	906
626	124
626	136
626	514
626	559
626	720
626	833
626	913
626	966
626	988
627	31
627	142
627	313
627	370
627	384
627	499
627	903
627	929
627	992
628	351
628	392
628	405
628	586
628	714
628	859
628	956
628	978
628	984
629	225
629	339
629	354
629	566
629	718
629	834
629	844
629	986
629	997
630	25
630	540
630	637
630	770
630	856
630	866
630	945
630	979
630	985
631	31
631	179
631	276
631	301
631	578
631	655
631	666
631	889
631	958
632	584
632	625
632	674
632	865
632	876
632	906
632	942
632	960
632	980
633	134
633	236
633	280
633	424
633	539
633	576
633	651
633	957
633	984
634	17
634	503
634	505
634	772
634	849
634	927
634	936
634	946
634	947
635	22
635	507
635	619
635	771
635	786
635	797
635	888
635	901
635	927
636	4
636	291
636	488
636	555
636	754
636	773
636	824
636	971
636	977
637	271
637	554
637	570
637	604
637	630
637	766
637	783
637	786
637	833
638	240
638	499
638	661
638	778
638	885
638	927
638	944
638	946
638	947
639	30
639	200
639	648
639	783
639	800
639	909
639	926
639	957
639	960
640	18
640	191
640	223
640	369
640	471
640	623
640	825
640	957
640	959
641	164
641	292
641	400
641	609
641	822
641	866
641	908
641	923
641	931
641	964
642	158
642	344
642	376
642	585
642	701
642	850
642	867
642	902
642	905
642	985
643	99
643	267
643	345
643	405
643	787
643	830
643	834
643	910
643	911
643	939
644	57
644	550
644	655
644	699
644	730
644	732
644	741
644	885
644	892
644	937
645	341
645	481
645	518
645	598
645	620
645	679
645	758
645	826
645	914
645	986
646	156
646	211
646	278
646	298
646	304
646	427
646	551
646	597
646	814
646	908
647	6
647	355
647	439
647	794
647	825
647	868
647	885
647	947
647	966
647	974
648	30
648	525
648	639
648	785
648	789
648	797
648	832
648	856
648	870
648	957
649	33
649	166
649	524
649	538
649	595
649	617
649	699
649	889
649	958
649	993
650	137
650	340
650	514
650	615
650	654
650	754
650	761
650	895
650	917
650	991
651	221
651	272
651	462
651	481
651	633
651	852
651	927
651	944
651	961
651	991
652	28
652	431
652	621
652	625
652	831
652	863
652	881
652	892
652	909
652	999
653	18
653	444
653	500
653	654
653	663
653	664
653	697
653	819
653	969
653	987
654	176
654	359
654	469
654	650
654	653
654	728
654	781
654	830
654	848
654	921
655	46
655	93
655	517
655	631
655	644
655	684
655	698
655	964
655	972
655	990
656	7
656	234
656	251
656	534
656	731
656	748
656	806
656	891
656	974
656	989
657	83
657	140
657	257
657	328
657	379
657	689
657	864
657	924
657	936
657	986
658	32
658	254
658	373
658	404
658	707
658	756
658	770
658	776
658	780
658	1000
659	66
659	73
659	107
659	257
659	531
659	613
659	692
659	774
659	868
659	879
660	74
660	76
660	307
660	464
660	482
660	541
660	762
660	811
660	866
660	988
661	155
661	307
661	638
661	730
661	816
661	822
661	894
661	960
661	979
661	983
662	22
662	75
662	185
662	349
662	351
662	405
662	617
662	740
662	825
662	992
663	98
663	300
663	311
663	506
663	579
663	653
663	792
663	797
663	911
663	975
664	2
664	223
664	391
664	467
664	519
664	653
664	789
664	887
664	932
664	992
665	41
665	176
665	521
665	527
665	746
665	787
665	819
665	910
665	916
665	931
666	197
666	261
666	453
666	541
666	631
666	683
666	821
666	871
666	964
666	981
667	2
667	210
667	423
667	588
667	624
667	771
667	796
667	824
667	859
667	981
668	11
668	137
668	235
668	270
668	569
668	857
668	866
668	970
668	974
668	994
669	81
669	86
669	136
669	433
669	574
669	740
669	817
669	891
669	985
669	989
670	147
670	566
670	745
670	788
670	816
670	879
670	881
670	902
670	912
670	982
671	46
671	147
671	167
671	198
671	325
671	329
671	402
671	403
671	569
671	818
672	114
672	383
672	414
672	620
672	697
672	721
672	749
672	845
672	891
672	942
673	221
673	606
673	702
673	747
673	767
673	815
673	936
673	942
673	974
673	986
674	317
674	440
674	474
674	632
674	713
674	787
674	791
674	886
674	942
674	980
675	48
675	81
675	179
675	213
675	395
675	529
675	784
675	890
675	891
675	972
676	210
676	229
676	401
676	804
676	890
676	923
676	951
676	963
676	966
676	997
677	134
677	187
677	254
677	373
677	424
677	707
677	901
677	926
677	939
677	957
678	262
678	336
678	371
678	395
678	682
678	784
678	821
678	880
678	928
678	981
679	34
679	504
679	645
679	688
679	725
679	755
679	825
679	838
679	872
679	959
680	98
680	204
680	385
680	544
680	693
680	730
680	812
680	846
680	916
680	957
681	407
681	425
681	482
681	592
681	703
681	880
681	887
681	932
681	936
681	972
682	50
682	295
682	678
682	713
682	739
682	765
682	791
682	826
682	850
682	993
683	58
683	365
683	418
683	521
683	666
683	807
683	872
683	918
683	976
683	990
684	234
684	334
684	436
684	456
684	655
684	698
684	766
684	943
684	961
684	964
685	172
685	386
685	581
685	617
685	694
685	709
685	728
685	802
685	850
685	985
686	118
686	586
686	722
686	734
686	764
686	776
686	895
686	910
686	965
686	977
687	20
687	299
687	385
687	451
687	539
687	562
687	625
687	692
687	839
687	972
688	253
688	266
688	274
688	299
688	310
688	509
688	589
688	679
688	803
688	943
689	107
689	118
689	256
689	399
689	623
689	657
689	794
689	890
689	901
689	958
690	70
690	95
690	184
690	237
690	608
690	712
690	762
690	789
690	853
690	944
691	324
691	553
691	709
691	718
691	763
691	782
691	891
691	953
691	989
691	991
692	253
692	469
692	659
692	687
692	778
692	848
692	919
692	945
692	963
692	971
693	308
693	390
693	414
693	445
693	543
693	680
693	720
693	779
693	901
693	977
693	992
694	77
694	84
694	259
694	608
694	685
694	820
694	822
694	834
694	890
694	938
694	983
695	83
695	87
695	152
695	519
695	537
695	816
695	868
695	877
695	881
695	940
695	982
696	142
696	308
696	460
696	464
696	499
696	549
696	791
696	847
696	850
696	872
696	910
697	271
697	283
697	451
697	604
697	653
697	672
697	783
697	845
697	922
697	952
697	962
698	85
698	478
698	655
698	684
698	709
698	769
698	817
698	860
698	949
698	966
698	996
699	107
699	560
699	564
699	610
699	615
699	644
699	649
699	719
699	889
699	955
699	958
700	254
700	494
700	721
700	813
700	849
700	858
700	871
700	894
700	901
700	939
700	997
701	231
701	285
701	436
701	533
701	642
701	905
701	907
701	930
701	961
701	965
701	991
702	196
702	246
702	413
702	614
702	673
702	858
702	873
702	883
702	905
702	917
702	946
703	41
703	139
703	319
703	357
703	519
703	681
703	729
703	802
703	913
703	973
703	994
704	124
704	350
704	355
704	380
704	446
704	545
704	775
704	789
704	903
704	925
704	988
705	157
705	544
705	798
705	836
705	837
705	859
705	868
705	918
705	940
705	950
705	995
706	195
706	621
706	707
706	764
706	838
706	874
706	883
706	884
706	902
706	912
706	982
707	253
707	432
707	472
707	658
707	677
707	706
707	853
707	922
707	927
707	950
707	964
708	218
708	338
708	550
708	590
708	597
708	860
708	870
708	896
708	951
708	953
708	970
709	75
709	249
709	685
709	691
709	698
709	715
709	752
709	772
709	853
709	867
709	919
710	250
710	266
710	343
710	728
710	755
710	840
710	873
710	961
710	978
710	987
710	998
711	34
711	379
711	428
711	527
711	714
711	716
711	861
711	910
711	934
711	950
711	953
712	415
712	455
712	531
712	690
712	714
712	756
712	895
712	934
712	945
712	977
712	996
713	36
713	177
713	392
713	480
713	674
713	682
713	718
713	750
713	790
713	916
713	978
714	9
714	120
714	201
714	466
714	628
714	711
714	712
714	734
714	749
714	977
714	997
715	114
715	129
715	167
715	374
715	508
715	609
715	709
715	922
715	936
715	950
715	976
716	16
716	319
716	345
716	437
716	522
716	576
716	625
716	711
716	847
716	901
716	993
717	440
717	478
717	614
717	735
717	825
717	866
717	877
717	931
717	962
717	968
717	980
718	241
718	528
718	602
718	629
718	691
718	713
718	731
718	756
718	782
718	988
718	989
719	323
719	435
719	699
719	768
719	781
719	820
719	841
719	843
719	899
719	910
719	962
720	181
720	225
720	304
720	438
720	545
720	616
720	626
720	693
720	789
720	912
720	944
721	476
721	672
721	700
721	732
721	805
721	813
721	828
721	849
721	873
721	883
721	893
722	322
722	491
722	582
722	686
722	737
722	779
722	837
722	846
722	880
722	882
722	914
723	67
723	100
723	431
723	457
723	582
723	779
723	781
723	859
723	880
723	932
723	973
724	24
724	52
724	130
724	246
724	281
724	286
724	331
724	531
724	772
724	830
724	846
725	289
725	679
725	835
725	838
725	877
725	878
725	881
725	907
725	990
725	991
725	992
726	148
726	162
726	242
726	278
726	294
726	393
726	475
726	744
726	771
726	887
726	935
727	93
727	106
727	421
727	755
727	791
727	877
727	884
727	943
727	952
727	964
727	976
728	308
728	312
728	654
728	685
728	710
728	798
728	850
728	862
728	864
728	908
728	992
729	108
729	123
729	132
729	160
729	163
729	339
729	348
729	703
729	768
729	819
729	860
729	904
730	251
730	266
730	366
730	399
730	644
730	661
730	680
730	735
730	757
730	827
730	937
730	965
731	397
731	502
731	586
731	598
731	656
731	718
731	734
731	782
731	894
731	907
731	989
731	991
732	215
732	271
732	353
732	501
732	644
732	721
732	733
732	829
732	841
732	952
732	965
732	980
733	158
733	342
733	348
733	381
733	385
733	732
733	757
733	827
733	849
733	892
733	953
733	965
734	27
734	231
734	393
734	463
734	686
734	714
734	731
734	743
734	917
734	957
734	983
734	996
735	102
735	380
735	500
735	504
735	540
735	596
735	717
735	730
735	816
735	938
735	949
735	968
736	22
736	117
736	137
736	199
736	268
736	847
736	884
736	894
736	941
736	946
736	955
736	1000
737	21
737	59
737	121
737	237
737	267
737	722
737	769
737	779
737	942
737	947
737	988
737	994
738	50
738	105
738	218
738	229
738	343
738	410
738	818
738	864
738	911
738	916
738	970
738	981
739	305
739	430
739	436
739	467
739	585
739	682
739	753
739	766
739	793
739	829
739	980
739	987
740	109
740	297
740	486
740	662
740	669
740	853
740	920
740	924
740	934
740	950
740	976
740	979
741	186
741	327
741	484
741	549
741	563
741	644
741	746
741	809
741	812
741	827
741	948
741	965
742	2
742	149
742	250
742	280
742	382
742	396
742	764
742	775
742	919
742	932
742	955
742	966
743	113
743	127
743	154
743	385
743	734
743	753
743	819
743	829
743	848
743	900
743	937
743	965
744	294
744	372
744	399
744	534
744	573
744	622
744	726
744	771
744	842
744	848
744	901
744	958
745	324
745	511
745	543
745	575
745	670
745	750
745	759
745	815
745	859
745	923
745	978
745	993
746	29
746	112
746	411
746	492
746	585
746	665
746	741
746	818
746	864
746	916
746	962
746	995
747	256
747	388
747	410
747	441
747	673
747	749
747	788
747	801
747	869
747	881
747	932
747	936
748	69
748	198
748	315
748	406
748	473
748	516
748	557
748	656
748	812
748	815
748	834
748	972
749	228
749	338
749	490
749	577
749	592
749	604
749	672
749	714
749	747
749	763
749	783
749	862
750	270
750	437
750	465
750	536
750	713
750	745
750	794
750	862
750	953
750	956
750	970
750	977
751	462
751	493
751	517
751	540
751	573
751	766
751	812
751	861
751	890
751	905
751	943
751	966
752	186
752	197
752	375
752	379
752	532
752	606
752	709
752	835
752	862
752	936
752	986
752	990
753	36
753	542
753	558
753	739
753	743
753	775
753	847
753	851
753	902
753	924
753	942
753	985
754	87
754	206
754	382
754	406
754	516
754	636
754	650
754	886
754	893
754	915
754	943
754	987
755	679
755	710
755	727
755	756
755	825
755	891
755	896
755	917
755	933
755	964
755	984
755	1000
756	164
756	229
756	431
756	455
756	486
756	658
756	712
756	718
756	755
756	791
756	959
756	1000
757	289
757	343
757	487
757	593
757	730
757	733
757	777
757	803
757	840
757	943
757	959
757	998
758	141
758	346
758	507
758	540
758	583
758	645
758	767
758	788
758	834
758	891
758	900
758	920
759	17
759	253
759	417
759	476
759	580
759	745
759	778
759	927
759	941
759	947
759	955
759	988
760	19
760	55
760	291
760	329
760	440
760	505
760	589
760	868
760	874
760	879
760	895
760	922
761	80
761	270
761	442
761	650
761	776
761	880
761	893
761	896
761	915
761	930
761	967
761	996
762	49
762	117
762	414
762	446
762	506
762	660
762	690
762	833
762	843
762	944
762	983
762	988
763	421
763	502
763	574
763	586
763	602
763	624
763	691
763	749
763	807
763	825
763	929
763	989
764	315
764	460
764	529
764	555
764	562
764	686
764	706
764	742
764	854
764	930
764	936
764	984
765	14
765	430
765	461
765	474
765	497
765	682
765	802
765	866
765	926
765	942
765	977
765	997
766	106
766	435
766	614
766	637
766	684
766	739
766	751
766	786
766	817
766	884
766	943
766	964
766	969
767	120
767	197
767	206
767	445
767	673
767	758
767	882
767	885
767	918
767	920
767	938
767	979
767	986
768	97
768	323
768	390
768	452
768	500
768	551
768	719
768	729
768	814
768	852
768	855
768	860
768	994
769	231
769	435
769	447
769	504
769	523
769	698
769	737
769	773
769	777
769	811
769	832
769	861
769	966
770	47
770	66
770	102
770	163
770	486
770	606
770	630
770	658
770	777
770	780
770	838
770	876
770	940
771	57
771	242
771	446
771	635
771	667
771	726
771	744
771	834
771	901
771	929
771	935
771	961
771	963
772	275
772	360
772	448
772	488
772	535
772	634
772	709
772	724
772	853
772	884
772	941
772	976
772	999
773	193
773	203
773	454
773	494
773	636
773	769
773	792
773	858
773	873
773	900
773	928
773	939
773	941
774	202
774	258
774	333
774	543
774	609
774	613
774	621
774	659
774	874
774	879
774	909
774	922
774	941
775	136
775	159
775	215
775	245
775	349
775	356
775	396
775	398
775	565
775	704
775	742
775	753
775	812
776	28
776	106
776	114
776	311
776	334
776	339
776	463
776	516
776	658
776	686
776	761
776	945
776	991
777	155
777	193
777	244
777	262
777	343
777	431
777	508
777	510
777	757
777	769
777	770
777	795
777	903
778	207
778	305
778	321
778	443
778	581
778	612
778	638
778	692
778	759
778	840
778	854
778	884
778	894
779	121
779	246
779	247
779	335
779	578
779	693
779	722
779	723
779	737
779	813
779	837
779	848
779	877
780	310
780	567
780	658
780	770
780	804
780	828
780	872
780	926
780	953
780	959
780	976
780	987
780	998
781	549
781	587
781	607
781	618
781	654
781	719
781	723
781	830
781	864
781	921
781	954
781	957
781	972
782	81
782	263
782	486
782	565
782	574
782	691
782	718
782	731
782	790
782	811
782	901
782	929
782	989
783	31
783	450
783	494
783	547
783	607
783	637
783	639
783	697
783	749
783	813
783	845
783	929
783	990
784	212
784	323
784	349
784	361
784	458
784	495
784	675
784	678
784	826
784	831
784	844
784	930
784	972
785	90
785	218
785	435
785	456
785	472
785	648
785	816
785	874
785	881
785	922
785	937
785	945
785	971
786	72
786	114
786	153
786	306
786	547
786	554
786	559
786	570
786	590
786	635
786	637
786	766
786	882
787	50
787	351
787	519
787	643
787	665
787	674
787	819
787	820
787	841
787	842
787	916
787	921
787	939
788	20
788	112
788	224
788	292
788	467
788	670
788	747
788	758
788	851
788	869
788	914
788	918
788	936
789	48
789	70
789	421
789	552
789	595
789	648
789	664
789	690
789	704
789	720
789	794
789	944
789	988
790	52
790	148
790	333
790	381
790	502
790	505
790	610
790	713
790	782
790	857
790	921
790	962
790	989
791	202
791	358
791	595
791	605
791	674
791	682
791	696
791	727
791	756
791	796
791	860
791	929
791	977
792	78
792	104
792	144
792	170
792	345
792	458
792	613
792	663
792	773
792	802
792	870
792	900
792	957
793	39
793	64
793	88
793	236
793	302
793	405
793	490
793	595
793	739
793	809
793	859
793	862
793	997
794	15
794	70
794	147
794	434
794	459
794	647
794	689
794	750
794	789
794	872
794	898
794	956
794	970
795	133
795	150
795	278
795	283
795	412
795	610
795	777
795	803
795	807
795	936
795	940
795	949
795	999
796	129
796	144
796	216
796	358
796	446
796	509
796	595
796	667
796	791
796	836
796	877
796	929
796	954
797	139
797	447
797	520
797	542
797	619
797	635
797	648
797	663
797	807
797	903
797	982
797	989
797	990
798	5
798	177
798	209
798	277
798	332
798	490
798	554
798	705
798	728
798	809
798	978
798	982
798	1000
799	111
799	285
799	532
799	597
799	835
799	853
799	877
799	878
799	954
799	961
799	991
799	992
799	993
800	30
800	158
800	243
800	272
800	476
800	498
800	639
800	801
800	830
800	832
800	869
800	957
800	986
801	7
801	223
801	257
801	377
801	379
801	477
801	747
801	800
801	888
801	914
801	920
801	936
801	974
802	236
802	297
802	338
802	418
802	573
802	617
802	685
802	703
802	765
802	792
802	911
802	924
802	943
803	93
803	250
803	562
803	571
803	603
803	688
803	757
803	795
803	807
803	818
803	828
803	940
803	965
804	73
804	433
804	437
804	496
804	558
804	595
804	676
804	780
804	835
804	890
804	923
804	967
804	989
805	112
805	153
805	443
805	721
805	806
805	810
805	813
805	848
805	849
805	858
805	864
805	928
805	939
806	12
806	18
806	45
806	67
806	338
806	466
806	497
806	656
806	805
806	811
806	893
806	945
806	953
806	977
807	81
807	104
807	192
807	486
807	490
807	683
807	763
807	795
807	797
807	803
807	840
807	913
807	940
807	998
808	269
808	310
808	313
808	330
808	367
808	497
808	584
808	814
808	841
808	898
808	902
808	942
808	980
808	985
809	39
809	101
809	266
809	349
809	390
809	458
809	568
809	579
809	741
809	793
809	798
809	942
809	978
809	995
810	1
810	171
810	193
810	237
810	522
810	602
810	805
810	863
810	868
810	875
810	905
810	909
810	990
810	993
811	143
811	341
811	367
811	464
811	511
811	660
811	769
811	782
811	806
811	855
811	871
811	899
811	951
811	988
812	199
812	224
812	409
812	498
812	547
812	680
812	741
812	748
812	751
812	775
812	829
812	948
812	954
812	965
813	135
813	166
813	443
813	700
813	721
813	779
813	783
813	805
813	832
813	883
813	906
813	939
813	967
813	998
814	163
814	168
814	442
814	489
814	495
814	556
814	572
814	646
814	768
814	808
814	869
814	897
814	963
814	994
815	51
815	69
815	194
815	248
815	316
815	449
815	554
815	673
815	745
815	748
815	859
815	889
815	918
815	992
816	13
816	227
816	256
816	282
816	320
816	448
816	537
816	661
816	670
816	695
816	735
816	785
816	879
816	969
817	152
817	281
817	404
817	409
817	418
817	493
817	502
817	669
817	698
817	766
817	861
817	863
817	943
817	964
818	416
818	575
818	587
818	671
818	738
818	746
818	803
818	841
818	845
818	864
818	908
818	916
818	921
818	975
819	96
819	201
819	381
819	457
819	579
819	653
819	665
819	729
819	743
819	787
819	875
819	893
819	969
819	975
820	5
820	141
820	160
820	180
820	189
820	268
820	329
820	577
820	694
820	719
820	787
820	832
820	841
820	913
821	220
821	229
821	377
821	429
821	623
821	666
821	678
821	827
821	828
821	829
821	897
821	928
821	939
821	981
822	282
822	342
822	368
822	434
822	512
822	567
822	574
822	641
822	661
822	694
822	852
822	908
822	962
822	983
823	117
823	172
823	255
823	336
823	388
823	422
823	447
823	475
823	594
823	833
823	836
823	912
823	925
823	935
824	106
824	115
824	326
824	362
824	394
824	413
824	584
824	588
824	595
824	607
824	636
824	667
824	829
824	851
825	20
825	447
825	524
825	610
825	640
825	647
825	662
825	679
825	717
825	755
825	763
825	843
825	852
825	998
826	65
826	429
826	444
826	473
826	512
826	515
826	548
826	645
826	682
826	784
826	851
826	860
826	930
826	997
827	40
827	54
827	60
827	267
827	340
827	406
827	477
827	730
827	733
827	741
827	821
827	890
827	945
827	954
828	146
828	346
828	468
828	501
828	534
828	590
828	721
828	780
828	803
828	821
828	838
828	897
828	928
828	981
829	60
829	348
829	399
829	495
829	621
829	732
829	739
829	743
829	812
829	821
829	824
829	848
829	925
829	948
830	138
830	160
830	622
830	623
830	643
830	654
830	724
830	781
830	800
830	832
830	841
830	910
830	916
830	965
831	261
831	486
831	522
831	533
831	588
831	625
831	652
831	784
831	838
831	909
831	919
831	952
831	962
831	990
832	172
832	263
832	352
832	424
832	648
832	769
832	800
832	813
832	820
832	830
832	900
832	926
832	955
832	1000
833	181
833	260
833	275
833	341
833	391
833	446
833	482
833	511
833	547
833	616
833	626
833	637
833	762
833	823
833	940
834	287
834	304
834	429
834	478
834	599
834	629
834	643
834	694
834	748
834	758
834	771
834	881
834	908
834	938
834	949
835	241
835	308
835	339
835	402
835	543
835	725
835	752
835	799
835	804
835	852
835	890
835	905
835	955
835	971
835	991
836	73
836	248
836	313
836	318
836	400
836	471
836	526
836	563
836	572
836	705
836	796
836	823
836	901
836	930
836	935
837	100
837	160
837	242
837	331
837	457
837	518
837	543
837	611
837	705
837	722
837	779
837	845
837	846
837	880
837	944
838	60
838	146
838	254
838	567
838	569
838	679
838	706
838	725
838	770
838	828
838	831
838	870
838	933
838	940
838	998
839	65
839	212
839	299
839	356
839	475
839	488
839	502
839	555
839	687
839	854
839	919
839	935
839	972
839	982
839	984
840	24
840	104
840	262
840	322
840	546
840	710
840	757
840	778
840	807
840	878
840	919
840	959
840	971
840	998
840	1000
841	475
841	499
841	587
841	618
841	719
841	732
841	787
841	808
841	818
841	820
841	830
841	850
841	910
841	951
841	977
842	44
842	56
842	111
842	153
842	181
842	231
842	273
842	542
842	744
842	787
842	852
842	857
842	905
842	906
842	907
843	37
843	191
843	254
843	267
843	286
843	467
843	567
843	719
843	762
843	825
843	856
843	867
843	933
843	940
843	1000
844	110
844	130
844	406
844	443
844	479
844	512
844	531
844	540
844	555
844	591
844	629
844	784
844	970
844	988
844	997
845	77
845	88
845	151
845	219
845	328
845	354
845	453
845	547
845	672
845	697
845	783
845	818
845	837
845	864
845	965
846	21
846	154
846	180
846	237
846	247
846	248
846	331
846	391
846	466
846	680
846	722
846	724
846	837
846	893
846	961
847	20
847	52
847	105
847	127
847	205
847	230
847	244
847	328
847	505
847	696
847	716
847	736
847	753
847	878
847	946
848	44
848	87
848	201
848	251
848	654
848	692
848	743
848	744
848	779
848	805
848	829
848	892
848	921
848	948
848	965
849	31
849	112
849	132
849	230
849	288
849	395
849	454
849	634
849	700
849	721
849	733
849	805
849	858
849	899
849	939
850	134
850	211
850	224
850	467
850	558
850	642
850	682
850	685
850	696
850	728
850	841
850	859
850	876
850	883
850	980
851	39
851	180
851	202
851	207
851	346
851	350
851	596
851	753
851	788
851	824
851	826
851	876
851	929
851	956
851	972
852	70
852	180
852	289
852	402
852	651
852	768
852	822
852	825
852	835
852	842
852	877
852	905
852	907
852	969
852	991
853	91
853	288
853	418
853	567
853	690
853	707
853	709
853	740
853	772
853	799
853	903
853	919
853	934
853	942
853	950
854	91
854	244
854	257
854	531
854	557
854	589
854	600
854	764
854	778
854	839
854	863
854	867
854	960
854	982
854	984
855	49
855	124
855	397
855	409
855	438
855	464
855	579
855	616
855	768
855	811
855	906
855	922
855	944
855	988
855	996
856	16
856	25
856	184
856	344
856	362
856	400
856	540
856	592
856	630
856	648
856	843
856	883
856	913
856	960
856	968
857	174
857	241
857	326
857	360
857	485
857	521
857	603
857	668
857	790
857	842
857	871
857	906
857	990
857	993
857	999
858	166
858	301
858	450
858	464
858	511
858	530
858	582
858	700
858	702
858	773
858	805
858	849
858	883
858	896
858	945
859	281
859	295
859	369
859	510
859	628
859	667
859	705
859	723
859	745
859	793
859	815
859	850
859	889
859	907
859	978
859	992
860	1
860	126
860	175
860	183
860	319
860	546
860	570
860	698
860	708
860	729
860	768
860	791
860	826
860	904
860	927
860	999
861	217
861	306
861	435
861	515
861	517
861	711
861	751
861	769
861	817
861	863
861	908
861	943
861	951
861	964
861	966
861	991
862	209
862	309
862	328
862	436
862	554
862	622
862	728
862	749
862	750
862	752
862	793
862	898
862	918
862	919
862	984
862	995
863	144
863	193
863	233
863	238
863	365
863	487
863	652
863	810
863	817
863	854
863	861
863	872
863	911
863	963
863	966
863	990
864	8
864	37
864	364
864	587
864	657
864	728
864	738
864	746
864	781
864	805
864	818
864	845
864	899
864	941
864	962
864	976
865	9
865	116
865	117
865	176
865	264
865	265
865	269
865	287
865	298
865	509
865	568
865	578
865	632
865	888
865	925
865	967
866	59
866	82
866	128
866	145
866	171
866	389
866	630
866	641
866	660
866	668
866	717
866	765
866	931
866	941
866	960
866	983
867	236
867	293
867	428
867	491
867	535
867	568
867	593
867	642
867	709
867	843
867	854
867	920
867	948
867	950
867	953
867	976
868	45
868	227
868	325
868	411
868	420
868	559
868	598
868	647
868	659
868	695
868	705
868	760
868	810
868	963
868	971
868	999
869	63
869	71
869	91
869	232
869	379
869	382
869	444
869	516
869	518
869	606
869	747
869	788
869	800
869	814
869	885
869	986
870	108
870	110
870	168
870	240
870	258
870	302
870	553
870	572
870	648
870	708
870	792
870	838
870	923
870	943
870	973
870	993
871	135
871	161
871	216
871	232
871	233
871	281
871	395
871	590
871	616
871	666
871	700
871	811
871	857
871	874
871	897
871	928
872	155
872	224
872	327
872	396
872	485
872	679
872	683
872	696
872	780
872	794
872	863
872	880
872	906
872	909
872	952
872	999
873	3
873	32
873	71
873	239
873	255
873	258
873	394
873	443
873	556
873	591
873	614
873	702
873	710
873	721
873	773
873	939
874	71
874	97
874	195
874	227
874	282
874	312
874	481
874	621
874	706
874	760
874	774
874	785
874	871
874	891
874	904
874	981
875	27
875	92
875	145
875	149
875	278
875	363
875	386
875	561
875	624
875	810
875	819
875	933
875	969
875	973
875	975
875	987
876	36
876	103
876	147
876	295
876	344
876	497
876	584
876	605
876	632
876	770
876	850
876	851
876	878
876	880
876	902
876	909
877	181
877	252
877	272
877	337
877	424
877	695
877	717
877	725
877	727
877	779
877	796
877	799
877	852
877	907
877	980
877	991
878	88
878	111
878	156
878	337
878	481
878	607
878	725
878	799
878	840
878	847
878	876
878	907
878	917
878	923
878	950
878	961
879	3
879	62
879	301
879	366
879	493
879	659
879	670
879	760
879	774
879	816
879	881
879	891
879	922
879	963
879	964
879	985
880	21
880	247
880	267
880	293
880	480
880	532
880	550
880	560
880	678
880	681
880	722
880	723
880	761
880	837
880	872
880	876
881	43
881	134
881	229
881	282
881	432
881	441
881	652
881	670
881	695
881	725
881	747
881	785
881	834
881	879
881	884
881	959
881	982
882	30
882	72
882	283
882	317
882	338
882	416
882	437
882	525
882	589
882	604
882	607
882	620
882	722
882	767
882	786
882	904
882	995
883	65
883	71
883	173
883	413
883	454
883	510
883	581
883	607
883	702
883	706
883	721
883	813
883	850
883	856
883	858
883	982
883	992
884	137
884	244
884	256
884	363
884	425
884	501
884	546
884	556
884	706
884	727
884	736
884	766
884	772
884	778
884	881
884	941
884	946
885	91
885	99
885	101
885	378
885	451
885	489
885	514
885	518
885	534
885	625
885	638
885	644
885	647
885	767
885	869
885	914
885	920
886	17
886	63
886	138
886	162
886	226
886	328
886	556
886	580
886	674
886	754
886	906
886	925
886	927
886	937
886	941
886	946
886	958
887	35
887	123
887	149
887	165
887	220
887	309
887	365
887	389
887	425
887	592
887	664
887	681
887	726
887	888
887	932
887	955
887	999
888	255
888	264
888	320
888	337
888	388
888	415
888	416
888	423
888	461
888	471
888	512
888	577
888	619
888	635
888	801
888	865
888	887
889	276
889	308
889	316
889	343
889	404
889	412
889	471
889	564
889	578
889	587
889	631
889	649
889	699
889	815
889	859
889	958
889	991
890	182
890	223
890	255
890	401
890	496
890	675
890	676
890	689
890	694
890	751
890	804
890	827
890	835
890	899
890	923
890	967
890	968
891	7
891	86
891	148
891	469
891	534
891	574
891	656
891	669
891	672
891	675
891	691
891	755
891	758
891	874
891	879
891	989
891	992
892	11
892	44
892	234
892	251
892	299
892	370
892	375
892	431
892	474
892	644
892	652
892	733
892	848
892	925
892	954
892	988
892	989
893	221
893	346
893	369
893	456
893	588
893	721
893	754
893	761
893	806
893	819
893	846
893	895
893	919
893	945
893	977
893	986
893	996
894	173
894	232
894	321
894	328
894	546
894	600
894	619
894	661
894	700
894	731
894	736
894	778
894	918
894	922
894	927
894	941
894	946
895	67
895	118
895	169
895	246
895	260
895	320
895	500
895	561
895	650
895	686
895	712
895	760
895	893
895	896
895	917
895	941
895	976
896	27
896	55
896	273
896	294
896	420
896	445
896	456
896	503
896	708
896	755
896	761
896	858
896	895
896	898
896	967
896	969
896	996
897	79
897	84
897	85
897	346
897	355
897	371
897	535
897	558
897	569
897	581
897	590
897	814
897	821
897	828
897	871
897	909
897	996
898	22
898	29
898	62
898	123
898	169
898	245
898	271
898	317
898	320
898	335
898	363
898	447
898	461
898	794
898	808
898	862
898	896
899	62
899	99
899	154
899	469
899	535
899	719
899	811
899	849
899	864
899	890
899	911
899	916
899	921
899	948
899	984
899	986
899	996
900	18
900	251
900	263
900	272
900	353
900	525
900	548
900	552
900	618
900	743
900	758
900	773
900	792
900	832
900	926
900	962
900	996
901	242
901	313
901	372
901	514
901	571
901	635
901	677
901	689
901	693
901	700
901	716
901	744
901	771
901	782
901	836
901	915
901	935
902	38
902	121
902	344
902	430
902	579
902	642
902	670
902	706
902	753
902	808
902	876
902	907
902	929
902	940
902	942
902	981
902	985
903	187
903	265
903	269
903	298
903	331
903	381
903	408
903	475
903	552
903	627
903	704
903	777
903	797
903	853
903	925
903	948
903	974
904	1
904	25
904	163
904	205
904	214
904	216
904	245
904	452
904	455
904	513
904	541
904	597
904	729
904	860
904	874
904	882
904	954
904	994
905	88
905	339
905	393
905	452
905	481
905	616
905	642
905	701
905	702
905	751
905	810
905	835
905	842
905	852
905	937
905	938
905	973
905	991
906	10
906	85
906	202
906	260
906	345
906	387
906	603
906	625
906	632
906	813
906	842
906	855
906	857
906	872
906	886
906	980
906	990
906	993
907	28
907	196
907	230
907	296
907	337
907	447
907	483
907	492
907	512
907	701
907	725
907	731
907	842
907	852
907	859
907	877
907	878
907	902
908	97
908	304
908	518
908	584
908	608
908	641
908	646
908	728
908	818
908	822
908	834
908	861
908	917
908	931
908	938
908	960
908	961
908	993
909	58
909	530
909	603
909	616
909	639
909	652
909	774
909	810
909	831
909	872
909	876
909	897
909	952
909	972
909	983
909	984
909	990
909	993
910	64
910	160
910	279
910	432
910	466
910	492
910	576
910	643
910	665
910	686
910	696
910	711
910	719
910	830
910	841
910	916
910	952
910	964
911	74
911	214
911	279
911	305
911	383
911	473
911	492
911	618
911	643
911	663
911	738
911	802
911	863
911	899
911	921
911	925
911	968
911	985
912	190
912	250
912	251
912	253
912	357
912	441
912	442
912	454
912	469
912	559
912	564
912	612
912	670
912	706
912	720
912	823
912	945
912	976
913	13
913	255
913	307
913	342
913	449
913	506
913	550
913	626
913	703
913	807
913	820
913	856
913	919
913	949
913	960
913	968
913	979
913	983
914	61
914	101
914	275
914	378
914	386
914	455
914	527
914	599
914	611
914	645
914	722
914	788
914	801
914	885
914	921
914	936
914	947
914	974
914	998
915	4
915	12
915	120
915	132
915	137
915	340
915	451
915	453
915	458
915	473
915	503
915	754
915	761
915	901
915	917
915	920
915	972
915	977
915	994
916	168
916	189
916	212
916	243
916	405
916	502
916	576
916	665
916	680
916	713
916	738
916	746
916	787
916	818
916	830
916	899
916	910
916	962
916	977
917	172
917	221
917	311
917	350
917	360
917	418
917	491
917	618
917	650
917	702
917	734
917	755
917	878
917	895
917	908
917	915
917	935
917	945
917	977
918	40
918	58
918	75
918	392
918	414
918	436
918	459
918	472
918	609
918	683
918	705
918	767
918	788
918	815
918	862
918	894
918	958
918	978
918	992
919	34
919	108
919	309
919	428
919	448
919	516
919	617
919	692
919	709
919	742
919	831
919	839
919	840
919	853
919	862
919	893
919	913
919	924
919	950
920	132
920	235
920	259
920	410
920	420
920	435
920	507
920	598
920	611
920	740
920	758
920	767
920	801
920	867
920	885
920	915
920	936
920	995
920	999
921	74
921	135
921	151
921	189
921	203
921	268
921	598
921	620
921	654
921	781
921	787
921	790
921	818
921	848
921	899
921	911
921	914
921	928
921	945
922	125
922	176
922	185
922	337
922	392
922	419
922	537
922	697
922	707
922	715
922	760
922	774
922	785
922	855
922	879
922	894
922	958
922	962
922	982
923	126
923	261
923	292
923	437
923	439
923	533
923	601
923	641
923	676
923	745
923	804
923	870
923	878
923	890
923	929
923	933
923	951
923	967
923	985
924	5
924	35
924	94
924	164
924	291
924	332
924	398
924	413
924	480
924	487
924	527
924	588
924	657
924	740
924	753
924	802
924	919
924	950
924	953
925	22
925	139
925	243
925	291
925	335
925	380
925	387
925	549
925	568
925	594
925	704
925	823
925	829
925	865
925	886
925	892
925	903
925	911
925	944
925	947
926	92
926	134
926	158
926	301
926	327
926	382
926	397
926	458
926	552
926	562
926	609
926	639
926	677
926	765
926	780
926	832
926	900
926	928
926	929
926	930
927	63
927	159
927	232
927	240
927	370
927	384
927	448
927	546
927	634
927	635
927	638
927	651
927	707
927	759
927	860
927	886
927	894
927	940
927	947
927	976
928	46
928	79
928	96
928	161
928	163
928	204
928	371
928	427
928	468
928	528
928	581
928	678
928	773
928	805
928	821
928	828
928	871
928	921
928	926
928	981
929	61
929	274
929	283
929	322
929	326
929	423
929	439
929	542
929	549
929	627
929	763
929	771
929	782
929	783
929	791
929	796
929	851
929	902
929	923
929	926
930	48
930	239
930	240
930	330
930	422
930	546
930	549
930	562
930	566
930	594
930	701
930	761
930	764
930	784
930	826
930	836
930	926
930	960
930	972
930	997
931	97
931	156
931	314
931	330
931	376
931	430
931	440
931	532
931	571
931	641
931	665
931	717
931	866
931	908
931	935
931	936
931	942
931	960
931	979
931	994
932	2
932	36
932	43
932	131
932	149
932	159
932	235
932	353
932	427
932	565
932	664
932	681
932	723
932	742
932	747
932	887
932	936
932	955
932	976
932	981
933	108
933	188
933	274
933	334
933	348
933	377
933	496
933	510
933	534
933	610
933	755
933	838
933	843
933	875
933	923
933	938
933	959
933	966
933	975
933	988
934	15
934	33
934	49
934	84
934	90
934	94
934	161
934	167
934	178
934	380
934	415
934	450
934	496
934	609
934	711
934	712
934	740
934	853
934	946
934	953
935	57
935	68
935	111
935	162
935	259
935	303
935	399
935	573
935	610
935	623
935	726
935	771
935	823
935	836
935	839
935	901
935	917
935	931
935	936
935	978
936	112
936	333
936	444
936	493
936	634
936	657
936	673
936	681
936	715
936	747
936	752
936	764
936	788
936	795
936	801
936	914
936	920
936	931
936	932
936	935
937	7
937	11
937	54
937	98
937	385
937	454
937	498
937	524
937	537
937	581
937	587
937	644
937	730
937	743
937	785
937	886
937	905
937	954
937	969
937	1000
938	101
938	204
938	213
938	261
938	287
938	306
938	318
938	478
938	694
938	735
938	767
938	834
938	905
938	908
938	933
938	949
938	960
938	963
938	968
938	983
939	5
939	203
939	230
939	285
939	331
939	515
939	580
939	591
939	643
939	677
939	700
939	773
939	787
939	805
939	813
939	821
939	849
939	873
939	978
939	979
940	26
940	146
940	257
940	483
940	571
940	605
940	613
940	695
940	705
940	770
940	795
940	803
940	807
940	833
940	838
940	843
940	902
940	927
940	998
940	1000
941	83
941	228
941	240
941	303
941	449
941	556
941	580
941	736
941	759
941	772
941	773
941	774
941	864
941	866
941	884
941	886
941	894
941	895
941	947
941	952
941	958
942	219
942	224
942	260
942	329
942	367
942	438
942	474
942	632
942	672
942	673
942	674
942	737
942	753
942	765
942	808
942	809
942	853
942	902
942	931
942	950
942	980
943	64
943	152
943	439
943	523
943	544
943	684
943	688
943	727
943	751
943	754
943	757
943	766
943	802
943	817
943	861
943	870
943	955
943	964
943	966
943	971
943	975
944	4
944	32
944	53
944	88
944	93
944	314
944	341
944	438
944	485
944	523
944	545
944	638
944	651
944	690
944	720
944	762
944	789
944	837
944	855
944	925
944	952
945	38
945	320
945	415
945	463
945	488
945	570
945	604
945	630
945	692
945	712
945	776
945	785
945	806
945	827
945	858
945	893
945	912
945	917
945	921
945	976
945	996
946	63
946	225
946	242
946	332
946	383
946	424
946	484
946	591
946	634
946	638
946	702
946	736
946	847
946	884
946	886
946	894
946	934
946	947
946	974
946	982
946	993
947	138
947	178
947	220
947	232
947	244
947	401
947	505
947	546
947	608
947	634
947	638
947	647
947	737
947	759
947	914
947	925
947	927
947	941
947	946
947	963
947	982
948	40
948	47
948	127
948	204
948	215
948	370
948	412
948	473
948	487
948	494
948	498
948	588
948	622
948	741
948	812
948	829
948	848
948	867
948	899
948	903
948	998
949	105
949	130
949	168
949	198
949	400
949	408
949	411
949	440
949	522
949	608
949	624
949	698
949	735
949	795
949	834
949	913
949	938
949	960
949	962
949	979
949	983
950	192
950	309
950	311
950	360
950	403
950	438
950	527
950	590
950	593
950	705
950	707
950	711
950	715
950	740
950	853
950	867
950	878
950	919
950	924
950	942
950	980
951	3
951	23
951	56
951	150
951	288
951	290
951	292
951	336
951	361
951	401
951	533
951	601
951	612
951	676
951	708
951	811
951	841
951	861
951	923
951	960
951	967
952	58
952	59
952	261
952	318
952	433
952	555
952	583
952	603
952	697
952	727
952	732
952	831
952	872
952	909
952	910
952	941
952	944
952	960
952	975
952	990
952	993
953	15
953	83
953	129
953	187
953	288
953	321
953	360
953	386
953	428
953	448
953	497
953	691
953	708
953	711
953	733
953	750
953	780
953	806
953	867
953	924
953	934
954	44
954	98
954	165
954	277
954	296
954	501
954	524
954	539
954	577
954	608
954	781
954	796
954	799
954	812
954	827
954	892
954	904
954	937
954	955
954	963
954	965
955	35
955	159
955	353
955	389
955	391
955	396
955	443
955	452
955	592
955	699
955	736
955	742
955	759
955	832
955	835
955	887
955	932
955	943
955	954
955	960
955	971
956	6
956	8
956	80
956	94
956	113
956	235
956	242
956	243
956	325
956	364
956	374
956	376
956	424
956	439
956	521
956	548
956	628
956	750
956	794
956	851
956	959
956	974
957	15
957	17
957	72
957	94
957	263
957	272
957	327
957	373
957	512
957	548
957	633
957	639
957	640
957	648
957	677
957	680
957	734
957	781
957	792
957	800
957	969
957	997
958	6
958	121
958	131
958	276
958	301
958	316
958	397
958	404
958	416
958	594
958	615
958	631
958	649
958	689
958	699
958	744
958	886
958	889
958	918
958	922
958	941
958	997
959	45
959	47
959	124
959	150
959	212
959	227
959	347
959	423
959	478
959	571
959	640
959	679
959	756
959	757
959	780
959	840
959	881
959	933
959	956
959	973
959	990
959	1000
960	184
960	200
960	330
960	509
960	582
960	613
960	632
960	639
960	661
960	854
960	856
960	866
960	908
960	913
960	930
960	931
960	938
960	949
960	951
960	952
960	955
960	983
961	28
961	53
961	252
961	265
961	273
961	276
961	462
961	483
961	513
961	530
961	556
961	574
961	651
961	684
961	701
961	710
961	771
961	799
961	846
961	878
961	908
961	991
962	62
962	105
962	154
962	226
962	249
962	279
962	305
962	329
962	372
962	520
962	697
962	717
962	719
962	746
962	790
962	822
962	831
962	864
962	900
962	916
962	922
962	949
963	55
963	125
963	140
963	190
963	220
963	231
963	299
963	357
963	419
963	676
963	692
963	771
963	814
963	863
963	868
963	879
963	938
963	947
963	954
963	971
963	982
963	998
964	286
964	298
964	493
964	523
964	572
964	578
964	641
964	655
964	666
964	684
964	707
964	727
964	755
964	766
964	817
964	861
964	879
964	910
964	943
964	966
964	972
964	986
965	82
965	92
965	176
965	211
965	215
965	296
965	370
965	432
965	557
965	686
965	701
965	730
965	732
965	733
965	741
965	743
965	803
965	812
965	830
965	845
965	848
965	954
966	11
966	89
966	97
966	315
966	377
966	421
966	429
966	493
966	496
966	578
966	626
966	647
966	676
966	698
966	742
966	751
966	769
966	861
966	863
966	933
966	943
966	964
966	970
967	73
967	77
967	182
967	223
967	252
967	330
967	336
967	437
967	465
967	533
967	565
967	571
967	601
967	612
967	761
967	804
967	813
967	865
967	890
967	896
967	923
967	951
967	998
968	12
968	25
968	109
968	268
968	287
968	323
968	357
968	429
968	560
968	622
968	717
968	735
968	856
968	890
968	911
968	913
968	938
968	974
968	977
968	978
968	979
968	983
968	985
969	96
969	194
969	201
969	383
969	417
969	500
969	506
969	508
969	547
969	573
969	595
969	604
969	617
969	653
969	766
969	816
969	819
969	852
969	875
969	896
969	937
969	957
969	987
970	19
970	42
970	67
970	94
970	157
970	270
970	307
970	352
970	402
970	403
970	434
970	492
970	569
970	602
970	668
970	708
970	738
970	750
970	794
970	844
970	966
970	974
970	996
971	90
971	133
971	205
971	291
971	375
971	409
971	411
971	419
971	421
971	434
971	448
971	507
971	599
971	636
971	692
971	785
971	835
971	840
971	868
971	943
971	955
971	963
971	982
972	65
972	116
972	201
972	212
972	213
972	420
972	495
972	538
972	557
972	655
972	675
972	681
972	687
972	748
972	781
972	784
972	839
972	851
972	909
972	915
972	930
972	964
972	998
973	41
973	68
973	72
973	131
973	168
973	218
973	290
973	352
973	427
973	488
973	553
973	597
973	703
973	723
973	870
973	875
973	905
973	959
973	976
973	978
973	979
973	983
973	994
974	6
974	19
974	103
974	113
974	139
974	188
974	343
974	376
974	384
974	536
974	567
974	647
974	656
974	668
974	673
974	801
974	903
974	914
974	946
974	956
974	968
974	970
974	983
975	69
975	96
975	100
975	145
975	278
975	300
975	310
975	376
975	383
975	384
975	417
975	508
975	624
975	663
975	818
975	819
975	875
975	933
975	943
975	952
975	987
975	988
975	994
976	164
976	167
976	178
976	309
976	398
976	422
976	505
976	535
976	593
976	683
976	715
976	727
976	740
976	772
976	780
976	864
976	867
976	895
976	912
976	927
976	932
976	945
976	973
977	226
977	294
977	349
977	368
977	390
977	488
977	491
977	560
977	583
977	636
977	686
977	693
977	712
977	714
977	750
977	765
977	791
977	806
977	841
977	893
977	915
977	916
977	917
977	968
978	79
978	157
978	174
978	303
978	308
978	312
978	324
978	333
978	351
978	492
978	536
978	611
978	628
978	710
978	713
978	745
978	798
978	809
978	859
978	918
978	935
978	939
978	968
978	973
979	107
979	109
979	122
979	128
979	211
979	304
979	330
979	364
979	501
979	523
979	528
979	630
979	661
979	740
979	767
979	913
979	931
979	939
979	949
979	968
979	973
979	980
979	983
979	988
980	177
980	207
980	224
980	276
980	413
980	467
980	480
980	497
980	513
980	558
980	620
980	632
980	674
980	717
980	732
980	739
980	808
980	850
980	877
980	906
980	942
980	950
980	979
980	987
981	62
981	115
981	135
981	208
981	233
981	346
981	364
981	465
981	468
981	520
981	521
981	541
981	590
981	666
981	667
981	678
981	738
981	821
981	828
981	874
981	902
981	928
981	932
981	985
982	38
982	190
982	220
982	362
982	419
982	427
982	432
982	548
982	575
982	613
982	670
982	695
982	706
982	797
982	798
982	839
982	854
982	881
982	883
982	922
982	946
982	947
982	963
982	971
983	21
983	42
983	158
983	183
983	221
983	367
983	380
983	462
983	608
983	661
983	694
983	734
983	762
983	822
983	866
983	909
983	913
983	938
983	949
983	960
983	968
983	973
983	974
983	979
984	45
984	56
984	69
984	125
984	225
984	239
984	272
984	340
984	451
984	473
984	505
984	512
984	515
984	531
984	628
984	633
984	755
984	764
984	839
984	854
984	862
984	899
984	909
984	997
985	14
985	177
985	295
985	313
985	367
985	400
985	428
985	467
985	480
985	485
985	584
985	585
985	630
985	642
985	669
985	685
985	753
985	808
985	879
985	902
985	911
985	923
985	968
985	981
986	92
986	141
986	191
986	206
986	357
986	362
986	375
986	420
986	514
986	611
986	629
986	645
986	657
986	673
986	752
986	767
986	800
986	869
986	893
986	899
986	964
986	988
986	994
986	999
987	66
987	86
987	90
987	109
987	165
987	188
987	194
987	383
987	500
987	504
987	506
987	521
987	561
987	624
987	653
987	710
987	739
987	754
987	780
987	875
987	969
987	975
987	980
987	994
988	53
988	56
988	275
988	464
988	482
988	511
988	566
988	585
988	626
988	660
988	704
988	718
988	737
988	759
988	762
988	789
988	811
988	844
988	855
988	892
988	933
988	975
988	979
988	986
989	86
989	182
989	197
989	287
989	289
989	426
989	489
989	523
989	534
989	592
989	602
989	656
989	669
989	691
989	718
989	731
989	763
989	782
989	790
989	797
989	804
989	891
989	892
989	990
989	1000
990	140
990	174
990	293
990	372
990	472
990	500
990	576
990	612
990	655
990	683
990	725
990	752
990	783
990	797
990	810
990	831
990	857
990	863
990	906
990	909
990	952
990	959
990	989
990	993
990	999
991	28
991	56
991	231
991	293
991	358
991	391
991	482
991	498
991	513
991	603
991	650
991	651
991	691
991	701
991	725
991	731
991	776
991	799
991	835
991	852
991	861
991	877
991	889
991	905
991	961
992	63
992	182
992	199
992	222
992	369
992	449
992	490
992	524
992	543
992	552
992	589
992	593
992	627
992	662
992	664
992	693
992	725
992	728
992	799
992	815
992	859
992	883
992	891
992	918
992	995
993	16
993	238
993	368
993	412
993	433
993	452
993	479
993	485
993	511
993	576
993	649
993	682
993	716
993	745
993	799
993	810
993	857
993	870
993	906
993	908
993	909
993	946
993	952
993	990
993	1000
994	23
994	99
994	114
994	156
994	214
994	302
994	319
994	453
994	474
994	553
994	572
994	597
994	600
994	668
994	703
994	737
994	768
994	814
994	904
994	915
994	931
994	973
994	975
994	986
994	987
995	51
995	75
995	120
995	157
995	196
995	237
995	284
995	305
995	318
995	324
995	378
995	468
995	496
995	537
995	543
995	575
995	601
995	622
995	705
995	746
995	809
995	862
995	882
995	920
995	992
996	27
996	38
996	119
996	132
996	143
996	252
996	282
996	382
996	445
996	466
996	481
996	503
996	698
996	712
996	734
996	761
996	855
996	893
996	896
996	897
996	899
996	900
996	945
996	970
996	1000
997	52
997	198
997	274
997	317
997	406
997	470
997	495
997	512
997	544
997	557
997	562
997	566
997	629
997	676
997	700
997	714
997	765
997	793
997	826
997	844
997	930
997	957
997	958
997	984
997	999
998	99
998	191
998	206
998	217
998	266
998	389
998	431
998	510
998	545
998	610
998	618
998	710
998	757
998	780
998	807
998	813
998	825
998	838
998	840
998	914
998	940
998	948
998	963
998	967
998	972
999	10
999	19
999	59
999	85
999	111
999	249
999	345
999	371
999	487
999	522
999	525
999	576
999	603
999	652
999	772
999	795
999	857
999	860
999	868
999	872
999	887
999	920
999	986
999	990
999	997
1000	2
1000	90
1000	96
1000	190
1000	192
1000	203
1000	277
1000	310
1000	408
1000	571
1000	610
1000	658
1000	736
1000	755
1000	756
1000	798
1000	832
1000	840
1000	843
1000	937
1000	940
1000	959
1000	989
1000	993
1000	996
