1	191
1	628
1	791
1	836
1	962
2	19
2	389
2	399
2	949
2	974
3	578
3	668
3	833
3	890
3	915
4	674
4	886
4	924
4	941
4	995
5	434
5	654
5	697
5	881
5	966
6	349
6	632
6	789
6	909
6	967
7	701
7	764
7	794
7	921
7	951
8	340
8	738
8	883
8	892
8	943
9	481
9	921
9	950
9	969
9	992
10	135
10	627
10	857
10	898
10	985
11	408
11	700
11	809
11	819
11	980
12	486
12	828
12	830
12	886
12	977
13	172
13	408
13	498
13	697
13	748
14	73
14	708
14	808
14	825
14	833
15	153
15	377
15	795
15	932
15	938
16	353
16	408
16	621
16	647
16	903
17	35
17	486
17	750
17	842
17	903
18	492
18	548
18	577
18	726
18	871
19	2
19	228
19	926
19	949
19	974
20	158
20	763
20	803
20	859
20	998
21	682
21	711
21	740
21	963
21	964
22	654
22	822
22	937
22	944
22	965
23	75
23	315
23	497
23	576
23	956
24	477
24	559
24	692
24	787
24	910
25	772
25	788
25	896
25	940
25	985
26	544
26	555
26	738
26	822
26	827
27	223
27	562
27	809
27	880
27	923
28	319
28	571
28	830
28	897
28	977
29	363
29	391
29	868
29	927
29	983
30	35
30	62
30	403
30	434
30	589
31	599
31	790
31	804
31	837
31	985
32	297
32	689
32	709
32	929
32	978
33	229
33	829
33	896
33	947
33	999
34	232
34	268
34	269
34	754
34	935
35	17
35	30
35	666
35	748
35	908
36	64
36	521
36	835
36	926
36	1000
37	75
37	713
37	899
37	916
37	965
38	561
38	679
38	765
38	804
38	867
39	663
39	727
39	761
39	785
39	969
40	81
40	828
40	932
40	977
40	993
41	795
41	828
41	830
41	966
41	977
42	119
42	332
42	450
42	782
42	1000
43	588
43	664
43	834
43	992
43	998
44	640
44	793
44	847
44	915
44	949
45	472
45	531
45	688
45	726
45	742
46	129
46	805
46	855
46	867
46	999
47	243
47	778
47	824
47	898
47	937
48	274
48	524
48	846
48	886
48	995
49	482
49	845
49	925
49	987
49	992
50	146
50	187
50	668
50	699
50	809
51	140
51	454
51	470
51	527
51	952
52	480
52	720
52	837
52	878
52	991
53	164
53	830
53	855
53	932
53	977
54	594
54	665
54	882
54	963
54	999
55	594
55	716
55	733
55	976
55	1000
56	136
56	234
56	655
56	716
56	963
57	294
57	406
57	778
57	936
57	974
58	373
58	453
58	586
58	873
58	935
59	79
59	632
59	862
59	906
59	909
60	87
60	691
60	834
60	990
60	998
61	245
61	396
61	714
61	763
61	859
62	30
62	434
62	654
62	748
62	1000
63	733
63	922
63	955
63	973
63	999
64	36
64	411
64	870
64	943
64	1000
65	66
65	269
65	917
65	935
65	968
66	65
66	736
66	761
66	951
66	972
67	548
67	726
67	925
67	949
67	973
68	409
68	927
68	933
68	965
68	983
69	236
69	547
69	687
69	884
69	987
70	325
70	615
70	715
70	854
70	979
71	439
71	559
71	611
71	723
71	933
72	82
72	420
72	836
72	942
72	983
73	14
73	519
73	810
73	890
73	899
74	740
74	854
74	932
74	977
74	981
75	23
75	37
75	781
75	875
75	937
76	403
76	685
76	815
76	922
76	954
77	96
77	488
77	821
77	925
77	987
78	211
78	359
78	528
78	872
78	873
79	59
79	681
79	862
79	897
79	909
80	144
80	823
80	895
80	932
80	978
81	40
81	529
81	708
81	966
81	984
82	72
82	322
82	531
82	610
82	851
83	591
83	629
83	706
83	784
83	849
84	92
84	543
84	760
84	887
84	988
85	624
85	904
85	951
85	953
85	987
86	317
86	536
86	608
86	832
86	980
87	60
87	680
87	724
87	807
87	938
88	874
88	929
88	953
88	956
88	989
89	545
89	917
89	935
89	968
89	976
90	324
90	630
90	815
90	959
90	970
91	418
91	774
91	873
91	987
91	993
92	84
92	228
92	568
92	726
92	742
93	304
93	707
93	796
93	922
93	999
94	97
94	843
94	882
94	921
94	948
95	181
95	248
95	725
95	772
95	813
96	77
96	483
96	585
96	678
96	843
97	94
97	416
97	811
97	884
97	911
98	264
98	280
98	365
98	819
98	997
99	590
99	729
99	743
99	833
99	915
100	103
100	685
100	699
100	759
100	793
101	169
101	351
101	522
101	618
101	934
102	604
102	678
102	972
102	979
102	991
103	100
103	538
103	612
103	728
103	810
104	253
104	255
104	409
104	444
104	801
105	300
105	530
105	651
105	850
105	941
106	366
106	613
106	694
106	855
106	994
107	461
107	700
107	777
107	896
107	986
108	124
108	482
108	589
108	709
108	962
109	295
109	708
109	870
109	899
109	984
110	388
110	546
110	647
110	709
110	768
111	184
111	499
111	648
111	848
111	905
112	465
112	644
112	677
112	749
112	957
113	683
113	858
113	932
113	945
113	963
114	805
114	886
114	941
114	955
114	995
115	246
115	260
115	309
115	734
115	906
116	187
116	249
116	605
116	919
116	993
117	139
117	440
117	674
117	792
117	873
118	333
118	578
118	927
118	939
118	965
119	42
119	259
119	619
119	790
119	957
120	241
120	536
120	704
120	885
120	901
121	781
121	913
121	927
121	971
121	983
122	127
122	210
122	253
122	927
122	983
123	415
123	542
123	761
123	855
123	962
124	108
124	319
124	795
124	828
124	932
125	419
125	672
125	690
125	881
125	938
126	162
126	230
126	277
126	705
126	760
127	122
127	284
127	627
127	767
127	794
128	612
128	807
128	877
128	909
128	961
129	46
129	460
129	796
129	908
129	993
130	772
130	912
130	930
130	940
130	947
131	351
131	814
131	831
131	840
131	916
132	435
132	656
132	665
132	886
132	976
133	398
133	726
133	794
133	857
133	985
134	180
134	321
134	557
134	755
134	922
135	10
135	179
135	239
135	694
135	857
136	56
136	641
136	646
136	692
136	922
137	231
137	440
137	606
137	607
137	972
138	277
138	583
138	764
138	799
138	942
139	117
139	440
139	542
139	658
139	798
140	51
140	171
140	504
140	507
140	893
141	472
141	753
141	887
141	931
141	984
142	175
142	642
142	776
142	799
142	817
143	294
143	417
143	623
143	718
143	733
144	80
144	440
144	655
144	760
144	976
145	286
145	737
145	759
145	968
145	986
146	50
146	428
146	699
146	810
146	937
147	622
147	841
147	914
147	931
147	961
148	298
148	689
148	885
148	934
148	939
149	318
149	839
149	861
149	974
149	975
150	479
150	600
150	703
150	729
150	768
151	812
151	853
151	864
151	878
151	938
152	307
152	447
152	830
152	922
152	973
153	15
153	267
153	401
153	670
153	818
154	424
154	452
154	858
154	969
154	992
155	383
155	521
155	675
155	850
155	1000
156	764
156	775
156	780
156	807
156	867
157	295
157	349
157	376
157	862
157	886
158	20
158	519
158	555
158	664
158	763
159	189
159	648
159	682
159	976
159	982
160	539
160	885
160	948
160	969
160	992
161	697
161	814
161	932
161	977
161	985
162	126
162	682
162	810
162	961
162	982
163	438
163	814
163	824
163	827
163	916
164	53
164	571
164	753
164	828
164	977
165	174
165	378
165	389
165	622
165	949
166	507
166	637
166	896
166	930
166	986
167	738
167	892
167	905
167	943
167	991
168	751
168	759
168	860
168	968
168	984
169	101
169	326
169	551
169	935
169	940
170	186
170	723
170	852
170	911
170	938
171	140
171	686
171	717
171	794
171	980
172	13
172	320
172	468
172	676
172	677
173	248
173	272
173	448
173	789
173	862
174	165
174	357
174	548
174	919
174	974
175	142
175	420
175	734
175	863
175	983
176	480
176	694
176	735
176	847
176	998
177	508
177	591
177	721
177	837
177	985
178	832
178	880
178	923
178	928
178	979
179	135
179	182
179	584
179	712
179	794
180	134
180	430
180	857
180	877
180	946
181	95
181	484
181	552
181	725
181	945
182	179
182	963
182	964
182	982
182	996
183	254
183	675
183	816
183	930
183	989
184	111
184	367
184	383
184	718
184	897
185	247
185	726
185	728
185	863
185	914
186	170
186	302
186	874
186	904
186	989
187	50
187	116
187	696
187	844
187	890
188	523
188	704
188	787
188	847
188	910
189	159
189	282
189	414
189	959
189	970
190	816
190	824
190	960
190	995
190	997
191	1
191	641
191	706
191	781
191	973
192	430
192	869
192	877
192	878
192	892
193	433
193	834
193	849
193	946
193	991
194	271
194	725
194	839
194	861
194	918
195	284
195	701
195	712
195	794
195	973
196	395
196	791
196	908
196	973
196	999
197	652
197	656
197	664
197	964
197	990
198	642
198	771
198	822
198	824
198	891
199	635
199	875
199	880
199	896
199	999
200	341
200	457
200	823
200	891
200	934
201	405
201	808
201	846
201	941
201	995
202	629
202	813
202	887
202	944
202	956
203	558
203	584
203	776
203	872
203	928
204	432
204	701
204	712
204	794
204	985
205	672
205	826
205	831
205	907
205	987
206	644
206	752
206	823
206	929
206	958
207	620
207	784
207	827
207	956
207	988
208	627
208	869
208	896
208	912
208	940
209	517
209	535
209	653
209	836
209	998
210	122
210	399
210	741
210	812
210	927
211	78
211	256
211	318
211	826
211	843
212	516
212	855
212	901
212	942
212	955
213	730
213	853
213	887
213	956
213	996
214	445
214	476
214	551
214	831
214	986
215	291
215	316
215	424
215	468
215	773
216	238
216	348
216	438
216	532
216	961
217	473
217	728
217	771
217	973
217	999
218	466
218	939
218	954
218	959
218	997
219	630
219	716
219	804
219	905
219	990
220	598
220	762
220	836
220	863
220	942
221	432
221	737
221	794
221	857
221	864
222	693
222	718
222	848
222	963
222	982
223	27
223	431
223	612
223	691
223	875
223	979
224	226
224	502
224	512
224	654
224	659
224	842
225	335
225	739
225	847
225	910
225	926
225	979
226	224
226	467
226	498
226	741
226	802
226	842
227	735
227	787
227	919
227	955
227	971
227	994
228	19
228	92
228	492
228	568
228	698
228	963
229	33
229	508
229	920
229	930
229	947
229	989
230	126
230	270
230	627
230	682
230	852
230	963
231	137
231	586
231	667
231	856
231	901
231	980
232	34
232	489
232	609
232	823
232	952
232	978
233	316
233	521
233	584
233	710
233	870
233	926
234	56
234	520
234	543
234	887
234	964
234	982
235	494
235	595
235	822
235	844
235	880
235	965
236	69
236	302
236	311
236	502
236	595
236	982
237	640
237	833
237	860
237	863
237	934
237	984
238	216
238	755
238	913
238	920
238	946
238	961
239	135
239	540
239	577
239	786
239	790
239	894
240	249
240	300
240	442
240	460
240	498
240	870
241	120
241	260
241	490
241	754
241	840
241	935
242	248
242	683
242	701
242	761
242	846
242	969
243	47
243	279
243	285
243	489
243	668
243	899
244	586
244	751
244	798
244	921
244	948
244	950
245	61
245	488
245	691
245	743
245	806
245	809
246	115
246	301
246	734
246	914
246	931
246	969
247	185
247	327
247	583
247	914
247	973
247	980
248	95
248	173
248	242
248	412
248	725
248	909
249	116
249	240
249	596
249	850
249	926
249	957
250	275
250	432
250	439
250	634
250	786
250	985
251	435
251	537
251	765
251	853
251	884
251	938
252	566
252	573
252	592
252	746
252	786
252	857
253	104
253	122
253	551
253	782
253	902
253	972
254	183
254	289
254	391
254	412
254	560
254	975
255	104
255	551
255	621
255	678
255	792
255	843
256	211
256	273
256	490
256	545
256	667
256	972
257	363
257	803
257	815
257	870
257	971
257	983
258	385
258	730
258	784
258	865
258	988
258	996
259	119
259	411
259	651
259	664
259	735
259	957
260	115
260	241
260	445
260	551
260	656
260	986
261	422
261	725
261	772
261	862
261	897
261	1000
262	339
262	669
262	821
262	826
262	907
262	968
263	320
263	736
263	829
263	891
263	930
263	940
264	98
264	700
264	722
264	744
264	954
264	996
265	524
265	567
265	881
265	924
265	965
265	995
266	394
266	633
266	752
266	868
266	978
266	997
267	153
267	661
267	668
267	696
267	890
267	958
268	34
268	275
268	752
268	895
268	954
268	970
269	34
269	65
269	312
269	746
269	865
269	959
270	230
270	499
270	650
270	952
270	976
270	982
271	194
271	524
271	874
271	904
271	989
271	998
272	173
272	849
272	869
272	879
272	948
272	991
273	256
273	622
273	946
273	961
273	967
273	970
274	48
274	632
274	772
274	789
274	850
274	909
275	250
275	268
275	859
275	939
275	960
275	997
276	399
276	441
276	658
276	971
276	983
276	990
277	126
277	138
277	594
277	711
277	804
277	848
278	446
278	496
278	638
278	722
278	819
278	978
279	243
279	538
279	574
279	625
279	699
279	793
280	98
280	351
280	446
280	722
280	818
280	819
281	514
281	876
281	896
281	919
281	958
281	993
282	189
282	821
282	868
282	916
282	939
282	960
283	670
283	776
283	816
283	872
283	919
283	993
284	127
284	195
284	537
284	645
284	718
284	790
285	243
285	406
285	620
285	670
285	708
285	810
286	145
286	601
286	615
286	774
286	854
286	888
287	594
287	598
287	836
287	872
287	906
287	942
288	511
288	569
288	604
288	782
288	792
288	887
289	254
289	475
289	530
289	770
289	820
289	966
290	544
290	605
290	691
290	802
290	819
290	888
291	215
291	443
291	706
291	736
291	766
291	999
292	329
292	506
292	881
292	886
292	941
292	990
293	477
293	704
293	747
293	879
293	910
293	955
294	57
294	143
294	372
294	568
294	936
294	974
295	109
295	157
295	555
295	891
295	937
295	965
296	399
296	927
296	944
296	971
296	972
296	983
297	32
297	490
297	647
297	696
297	929
297	978
298	148
298	397
298	717
298	871
298	882
298	992
299	605
299	774
299	860
299	873
299	928
299	993
300	105
300	240
300	468
300	676
300	857
300	1000
301	246
301	598
301	640
301	673
301	734
301	914
302	186
302	236
302	502
302	580
302	711
302	964
303	447
303	508
303	855
303	857
303	901
303	994
304	93
304	648
304	656
304	758
304	938
304	964
305	333
305	578
305	660
305	838
305	913
305	985
306	438
306	719
306	790
306	916
306	932
306	937
307	152
307	317
307	409
307	650
307	667
307	843
308	320
308	503
308	504
308	719
308	866
308	930
309	115
309	331
309	643
309	731
309	884
309	954
310	478
310	642
310	811
310	906
310	942
310	1000
311	236
311	370
311	581
311	655
311	716
311	848
312	269
312	461
312	487
312	596
312	657
312	777
313	388
313	463
313	469
313	614
313	768
313	947
314	467
314	515
314	619
314	926
314	945
314	1000
315	23
315	316
315	423
315	735
315	771
315	844
316	215
316	233
316	315
316	379
316	776
316	850
317	86
317	307
317	686
317	902
317	950
317	990
318	149
318	211
318	834
318	843
318	856
318	980
319	28
319	124
319	391
319	573
319	977
319	980
320	172
320	263
320	308
320	666
320	889
320	920
321	134
321	612
321	770
321	931
321	943
321	946
322	82
322	563
322	671
322	777
322	878
322	991
323	675
323	678
323	799
323	975
323	981
323	989
324	90
324	376
324	484
324	637
324	897
324	909
325	70
325	382
325	667
325	692
325	796
325	973
326	169
326	581
326	725
326	737
326	743
326	873
327	247
327	734
327	764
327	811
327	859
327	962
328	655
328	706
328	796
328	805
328	841
328	999
329	292
329	728
329	846
329	912
329	941
329	995
330	568
330	580
330	693
330	729
330	888
330	962
331	309
331	339
331	360
331	954
331	960
331	977
332	42
332	710
332	909
332	928
332	957
332	1000
333	118
333	305
333	361
333	391
333	788
333	910
334	532
334	617
334	794
334	931
334	961
334	970
335	225
335	343
335	387
335	434
335	735
335	847
336	539
336	593
336	795
336	853
336	864
336	884
337	510
337	550
337	695
337	849
337	869
337	943
338	875
338	880
338	888
338	894
338	918
338	979
339	262
339	331
339	394
339	752
339	960
339	970
340	8
340	598
340	642
340	775
340	914
340	942
341	200
341	792
341	928
341	929
341	952
341	978
342	483
342	485
342	579
342	694
342	894
342	985
343	335
343	345
343	597
343	599
343	779
343	976
344	345
344	526
344	780
344	825
344	861
344	887
345	343
345	344
345	540
345	763
345	804
345	859
346	414
346	740
346	830
346	838
346	932
346	977
347	429
347	643
347	650
347	748
347	954
347	999
348	216
348	514
348	658
348	839
348	873
348	919
349	6
349	157
349	376
349	595
349	688
349	909
350	426
350	536
350	539
350	638
350	809
350	828
351	101
351	131
351	280
351	657
351	917
351	986
352	394
352	480
352	516
352	528
352	597
352	901
353	16
353	356
353	541
353	825
353	988
353	996
354	365
354	539
354	638
354	774
354	809
354	819
355	428
355	513
355	685
355	731
355	816
355	959
356	353
356	647
356	661
356	895
356	952
356	978
357	174
357	378
357	400
357	492
357	949
357	982
358	526
358	629
358	645
358	974
358	988
358	996
359	78
359	470
359	876
359	928
359	966
359	993
360	331
360	572
360	738
360	879
360	984
360	991
361	333
361	723
361	838
361	913
361	969
361	971
362	458
362	464
362	583
362	799
362	883
362	987
363	29
363	257
363	643
363	838
363	913
363	971
364	565
364	666
364	741
364	842
364	900
364	904
365	98
365	354
365	488
365	610
365	688
365	768
366	106
366	672
366	673
366	835
366	866
366	947
367	184
367	680
367	750
367	765
367	821
367	884
368	406
368	414
368	670
368	816
368	899
368	924
369	456
369	809
369	913
369	927
369	933
369	938
370	311
370	400
370	576
370	936
370	949
370	974
371	481
371	536
371	951
371	970
371	972
371	980
372	294
372	788
372	869
372	920
372	940
372	947
373	58
373	453
373	530
373	699
373	732
373	743
374	488
374	806
374	809
374	819
374	874
374	975
375	551
375	586
375	818
375	849
375	879
375	986
376	157
376	324
376	349
376	743
376	789
376	897
377	15
377	573
377	740
377	745
377	795
377	977
378	165
378	357
378	923
378	936
378	949
378	959
379	316
379	773
379	820
379	870
379	977
379	1000
380	398
380	579
380	702
380	834
380	894
380	985
381	420
381	556
381	653
381	799
381	836
381	942
382	325
382	443
382	892
382	908
382	973
382	999
383	155
383	184
383	437
383	534
383	648
383	982
384	588
384	865
384	888
384	905
384	997
384	998
385	258
385	556
385	825
385	887
385	944
385	984
386	462
386	517
386	588
386	652
386	893
386	990
387	335
387	826
387	907
387	925
387	983
387	987
388	110
388	313
388	482
388	709
388	768
388	892
388	962
389	2
389	165
389	640
389	761
389	936
389	949
389	974
390	425
390	646
390	724
390	780
390	825
390	944
390	956
391	29
391	254
391	319
391	333
391	723
391	971
391	983
392	487
392	581
392	707
392	732
392	761
392	935
392	948
393	445
393	451
393	657
393	743
393	813
393	910
393	968
394	266
394	339
394	352
394	814
394	816
394	920
394	954
395	196
395	480
395	579
395	724
395	956
395	988
395	996
396	61
396	701
396	736
396	755
396	871
396	951
396	992
397	298
397	727
397	858
397	871
397	911
397	964
397	992
398	133
398	380
398	485
398	580
398	741
398	837
398	894
399	2
399	210
399	276
399	296
399	812
399	971
399	997
400	357
400	370
400	508
400	554
400	698
400	742
400	949
401	153
401	574
401	582
401	640
401	649
401	860
401	900
402	669
402	821
402	822
402	826
402	845
402	862
402	925
403	30
403	76
403	486
403	666
403	835
403	903
403	957
404	567
404	711
404	813
404	868
404	960
404	968
404	970
405	201
405	616
405	655
405	841
405	877
405	931
405	967
406	57
406	285
406	368
406	574
406	676
406	915
406	984
407	580
407	600
407	719
407	729
407	768
407	962
407	966
408	11
408	13
408	16
408	697
408	741
408	842
408	998
409	68
409	104
409	307
409	436
409	608
409	674
409	972
410	563
410	672
410	675
410	821
410	907
410	925
410	987
411	64
411	259
411	424
411	585
411	603
411	870
411	957
412	248
412	254
412	459
412	503
412	820
412	904
412	989
413	421
413	500
413	570
413	617
413	841
413	942
413	961
414	189
414	346
414	368
414	529
414	810
414	890
414	915
415	123
415	542
415	693
415	768
415	789
415	950
415	962
416	97
416	546
416	783
416	807
416	884
416	938
416	997
417	143
417	606
417	716
417	718
417	758
417	760
417	860
418	91
418	560
418	658
418	776
418	828
418	915
418	993
419	125
419	421
419	682
419	750
419	775
419	864
419	911
420	72
420	175
420	381
420	628
420	817
420	946
420	964
421	413
421	419
421	703
421	715
421	931
421	946
421	967
422	261
422	517
422	607
422	772
422	789
422	897
422	909
423	315
423	468
423	595
423	771
423	781
423	898
423	908
424	154
424	215
424	411
424	677
424	710
424	823
424	850
425	390
425	601
425	636
425	702
425	879
425	880
425	923
426	350
426	539
426	666
426	744
426	809
426	819
426	856
427	624
427	830
427	904
427	946
427	975
427	981
427	989
428	146
428	355
428	495
428	590
428	670
428	728
428	798
429	347
429	660
429	824
429	888
429	939
429	954
429	959
430	180
430	192
430	478
430	755
430	841
430	911
430	967
431	223
431	558
431	671
431	808
431	886
431	941
431	945
432	204
432	221
432	250
432	495
432	837
432	857
432	954
433	193
433	472
433	671
433	684
433	738
433	851
433	943
434	5
434	30
434	62
434	335
434	621
434	639
434	678
435	132
435	251
435	579
435	665
435	682
435	976
435	988
436	409
436	492
436	692
436	698
436	707
436	936
436	974
437	383
437	516
437	618
437	754
437	840
437	935
437	968
438	163
438	216
438	306
438	494
438	891
438	898
438	983
439	71
439	250
439	559
439	727
439	812
439	933
439	971
440	117
440	137
440	139
440	144
440	876
440	928
440	993
441	276
441	456
441	563
441	601
441	812
441	838
441	927
442	240
442	633
442	749
442	850
442	900
442	989
442	1000
443	291
443	382
443	453
443	473
443	908
443	922
443	972
444	104
444	504
444	511
444	574
444	667
444	717
444	815
445	214
445	260
445	393
445	449
445	680
445	743
445	943
446	278
446	280
446	450
446	539
446	744
446	798
446	806
447	152
447	303
447	692
447	766
447	805
447	910
447	922
448	173
448	661
448	781
448	844
448	898
448	916
448	948
449	445
449	453
449	500
449	586
449	948
449	976
449	986
450	42
450	446
450	663
450	696
450	751
450	945
450	950
451	393
451	605
451	618
451	737
451	754
451	919
451	968
452	154
452	560
452	584
452	605
452	674
452	876
452	878
453	58
453	373
453	443
453	449
453	840
453	876
453	917
454	51
454	596
454	609
454	929
454	952
454	956
454	985
455	489
455	715
455	783
455	813
455	915
455	952
455	978
456	369
456	441
456	518
456	578
456	731
456	903
456	933
457	200
457	921
457	929
457	952
457	955
457	958
457	978
458	362
458	714
458	764
458	836
458	863
458	906
458	933
459	412
459	583
459	904
459	955
459	966
459	975
459	981
460	129
460	240
460	766
460	848
460	908
460	922
460	973
461	107
461	312
461	707
461	743
461	785
461	821
461	917
462	386
462	523
462	653
462	834
462	859
462	882
462	893
463	313
463	589
463	693
463	768
463	855
463	904
463	962
464	362
464	547
464	556
464	600
464	642
464	791
464	811
465	112
465	585
465	762
465	763
465	905
465	990
465	998
466	218
466	563
466	662
466	720
466	851
466	869
466	991
467	226
467	314
467	645
467	773
467	908
467	957
467	1000
468	172
468	215
468	300
468	423
468	926
468	957
468	968
469	313
469	614
469	693
469	729
469	762
469	962
469	998
470	51
470	359
470	527
470	570
470	644
470	895
470	958
471	588
471	691
471	854
471	888
471	904
471	923
471	979
472	45
472	141
472	433
472	755
472	883
472	946
472	967
473	217
473	443
473	493
473	561
473	646
473	750
473	796
474	657
474	746
474	777
474	818
474	903
474	953
474	986
475	289
475	745
475	820
475	912
475	918
475	981
475	994
476	214
476	561
476	750
476	775
476	807
476	884
476	951
477	24
477	293
477	590
477	751
477	779
477	800
477	934
478	310
478	430
478	617
478	796
478	877
478	946
478	967
479	150
479	600
479	614
479	729
479	872
479	903
479	962
480	52
480	176
480	352
480	395
480	597
480	718
480	994
481	9
481	371
481	504
481	785
481	799
481	856
481	980
482	49
482	108
482	388
482	580
482	589
482	729
482	840
483	96
483	342
483	592
483	767
483	786
483	894
483	917
484	181
484	324
484	772
484	897
484	909
484	942
484	990
485	342
485	398
485	537
485	688
485	767
485	786
485	803
486	12
486	17
486	403
486	519
486	639
486	659
486	672
487	312
487	392
487	707
487	824
487	935
487	966
487	968
488	77
488	245
488	365
488	374
488	700
488	809
488	980
489	232
489	243
489	455
489	819
489	895
489	958
489	978
490	241
490	256
490	297
490	511
490	856
490	902
490	925
491	720
491	750
491	768
491	879
491	943
491	984
491	991
492	18
492	228
492	357
492	436
492	876
492	930
492	974
493	473
493	706
493	738
493	908
493	946
493	973
493	999
494	235
494	438
494	827
494	891
494	923
494	962
494	965
495	428
495	432
495	696
495	793
495	870
495	915
495	984
496	278
496	765
496	864
496	880
496	911
496	938
496	976
497	23
497	529
497	719
497	770
497	824
497	916
497	984
498	13
498	226
498	240
498	519
498	697
498	900
498	965
499	111
499	270
499	520
499	562
499	848
499	976
499	989
500	413
500	449
500	732
500	831
500	840
500	913
500	917
500	968
501	622
501	703
501	798
501	883
501	896
501	931
501	946
501	961
502	224
502	236
502	302
502	534
502	594
502	656
502	897
502	963
503	308
503	412
503	637
503	694
503	835
503	912
503	920
503	948
504	140
504	308
504	444
504	481
504	569
504	606
504	700
504	893
505	512
505	751
505	871
505	882
505	921
505	936
505	950
505	969
506	292
506	631
506	708
506	840
506	881
506	924
506	941
506	995
507	140
507	166
507	509
507	526
507	637
507	896
507	920
507	930
508	177
508	229
508	303
508	400
508	739
508	910
508	955
508	994
509	507
509	835
509	866
509	875
509	889
509	912
509	930
509	949
510	337
510	744
510	812
510	855
510	927
510	933
510	971
510	983
511	288
511	444
511	490
511	667
511	686
511	893
511	970
511	971
512	224
512	505
512	541
512	825
512	876
512	956
512	988
512	996
513	355
513	523
513	733
513	801
513	832
513	910
513	990
513	998
514	281
514	348
514	605
514	662
514	774
514	884
514	988
514	993
515	314
515	521
515	547
515	604
515	687
515	907
515	925
515	987
516	212
516	352
516	437
516	704
516	800
516	901
516	955
516	990
517	209
517	386
517	422
517	588
517	801
517	986
517	990
517	996
518	456
518	723
518	803
518	812
518	826
518	832
518	971
518	983
519	73
519	158
519	486
519	498
519	748
519	833
519	900
519	903
520	234
520	499
520	656
520	810
520	961
520	964
520	976
520	982
521	36
521	155
521	233
521	515
521	619
521	633
521	652
521	773
522	101
522	618
522	737
522	831
522	889
522	917
522	981
522	986
523	188
523	462
523	513
523	525
523	602
523	804
523	939
523	998
524	48
524	265
524	271
524	808
524	881
524	924
524	971
524	995
525	523
525	685
525	752
525	801
525	813
525	939
525	970
525	997
526	344
526	358
526	507
526	549
526	848
526	887
526	944
526	988
527	51
527	470
527	783
527	797
527	885
527	895
527	951
527	958
528	78
528	352
528	605
528	662
528	674
528	775
528	919
528	928
529	81
529	414
529	497
529	548
529	627
529	860
529	915
529	984
530	105
530	289
530	373
530	861
530	904
530	918
530	981
530	989
531	45
531	82
531	550
531	866
531	869
531	879
531	892
531	943
532	216
532	334
532	570
532	617
532	673
532	703
532	898
532	946
533	695
533	736
533	844
533	858
533	871
533	921
533	945
533	956
534	383
534	502
534	665
534	716
534	756
534	929
534	964
534	987
535	209
535	540
535	690
535	834
535	845
535	865
535	905
535	912
536	86
536	120
536	350
536	371
536	585
536	667
536	805
536	972
537	251
537	284
537	485
537	543
537	634
537	721
537	857
537	882
538	103
538	279
538	696
538	757
538	759
538	898
538	899
538	984
539	160
539	336
539	350
539	354
539	426
539	446
539	610
539	806
540	239
540	345
540	535
540	653
540	763
540	769
540	859
540	894
541	353
541	512
541	591
541	724
541	931
541	944
541	964
541	996
542	123
542	139
542	415
542	589
542	600
542	709
542	838
542	962
543	84
543	234
543	537
543	549
543	724
543	756
543	925
543	996
544	26
544	290
544	615
544	636
544	875
544	923
544	974
544	979
545	89
545	256
545	739
545	743
545	754
545	777
545	818
545	986
546	110
546	416
546	593
546	679
546	690
546	807
546	842
546	852
547	69
547	464
547	515
547	552
547	662
547	672
547	925
547	987
548	18
548	67
548	174
548	529
548	577
548	582
548	659
548	936
549	526
549	543
549	620
549	732
549	752
549	780
549	825
549	969
550	337
550	531
550	684
550	793
550	851
550	869
550	879
550	912
551	169
551	214
551	253
551	255
551	260
551	375
551	746
551	840
552	181
552	547
552	786
552	845
552	907
552	925
552	951
552	987
553	587
553	631
553	782
553	785
553	825
553	893
553	919
553	980
554	400
554	598
554	733
554	760
554	848
554	943
554	964
554	982
555	26
555	158
555	295
555	576
555	781
555	871
555	891
555	916
556	381
556	385
556	464
556	564
556	628
556	799
556	811
556	824
557	134
557	703
557	877
557	883
557	943
557	961
557	967
557	981
558	203
558	431
558	713
558	715
558	783
558	895
558	929
558	958
559	24
559	71
559	439
559	812
559	927
559	971
559	977
559	983
560	254
560	418
560	452
560	626
560	776
560	872
560	873
560	997
561	38
561	473
561	476
561	750
561	807
561	836
561	867
561	911
562	27
562	499
562	612
562	635
562	802
562	854
562	880
562	923
563	322
563	410
563	441
563	466
563	851
563	892
563	943
563	991
564	556
564	649
564	732
564	767
564	793
564	810
564	860
564	899
565	364
565	659
565	666
565	748
565	780
565	842
565	900
565	935
566	252
566	579
566	592
566	627
566	767
566	837
566	881
566	973
567	265
567	404
567	752
567	754
567	814
567	868
567	960
567	970
568	92
568	228
568	294
568	330
568	688
568	766
568	936
568	974
569	288
569	504
569	571
569	661
569	792
569	893
569	959
569	980
570	413
570	470
570	532
570	755
570	823
570	877
570	931
570	967
571	28
571	164
571	569
571	640
571	830
571	932
571	977
571	985
572	360
572	800
572	869
572	878
572	879
572	905
572	963
572	991
573	252
573	319
573	377
573	795
573	828
573	830
573	906
573	932
574	279
574	401
574	406
574	444
574	575
574	649
574	728
574	984
575	574
575	599
575	735
575	739
575	787
575	800
575	899
575	955
576	23
576	370
576	555
576	661
576	713
576	771
576	772
576	898
577	18
577	239
577	548
577	624
577	688
577	742
577	949
577	974
578	3
578	118
578	305
578	456
578	771
578	838
578	913
578	983
579	342
579	380
579	395
579	435
579	566
579	721
579	767
579	989
580	302
580	330
580	398
580	407
580	482
580	600
580	614
580	845
580	962
581	311
581	326
581	392
581	621
581	657
581	831
581	840
581	968
581	975
582	401
582	548
582	599
582	619
582	689
582	747
582	779
582	787
582	910
583	138
583	247
583	362
583	459
583	623
583	817
583	863
583	871
583	906
584	179
584	203
584	233
584	452
584	658
584	693
584	872
584	873
584	993
585	96
585	411
585	465
585	536
585	604
585	665
585	843
585	893
585	972
586	58
586	231
586	244
586	375
586	449
586	614
586	618
586	732
586	935
587	553
587	591
587	607
587	678
587	695
587	902
587	911
587	941
587	980
588	43
588	384
588	386
588	471
588	517
588	762
588	804
588	865
588	931
589	30
589	108
589	463
589	482
589	542
589	600
589	693
589	705
589	962
590	99
590	428
590	477
590	810
590	833
590	894
590	899
590	930
590	984
591	83
591	177
591	541
591	587
591	756
591	776
591	780
591	784
591	996
592	252
592	483
592	566
592	620
592	712
592	767
592	953
592	960
592	985
593	336
593	546
593	775
593	852
593	864
593	883
593	884
593	924
593	986
594	54
594	55
594	277
594	287
594	502
594	733
594	758
594	760
594	998
595	235
595	236
595	349
595	423
595	730
595	770
595	771
595	898
595	937
596	249
596	312
596	454
596	623
596	647
596	783
596	791
596	958
596	978
597	343
597	352
597	480
597	721
597	760
597	901
597	910
597	934
597	994
598	220
598	287
598	301
598	340
598	554
598	758
598	836
598	906
598	921
599	31
599	343
599	575
599	582
599	694
599	747
599	855
599	885
599	955
600	150
600	407
600	464
600	479
600	542
600	580
600	589
600	602
600	962
601	286
601	425
601	441
601	615
601	632
601	635
601	702
601	799
601	888
602	523
602	600
602	628
602	630
602	762
602	763
602	832
602	990
602	998
603	411
603	671
603	804
603	846
603	881
603	924
603	941
603	955
603	995
604	102
604	288
604	515
604	585
604	686
604	810
604	902
604	933
604	980
605	116
605	290
605	299
605	451
605	452
605	514
605	528
605	779
605	919
606	137
606	417
606	504
606	695
606	717
606	785
606	916
606	972
606	987
607	137
607	422
607	587
607	611
607	843
607	856
607	972
607	980
607	997
608	86
608	409
608	639
608	669
608	843
608	856
608	902
608	952
608	980
609	232
609	454
609	623
609	644
609	671
609	929
609	936
609	952
609	978
610	82
610	365
610	539
610	638
610	700
610	744
610	819
610	941
610	945
611	71
611	607
611	679
611	803
611	864
611	867
611	911
611	918
611	938
612	103
612	128
612	223
612	321
612	562
612	622
612	841
612	877
612	883
613	106
613	673
613	742
613	866
613	889
613	920
613	930
613	947
613	952
614	313
614	469
614	479
614	580
614	586
614	648
614	709
614	722
614	729
615	70
615	286
615	544
615	601
615	802
615	957
615	979
615	980
615	983
616	405
616	651
616	663
616	673
616	945
616	950
616	951
616	969
616	992
617	334
617	413
617	478
617	532
617	841
617	845
617	931
617	946
617	986
618	101
618	437
618	451
618	522
618	586
618	732
618	799
618	848
618	915
619	119
619	314
619	521
619	582
619	773
619	807
619	870
619	921
619	957
620	207
620	285
620	549
620	592
620	784
620	809
620	887
620	956
620	996
621	16
621	255
621	434
621	581
621	639
621	842
621	900
621	903
621	960
622	147
622	165
622	273
622	501
622	612
622	727
622	841
622	961
622	967
623	143
623	583
623	596
623	609
623	715
623	823
623	952
623	958
623	960
624	85
624	427
624	577
624	664
624	730
624	918
624	953
624	966
624	975
625	279
625	677
625	698
625	726
625	742
625	770
625	936
625	949
625	974
626	560
626	717
626	774
626	798
626	847
626	873
626	919
626	928
626	993
627	10
627	127
627	208
627	230
627	529
627	566
627	721
627	790
627	794
628	1
628	420
628	556
628	602
628	823
628	848
628	863
628	906
628	914
629	83
629	202
629	358
629	630
629	762
629	852
629	944
629	988
629	996
630	90
630	219
630	602
630	629
630	749
630	769
630	865
630	905
630	998
631	506
631	553
631	808
631	879
631	881
631	924
631	936
631	941
631	995
632	6
632	59
632	274
632	601
632	748
632	772
632	862
632	897
632	909
633	266
633	442
633	521
633	645
633	684
633	835
633	850
633	870
633	1000
634	250
634	537
634	712
634	767
634	837
634	857
634	861
634	965
634	985
635	199
635	562
635	601
635	702
635	838
635	868
635	875
635	888
635	979
636	425
636	544
636	778
636	802
636	854
636	875
636	923
636	979
636	992
637	166
637	324
637	503
637	507
637	889
637	896
637	913
637	938
637	947
638	278
638	350
638	354
638	610
638	656
638	722
638	758
638	774
638	806
639	434
639	486
639	608
639	621
639	657
639	741
639	900
639	903
639	916
640	44
640	237
640	301
640	389
640	401
640	571
640	699
640	890
640	984
641	136
641	191
641	646
641	785
641	870
641	908
641	973
641	999
641	1000
642	142
642	198
642	310
642	340
642	464
642	820
642	914
642	936
642	942
643	309
643	347
643	363
643	815
643	927
643	954
643	959
643	978
643	997
644	112
644	206
644	470
644	609
644	808
644	929
644	958
644	978
644	988
645	284
645	358
645	467
645	633
645	651
645	749
645	773
645	926
645	938
646	136
646	390
646	473
646	641
646	706
646	767
646	922
646	973
646	999
647	16
647	110
647	297
647	356
647	596
647	720
647	783
647	823
647	958
648	111
648	159
648	304
648	383
648	614
648	665
648	953
648	963
648	976
649	401
649	564
649	574
649	691
649	760
649	860
649	890
649	909
649	915
650	270
650	307
650	347
650	814
650	815
650	960
650	970
650	994
650	997
651	105
651	259
651	616
651	645
651	850
651	870
651	926
651	957
651	972
652	197
652	386
652	521
652	664
652	762
652	769
652	905
652	959
652	990
652	992
653	209
653	381
653	462
653	540
653	714
653	769
653	865
653	868
653	981
653	990
654	5
654	22
654	62
654	224
654	659
654	741
654	859
654	900
654	903
654	964
655	56
655	144
655	311
655	328
655	405
655	656
655	848
655	922
655	964
655	982
656	132
656	197
656	260
656	304
656	502
656	520
656	638
656	655
656	976
656	982
657	312
657	351
657	393
657	474
657	581
657	639
657	711
657	737
657	743
657	771
658	139
658	276
658	348
658	418
658	584
658	662
658	670
658	798
658	928
658	998
659	224
659	486
659	548
659	565
659	654
659	666
659	900
659	903
659	905
659	985
660	305
660	429
660	731
660	773
660	813
660	816
660	926
660	954
660	959
660	997
661	267
661	356
661	448
661	569
661	576
661	713
661	778
661	844
661	916
661	965
662	466
662	514
662	528
662	547
662	658
662	776
662	798
662	876
662	921
662	993
663	39
663	450
663	616
663	736
663	747
663	871
663	882
663	900
663	948
663	984
664	43
664	158
664	197
664	259
664	624
664	652
664	804
664	986
664	990
664	998
665	54
665	132
665	435
665	534
665	585
665	648
665	716
665	756
665	793
665	976
666	35
666	320
666	364
666	403
666	426
666	565
666	659
666	748
666	840
666	900
667	231
667	256
667	307
667	325
667	444
667	511
667	536
667	869
667	950
667	972
668	3
668	50
668	243
668	267
668	741
668	860
668	890
668	918
668	959
668	984
669	262
669	402
669	608
669	687
669	756
669	821
669	845
669	874
669	907
669	925
670	153
670	283
670	285
670	368
670	428
670	658
670	696
670	793
670	899
670	995
671	322
671	431
671	433
671	603
671	609
671	808
671	846
671	886
671	924
671	995
672	125
672	205
672	366
672	410
672	486
672	547
672	821
672	826
672	907
672	987
673	301
673	366
673	532
673	613
673	616
673	829
673	912
673	920
673	940
673	947
674	4
674	117
674	409
674	452
674	528
674	774
674	781
674	873
674	876
674	993
675	155
675	183
675	323
675	410
675	797
675	800
675	874
675	966
675	975
675	981
676	172
676	300
676	406
676	749
676	805
676	850
676	926
676	957
676	995
676	1000
677	112
677	172
677	424
677	625
677	712
677	749
677	773
677	869
677	946
677	1000
678	96
678	102
678	255
678	323
678	434
678	587
678	717
678	792
678	893
678	929
679	38
679	546
679	611
679	680
679	831
679	852
679	864
679	867
679	883
679	989
680	87
680	367
680	445
680	679
680	681
680	803
680	807
680	853
680	884
680	902
681	79
681	680
681	727
681	882
681	902
681	921
681	945
681	948
681	950
681	951
682	21
682	159
682	162
682	230
682	419
682	435
682	733
682	814
682	921
682	976
683	113
683	242
683	793
683	921
683	945
683	948
683	952
683	969
683	976
683	992
684	433
684	550
684	633
684	740
684	849
684	878
684	879
684	943
684	974
684	991
685	76
685	100
685	355
685	525
685	815
685	939
685	959
685	960
685	973
685	986
686	171
686	317
686	511
686	604
686	717
686	782
686	862
686	945
686	975
686	980
687	69
687	515
687	669
687	689
687	817
687	826
687	845
687	880
687	925
687	987
688	45
688	349
688	365
688	485
688	568
688	577
688	742
688	936
688	949
688	974
689	32
689	148
689	582
689	687
689	855
689	901
689	910
689	923
689	934
689	994
690	125
690	535
690	546
690	704
690	750
690	765
690	810
690	867
690	911
690	938
691	60
691	223
691	245
691	290
691	471
691	649
691	802
691	854
691	888
691	979
692	24
692	136
692	325
692	436
692	447
692	796
692	908
692	922
692	965
692	999
693	222
693	330
693	415
693	463
693	469
693	584
693	589
693	768
693	851
693	962
694	106
694	135
694	176
694	342
694	503
694	599
694	787
694	800
694	934
694	994
695	337
695	533
695	587
695	606
695	710
695	782
695	785
695	792
695	902
695	980
696	187
696	267
696	297
696	450
696	495
696	538
696	670
696	728
696	969
696	984
697	5
697	13
697	161
697	408
697	498
697	741
697	842
697	903
697	953
697	994
698	228
698	400
698	436
698	625
698	726
698	800
698	934
698	936
698	953
698	974
699	50
699	100
699	146
699	279
699	373
699	640
699	802
699	899
699	984
699	994
700	11
700	107
700	264
700	488
700	504
700	610
700	722
700	744
700	787
700	806
701	7
701	195
701	204
701	242
701	396
701	702
701	882
701	945
701	951
701	992
702	380
702	425
702	601
702	635
702	701
702	767
702	854
702	875
702	923
702	979
703	150
703	421
703	501
703	532
703	557
703	752
703	753
703	833
703	931
703	946
704	120
704	188
704	293
704	516
704	690
704	739
704	855
704	910
704	913
704	937
705	126
705	589
705	736
705	866
705	945
705	948
705	950
705	951
705	969
705	992
706	83
706	191
706	291
706	328
706	493
706	646
706	766
706	805
706	923
706	988
707	93
707	392
707	436
707	461
707	487
707	732
707	831
707	917
707	968
707	996
708	14
708	81
708	109
708	285
708	506
708	759
708	860
708	915
708	927
708	957
709	32
709	108
709	110
709	388
709	542
709	614
709	729
709	757
709	947
709	962
710	233
710	332
710	424
710	695
710	731
710	749
710	870
710	904
710	926
710	1000
711	21
711	277
711	302
711	404
711	657
711	818
711	848
711	963
711	976
711	982
712	179
712	195
712	204
712	592
712	634
712	677
712	746
712	796
712	894
712	963
712	985
713	37
713	558
713	576
713	661
713	715
713	778
713	822
713	824
713	827
713	902
713	937
714	61
714	458
714	653
714	763
714	801
714	859
714	865
714	889
714	905
714	916
714	990
715	70
715	421
715	455
715	558
715	623
715	713
715	895
715	929
715	952
715	958
715	978
716	55
716	56
716	219
716	311
716	417
716	534
716	665
716	727
716	760
716	954
716	963
717	171
717	298
717	444
717	606
717	626
717	678
717	686
717	792
717	856
717	902
717	926
718	143
718	184
718	222
718	284
718	417
718	480
718	903
718	963
718	964
718	976
718	982
719	306
719	308
719	407
719	497
719	770
719	771
719	891
719	898
719	909
719	937
719	965
720	52
720	466
720	491
720	647
720	801
720	849
720	852
720	869
720	892
720	942
720	991
721	177
721	537
721	579
721	597
721	627
721	790
721	794
721	837
721	861
721	894
721	916
722	264
722	278
722	280
722	614
722	638
722	700
722	744
722	783
722	806
722	809
722	894
723	71
723	170
723	361
723	391
723	518
723	825
723	838
723	933
723	971
723	983
723	987
724	87
724	390
724	395
724	541
724	543
724	756
724	944
724	956
724	968
724	978
724	996
725	95
725	181
725	194
725	248
725	261
725	326
725	789
725	858
725	862
725	897
725	955
726	18
726	45
726	67
726	92
726	133
726	185
726	625
726	698
726	739
726	822
726	936
727	39
727	397
727	439
727	622
727	681
727	716
727	858
727	921
727	950
727	951
727	969
728	103
728	185
728	217
728	329
728	428
728	574
728	696
728	753
728	890
728	899
728	984
729	99
729	150
729	330
729	407
729	469
729	479
729	482
729	614
729	709
729	730
729	894
730	213
730	258
730	595
730	624
730	729
730	756
730	780
730	784
730	825
730	956
730	988
731	309
731	355
731	456
731	660
731	710
731	813
731	814
731	850
731	959
731	970
731	997
732	373
732	392
732	500
732	549
732	564
732	586
732	618
732	707
732	777
732	818
732	914
733	55
733	63
733	143
733	513
733	554
733	594
733	682
733	760
733	848
733	964
733	995
734	115
734	175
734	246
734	301
734	327
734	764
734	817
734	851
734	860
734	882
734	942
735	176
735	227
735	259
735	315
735	335
735	575
735	794
735	855
735	934
735	955
735	978
736	66
736	263
736	291
736	396
736	533
736	663
736	705
736	751
736	871
736	976
736	992
737	145
737	221
737	326
737	451
737	522
737	657
737	747
737	818
737	968
737	979
737	986
738	8
738	26
738	167
738	360
738	433
738	493
738	765
738	851
738	879
738	892
738	943
739	225
739	508
739	545
739	575
739	704
739	726
739	779
739	808
739	847
739	934
739	994
740	21
740	74
740	346
740	377
740	684
740	758
740	788
740	828
740	830
740	932
740	977
741	210
741	226
741	364
741	398
741	408
741	639
741	654
741	668
741	697
741	900
741	903
742	45
742	92
742	400
742	577
742	613
742	625
742	688
742	856
742	936
742	949
742	950
743	99
743	245
743	326
743	373
743	376
743	393
743	445
743	461
743	545
743	657
743	777
744	264
744	426
744	446
744	510
744	610
744	700
744	722
744	758
744	806
744	819
744	897
745	377
745	475
745	757
745	777
745	797
745	822
745	839
745	874
745	966
745	975
745	989
746	252
746	269
746	474
746	551
746	712
746	754
746	777
746	800
746	831
746	935
746	986
747	293
747	582
747	599
747	663
747	737
747	800
747	847
747	885
747	934
747	941
747	994
748	13
748	35
748	62
748	347
748	519
748	565
748	632
748	666
748	900
748	903
748	924
749	112
749	442
749	630
749	645
749	676
749	677
749	710
749	829
749	926
749	930
749	957
750	17
750	367
750	419
750	473
750	476
750	491
750	561
750	690
750	853
750	911
750	938
751	168
751	244
751	450
751	477
751	505
751	736
751	927
751	948
751	950
751	951
751	969
752	206
752	266
752	268
752	339
752	525
752	549
752	567
752	703
752	959
752	960
752	970
753	141
753	164
753	703
753	728
753	787
753	877
753	883
753	931
753	961
753	967
753	969
754	34
754	241
754	437
754	451
754	545
754	567
754	746
754	840
754	859
754	957
754	986
755	134
755	238
755	396
755	430
755	472
755	570
755	759
755	790
755	877
755	946
755	961
756	534
756	543
756	591
756	665
756	669
756	724
756	730
756	898
756	944
756	956
756	988
757	538
757	709
757	745
757	820
757	839
757	904
757	918
757	953
757	961
757	966
757	975
758	304
758	417
758	594
758	598
758	638
758	740
758	744
758	760
758	964
758	976
758	982
759	100
759	145
759	168
759	538
759	708
759	755
759	810
759	833
759	860
759	890
759	915
759	990
760	84
760	126
760	144
760	417
760	554
760	594
760	597
760	649
760	716
760	733
760	758
760	963
761	39
761	66
761	123
761	242
761	389
761	392
761	882
761	921
761	948
761	950
761	951
761	967
762	220
762	465
762	469
762	588
762	602
762	629
762	652
762	786
762	832
762	834
762	859
762	990
763	20
763	61
763	158
763	345
763	465
763	540
763	602
763	714
763	812
763	819
763	936
763	975
764	7
764	138
764	156
764	327
764	458
764	734
764	791
764	811
764	836
764	863
764	901
764	906
765	38
765	251
765	367
765	496
765	690
765	738
765	775
765	864
765	871
765	884
765	889
765	960
766	291
766	447
766	460
766	568
766	706
766	805
766	844
766	874
766	908
766	922
766	973
766	999
767	127
767	483
767	485
767	564
767	566
767	579
767	592
767	634
767	646
767	702
767	837
767	894
768	110
768	150
768	313
768	365
768	388
768	407
768	415
768	463
768	491
768	693
768	879
768	992
769	540
769	630
769	652
769	653
769	801
769	804
769	832
769	867
769	969
769	990
769	993
769	998
770	289
770	321
770	497
770	595
770	625
770	719
770	781
770	822
770	824
770	916
770	949
770	965
771	198
771	217
771	315
771	423
771	576
771	578
771	595
771	657
771	719
771	827
771	937
771	954
772	25
772	95
772	130
772	261
772	274
772	422
772	484
772	576
772	632
772	862
772	897
772	920
773	215
773	379
773	467
773	521
773	619
773	645
773	660
773	677
773	863
773	870
773	878
773	1000
774	91
774	286
774	299
774	354
774	514
774	626
774	638
774	674
774	776
774	928
774	950
774	993
775	156
775	340
775	419
775	476
775	528
775	593
775	765
775	843
775	853
775	867
775	908
775	911
776	142
776	203
776	283
776	316
776	418
776	560
776	591
776	662
776	774
776	872
776	984
776	993
777	107
777	312
777	322
777	474
777	545
777	732
777	743
777	745
777	746
777	833
777	917
777	935
778	47
778	57
778	636
778	661
778	713
778	784
778	822
778	827
778	844
778	898
778	933
778	937
779	343
779	477
779	582
779	605
779	739
779	830
779	847
779	885
779	910
779	924
779	955
779	993
780	156
780	344
780	390
780	549
780	565
780	591
780	730
780	811
780	944
780	956
780	988
780	996
781	75
781	121
781	191
781	423
781	448
781	555
781	674
781	770
781	827
781	891
781	907
781	965
782	42
782	253
782	288
782	553
782	686
782	695
782	788
782	792
782	817
782	902
782	972
782	975
783	416
783	455
783	527
783	558
783	596
783	647
783	722
783	823
783	850
783	895
783	952
783	958
784	83
784	207
784	258
784	591
784	620
784	730
784	778
784	790
784	876
784	887
784	944
784	956
785	39
785	461
785	481
785	553
785	606
785	641
785	695
785	786
785	843
785	893
785	902
785	972
786	239
786	250
786	252
786	483
786	485
786	552
786	762
786	785
786	790
786	857
786	860
786	894
787	24
787	188
787	227
787	575
787	582
787	694
787	700
787	753
787	855
787	937
787	955
787	994
788	25
788	333
788	372
788	740
788	782
788	866
788	889
788	893
788	896
788	912
788	940
788	947
789	6
789	173
789	274
789	376
789	415
789	422
789	725
789	862
789	865
789	885
789	897
789	909
790	31
790	119
790	239
790	284
790	306
790	627
790	721
790	755
790	784
790	786
790	837
790	894
790	985
791	1
791	196
791	464
791	596
791	764
791	799
791	817
791	836
791	863
791	906
791	914
791	942
791	947
792	117
792	255
792	288
792	341
792	569
792	678
792	695
792	717
792	782
792	850
792	856
792	893
792	980
793	44
793	100
793	279
793	495
793	550
793	564
793	665
793	670
793	683
793	796
793	860
793	915
793	984
794	7
794	127
794	133
794	171
794	179
794	195
794	204
794	221
794	334
794	627
794	721
794	735
794	985
795	15
795	41
795	124
795	336
795	377
795	573
795	796
795	828
795	830
795	839
795	931
795	932
795	977
796	93
796	129
796	325
796	328
796	473
796	478
796	692
796	712
796	793
796	795
796	805
796	922
796	973
797	527
797	675
797	745
797	839
797	850
797	861
797	904
797	918
797	935
797	944
797	953
797	981
797	989
798	139
798	244
798	428
798	446
798	501
798	626
798	658
798	662
798	872
798	873
798	876
798	919
798	928
799	138
799	142
799	323
799	362
799	381
799	481
799	556
799	601
799	618
799	791
799	811
799	817
799	914
800	477
800	516
800	572
800	575
800	675
800	694
800	698
800	746
800	747
800	901
800	934
800	955
800	994
801	104
801	513
801	517
801	525
801	714
801	720
801	769
801	804
801	823
801	832
801	905
801	990
801	998
802	226
802	290
802	562
802	615
802	636
802	691
802	699
802	880
802	888
802	923
802	928
802	971
802	979
803	20
803	257
803	485
803	518
803	611
803	680
803	807
803	852
803	853
803	864
803	884
803	911
803	938
804	31
804	38
804	219
804	277
804	345
804	523
804	588
804	603
804	664
804	769
804	801
804	865
804	998
805	46
805	114
805	328
805	447
805	536
805	676
805	706
805	766
805	796
805	908
805	954
805	973
805	999
806	245
806	374
806	446
806	539
806	638
806	700
806	722
806	744
806	807
806	809
806	854
806	933
806	949
807	87
807	128
807	156
807	416
807	476
807	546
807	561
807	619
807	680
807	803
807	806
807	852
807	997
808	14
808	201
808	431
808	524
808	631
808	644
808	671
808	739
808	846
808	861
808	881
808	924
808	995
809	11
809	27
809	50
809	245
809	350
809	354
809	369
809	374
809	426
809	488
809	620
809	722
809	806
810	73
810	103
810	146
810	162
810	285
810	414
810	520
810	564
810	590
810	604
810	690
810	759
810	860
811	97
811	310
811	327
811	464
811	556
811	764
811	780
811	799
811	863
811	887
811	906
811	914
811	918
812	151
812	210
812	399
812	439
812	441
812	510
812	518
812	559
812	763
812	906
812	913
812	933
812	991
813	95
813	202
813	393
813	404
813	455
813	525
813	660
813	731
813	814
813	815
813	868
813	954
813	970
814	131
814	161
814	163
814	394
814	567
814	650
814	682
814	731
814	813
814	815
814	816
814	939
814	997
815	76
815	90
815	257
815	444
815	643
815	650
815	685
815	813
815	814
815	816
815	817
815	859
815	997
816	183
816	190
816	283
816	355
816	368
816	394
816	660
816	814
816	815
816	892
816	939
816	970
816	997
817	142
817	420
817	583
817	687
817	734
817	782
817	791
817	799
817	815
817	863
817	906
817	914
817	999
818	153
818	280
818	375
818	474
818	545
818	711
818	732
818	737
818	831
818	935
818	953
818	968
818	986
819	11
819	98
819	278
819	280
819	290
819	354
819	374
819	426
819	489
819	610
819	744
819	763
819	967
820	289
820	379
820	412
820	475
820	642
820	757
820	822
820	861
820	918
820	935
820	953
820	975
820	981
820	989
821	77
821	262
821	282
821	367
821	402
821	410
821	461
821	669
821	672
821	826
821	845
821	907
821	917
821	987
822	22
822	26
822	198
822	235
822	402
822	713
822	726
822	745
822	770
822	778
822	820
822	891
822	898
822	965
823	80
823	200
823	206
823	232
823	424
823	570
823	623
823	628
823	647
823	783
823	801
823	895
823	952
823	978
824	47
824	163
824	190
824	198
824	429
824	487
824	497
824	556
824	713
824	770
824	844
824	891
824	916
824	937
825	14
825	344
825	353
825	385
825	390
825	512
825	549
825	553
825	723
825	730
825	944
825	988
825	995
825	996
826	205
826	211
826	262
826	387
826	402
826	518
826	672
826	687
826	821
826	845
826	907
826	909
826	915
826	987
827	26
827	163
827	207
827	494
827	713
827	771
827	778
827	781
827	828
827	880
827	891
827	898
827	956
827	965
828	12
828	40
828	41
828	124
828	164
828	350
828	418
828	573
828	740
828	795
828	827
828	932
828	977
828	998
829	33
829	263
829	673
829	749
829	835
829	866
829	870
829	889
829	896
829	898
829	912
829	930
829	937
829	940
830	12
830	28
830	41
830	53
830	152
830	346
830	427
830	571
830	573
830	740
830	779
830	795
830	905
830	932
831	131
831	205
831	214
831	500
831	522
831	581
831	679
831	707
831	746
831	818
831	838
831	904
831	917
831	968
832	86
832	178
832	513
832	518
832	602
832	762
832	769
832	801
832	834
832	859
832	865
832	905
832	970
832	990
833	3
833	14
833	99
833	237
833	519
833	590
833	703
833	759
833	777
833	849
833	890
833	899
833	915
833	940
834	43
834	60
834	193
834	318
834	380
834	462
834	535
834	762
834	832
834	859
834	865
834	897
834	905
834	998
835	36
835	366
835	403
835	503
835	509
835	633
835	829
835	837
835	866
835	889
835	896
835	920
835	940
835	947
836	1
836	72
836	209
836	220
836	287
836	381
836	458
836	561
836	598
836	764
836	791
836	837
836	939
836	942
837	31
837	52
837	177
837	398
837	432
837	566
837	634
837	721
837	767
837	790
837	835
837	836
837	874
837	985
838	305
838	346
838	361
838	363
838	441
838	542
838	578
838	635
838	723
838	831
838	839
838	913
838	933
838	983
839	149
839	194
839	348
839	745
839	757
839	795
839	797
839	838
839	874
839	886
839	953
839	966
839	981
839	989
840	131
840	241
840	437
840	453
840	482
840	500
840	506
840	551
840	581
840	666
840	754
840	968
840	971
840	986
841	147
841	328
841	405
841	413
841	430
841	612
841	617
841	622
841	844
841	846
841	883
841	931
841	952
841	967
842	17
842	224
842	226
842	364
842	408
842	546
842	565
842	621
842	697
842	853
842	864
842	890
842	899
842	903
843	94
843	96
843	211
843	255
843	307
843	318
843	585
843	607
843	608
843	775
843	785
843	864
843	927
843	972
844	187
844	235
844	315
844	448
844	533
844	661
844	766
844	778
844	824
844	841
844	891
844	898
844	937
844	965
845	49
845	402
845	535
845	552
845	580
845	617
845	669
845	687
845	821
845	826
845	907
845	925
845	962
845	987
846	48
846	201
846	242
846	329
846	603
846	671
846	808
846	841
846	881
846	886
846	915
846	924
846	941
846	977
846	995
847	44
847	176
847	188
847	225
847	335
847	626
847	739
847	747
847	779
847	851
847	858
847	885
847	934
847	955
847	994
848	111
848	222
848	277
848	311
848	460
848	499
848	526
848	554
848	618
848	628
848	655
848	711
848	733
848	943
848	963
849	83
849	193
849	272
849	337
849	375
849	684
849	720
849	833
849	851
849	854
849	878
849	892
849	911
849	943
849	991
850	105
850	155
850	249
850	274
850	316
850	424
850	442
850	633
850	651
850	676
850	731
850	783
850	792
850	797
850	926
851	82
851	433
851	466
851	550
851	563
851	693
851	734
851	738
851	847
851	849
851	869
851	872
851	878
851	943
851	991
852	170
852	230
852	546
852	593
852	629
852	679
852	720
852	803
852	807
852	853
852	867
852	891
852	911
852	938
852	967
853	151
853	213
853	251
853	336
853	680
853	750
853	775
853	803
853	842
853	852
853	864
853	867
853	935
853	938
853	979
854	70
854	74
854	286
854	471
854	562
854	636
854	691
854	702
854	806
854	849
854	880
854	914
854	923
854	970
854	979
855	46
855	53
855	106
855	123
855	212
855	303
855	463
855	510
855	599
855	689
855	704
855	735
855	787
855	885
855	901
856	231
856	318
856	426
856	481
856	490
856	607
856	608
856	717
856	742
856	792
856	868
856	893
856	925
856	972
856	978
857	10
857	133
857	135
857	180
857	221
857	252
857	300
857	303
857	432
857	537
857	634
857	786
857	894
857	895
857	985
858	113
858	154
858	397
858	533
858	725
858	727
858	847
858	914
858	921
858	945
858	948
858	951
858	969
858	980
858	992
859	20
859	61
859	275
859	327
859	345
859	462
859	540
859	654
859	714
859	754
859	762
859	815
859	832
859	834
859	990
860	168
860	237
860	299
860	401
860	417
860	529
860	564
860	649
860	668
860	708
860	734
860	759
860	786
860	793
860	810
861	149
861	194
861	344
861	530
861	634
861	721
861	797
861	808
861	820
861	871
861	874
861	904
861	966
861	975
861	981
862	59
862	79
862	157
862	173
862	261
862	402
862	632
862	686
862	725
862	772
862	789
862	897
862	909
862	913
862	965
863	175
863	185
863	220
863	237
863	458
863	583
863	628
863	764
863	773
863	791
863	811
863	817
863	942
863	979
863	995
864	151
864	221
864	336
864	419
864	496
864	593
864	611
864	679
864	765
864	803
864	842
864	843
864	853
864	865
864	938
865	258
865	269
865	384
865	535
865	588
865	630
865	653
865	714
865	789
865	804
865	832
865	834
865	864
865	905
865	998
866	308
866	366
866	509
866	531
866	613
866	705
866	788
866	829
866	835
866	867
866	889
866	908
866	920
866	940
866	947
867	38
867	46
867	156
867	561
867	611
867	679
867	690
867	769
867	775
867	852
867	853
867	866
867	884
867	900
867	911
868	29
868	266
868	282
868	404
868	567
868	635
868	653
868	813
868	856
868	939
868	959
868	960
868	970
868	974
868	997
869	192
869	208
869	272
869	337
869	372
869	466
869	531
869	550
869	572
869	667
869	677
869	720
869	851
869	873
869	892
869	991
870	64
870	109
870	233
870	240
870	257
870	379
870	411
870	495
870	619
870	633
870	641
870	651
870	710
870	773
870	829
870	1000
871	18
871	298
871	396
871	397
871	505
871	533
871	555
871	583
871	663
871	736
871	765
871	861
871	950
871	951
871	969
871	992
872	78
872	203
872	283
872	287
872	479
872	560
872	584
872	776
872	798
872	851
872	876
872	895
872	919
872	928
872	993
872	994
873	58
873	78
873	91
873	117
873	299
873	326
873	348
873	560
873	584
873	626
873	674
873	798
873	869
873	928
873	932
873	982
874	88
874	186
874	271
874	374
874	669
874	675
874	745
874	766
874	837
874	839
874	861
874	877
874	918
874	953
874	966
874	981
875	75
875	199
875	223
875	338
875	509
875	544
875	635
875	636
875	702
875	878
875	880
875	888
875	899
875	923
875	947
875	979
876	281
876	359
876	440
876	452
876	453
876	492
876	512
876	662
876	674
876	784
876	798
876	872
876	919
876	928
876	993
876	995
877	128
877	180
877	192
877	405
877	478
877	557
877	570
877	612
877	753
877	755
877	874
877	883
877	958
877	964
877	967
877	996
878	52
878	151
878	192
878	322
878	452
878	572
878	684
878	773
878	849
878	851
878	875
878	879
878	892
878	943
878	958
878	991
879	272
879	293
879	360
879	375
879	425
879	491
879	531
879	550
879	572
879	631
879	684
879	738
879	768
879	878
879	892
879	991
880	27
880	178
880	199
880	235
880	338
880	425
880	496
880	562
880	687
880	802
880	827
880	854
880	875
880	923
880	977
880	979
881	5
881	125
881	265
881	292
881	506
881	524
881	566
881	603
881	631
881	808
881	846
881	886
881	924
881	941
881	980
881	995
882	54
882	94
882	298
882	462
882	505
882	537
882	663
882	681
882	701
882	734
882	761
882	945
882	948
882	950
882	955
882	992
883	8
883	362
883	472
883	501
883	557
883	593
883	612
883	679
883	753
883	841
883	877
883	907
883	920
883	946
883	961
883	967
884	69
884	97
884	251
884	309
884	336
884	367
884	416
884	476
884	514
884	593
884	680
884	765
884	803
884	867
884	911
884	957
885	120
885	148
885	160
885	527
885	599
885	747
885	779
885	789
885	847
885	855
885	901
885	910
885	925
885	934
885	968
885	994
886	4
886	12
886	48
886	114
886	132
886	157
886	292
886	431
886	671
886	839
886	846
886	881
886	924
886	934
886	941
886	995
887	84
887	141
887	202
887	213
887	234
887	288
887	344
887	385
887	526
887	620
887	784
887	811
887	944
887	988
887	993
887	996
888	286
888	290
888	330
888	338
888	384
888	429
888	471
888	601
888	635
888	691
888	802
888	875
888	920
888	923
888	973
888	979
889	320
889	509
889	522
889	613
889	637
889	714
889	765
889	788
889	829
889	835
889	866
889	896
889	912
889	920
889	940
889	956
890	3
890	73
890	187
890	267
890	414
890	640
890	649
890	668
890	728
890	759
890	833
890	842
890	899
890	913
890	951
890	991
891	198
891	200
891	263
891	295
891	438
891	494
891	555
891	719
891	781
891	822
891	824
891	827
891	844
891	852
891	893
891	916
891	949
892	8
892	167
892	192
892	382
892	388
892	531
892	563
892	720
892	738
892	816
892	849
892	869
892	878
892	879
892	930
892	943
892	972
893	140
893	386
893	462
893	504
893	511
893	553
893	569
893	585
893	678
893	785
893	788
893	792
893	856
893	891
893	902
893	952
893	980
894	239
894	338
894	342
894	380
894	398
894	483
894	540
894	590
894	712
894	721
894	722
894	729
894	767
894	786
894	790
894	857
894	985
895	80
895	268
895	356
895	470
895	489
895	527
895	558
895	715
895	783
895	823
895	857
895	872
895	901
895	929
895	952
895	978
895	993
896	25
896	33
896	107
896	166
896	199
896	208
896	281
896	501
896	507
896	637
896	788
896	829
896	835
896	889
896	912
896	963
896	985
897	28
897	79
897	184
897	261
897	324
897	376
897	422
897	484
897	502
897	632
897	725
897	744
897	772
897	789
897	834
897	862
897	909
898	10
898	47
898	423
898	438
898	448
898	532
898	538
898	576
898	595
898	719
898	756
898	778
898	822
898	827
898	829
898	844
898	965
899	37
899	73
899	109
899	243
899	368
899	538
899	564
899	575
899	590
899	670
899	699
899	728
899	833
899	842
899	875
899	890
899	902
900	364
900	401
900	442
900	498
900	519
900	565
900	621
900	639
900	654
900	659
900	663
900	666
900	741
900	748
900	867
900	902
900	903
901	120
901	212
901	231
901	303
901	352
901	516
901	597
901	689
901	764
901	800
901	855
901	885
901	895
901	912
901	934
901	973
901	994
902	253
902	317
902	490
902	587
902	604
902	608
902	680
902	681
902	695
902	713
902	717
902	782
902	785
902	893
902	899
902	900
902	972
903	16
903	17
903	403
903	456
903	474
903	479
903	519
903	621
903	639
903	654
903	659
903	697
903	718
903	741
903	748
903	842
903	900
903	940
904	85
904	186
904	271
904	364
904	412
904	427
904	459
904	463
904	471
904	530
904	710
904	757
904	797
904	831
904	861
904	953
904	966
904	981
905	111
905	167
905	219
905	384
905	465
905	535
905	572
905	630
905	652
905	659
905	714
905	801
905	830
905	832
905	834
905	865
905	906
905	998
906	59
906	115
906	287
906	310
906	458
906	573
906	583
906	598
906	628
906	764
906	791
906	811
906	812
906	817
906	905
906	917
906	942
906	985
907	205
907	262
907	387
907	410
907	515
907	552
907	669
907	672
907	781
907	821
907	826
907	845
907	883
907	915
907	925
907	958
907	987
907	997
908	35
908	129
908	196
908	382
908	423
908	443
908	460
908	467
908	493
908	641
908	692
908	766
908	775
908	805
908	866
908	922
908	973
908	999
909	6
909	59
909	79
909	128
909	248
909	274
909	324
909	332
909	349
909	422
909	484
909	632
909	649
909	719
909	789
909	826
909	862
909	897
910	24
910	188
910	225
910	293
910	333
910	393
910	447
910	508
910	513
910	582
910	597
910	689
910	704
910	779
910	885
910	933
910	990
910	994
911	97
911	170
911	397
911	419
911	430
911	496
911	561
911	587
911	611
911	690
911	750
911	775
911	803
911	849
911	852
911	867
911	884
911	980
912	130
912	208
912	329
912	475
912	503
912	509
912	535
912	550
912	673
912	788
912	829
912	889
912	896
912	901
912	920
912	930
912	940
912	947
913	121
913	238
913	305
913	361
913	363
913	369
913	500
913	578
913	637
913	704
913	812
913	838
913	862
913	890
913	927
913	933
913	971
913	983
914	147
914	185
914	246
914	247
914	301
914	340
914	628
914	642
914	732
914	791
914	799
914	811
914	817
914	854
914	858
914	927
914	942
914	944
915	3
915	44
915	99
915	406
915	414
915	418
915	455
915	495
915	529
915	618
915	649
915	708
915	759
915	793
915	826
915	833
915	846
915	907
916	37
916	131
916	163
916	282
916	306
916	448
916	497
916	555
916	606
916	639
916	661
916	714
916	721
916	770
916	824
916	891
916	937
916	965
917	65
917	89
917	351
917	453
917	461
917	483
917	500
917	522
917	707
917	777
917	821
917	831
917	906
917	935
917	961
917	962
917	968
917	996
918	194
918	338
918	475
918	530
918	611
918	624
918	668
918	757
918	797
918	811
918	820
918	874
918	919
918	953
918	966
918	975
918	981
918	989
919	116
919	174
919	227
919	281
919	283
919	348
919	451
919	528
919	553
919	605
919	626
919	798
919	872
919	876
919	918
919	926
919	928
919	993
920	229
920	238
920	320
920	372
920	394
920	503
920	507
920	613
920	673
920	772
920	835
920	866
920	883
920	888
920	889
920	912
920	926
920	930
921	7
921	9
921	94
921	244
921	457
921	505
921	533
921	598
921	619
921	662
921	681
921	682
921	683
921	727
921	761
921	858
921	969
921	992
922	63
922	76
922	93
922	134
922	136
922	152
922	443
922	447
922	460
922	646
922	655
922	692
922	766
922	796
922	908
922	929
922	961
922	999
923	27
923	178
923	378
923	425
923	471
923	494
923	544
923	562
923	636
923	689
923	702
923	706
923	802
923	854
923	875
923	880
923	888
923	927
923	981
924	4
924	265
924	368
924	506
924	524
924	593
924	603
924	631
924	671
924	748
924	779
924	808
924	846
924	881
924	886
924	933
924	941
924	991
924	995
925	49
925	67
925	77
925	387
925	402
925	410
925	490
925	515
925	543
925	547
925	552
925	669
925	687
925	845
925	856
925	885
925	907
925	930
925	987
926	19
926	36
926	225
926	233
926	249
926	314
926	468
926	645
926	651
926	660
926	676
926	710
926	717
926	749
926	850
926	919
926	920
926	957
926	1000
927	29
927	68
927	118
927	121
927	122
927	210
927	296
927	369
927	441
927	510
927	559
927	643
927	708
927	751
927	843
927	913
927	914
927	923
927	933
928	178
928	203
928	299
928	332
928	341
928	359
928	440
928	528
928	626
928	658
928	774
928	798
928	802
928	872
928	873
928	876
928	919
928	962
928	993
929	32
929	88
929	206
929	297
929	341
929	454
929	457
929	534
929	558
929	609
929	644
929	678
929	715
929	895
929	922
929	944
929	952
929	958
929	978
930	130
930	166
930	183
930	229
930	263
930	308
930	492
930	507
930	509
930	590
930	613
930	749
930	829
930	892
930	912
930	920
930	925
930	940
930	947
931	141
931	147
931	246
931	321
931	334
931	405
931	421
931	501
931	541
931	570
931	588
931	617
931	703
931	753
931	795
931	841
931	961
931	967
931	971
932	15
932	40
932	53
932	74
932	80
932	113
932	124
932	161
932	306
932	346
932	571
932	573
932	740
932	795
932	828
932	830
932	873
932	957
932	977
933	68
933	71
933	369
933	439
933	456
933	458
933	510
933	604
933	723
933	778
933	806
933	812
933	838
933	910
933	913
933	924
933	927
933	971
933	983
934	101
934	148
934	200
934	237
934	477
934	597
934	689
934	694
934	698
934	735
934	739
934	747
934	800
934	847
934	885
934	886
934	901
934	940
934	955
934	994
935	34
935	58
935	65
935	89
935	169
935	241
935	392
935	437
935	487
935	565
935	586
935	746
935	777
935	797
935	818
935	820
935	853
935	917
935	937
935	947
936	57
936	294
936	370
936	378
936	389
936	436
936	505
936	548
936	568
936	609
936	625
936	631
936	642
936	688
936	698
936	726
936	742
936	763
936	940
936	974
937	22
937	47
937	75
937	146
937	295
937	306
937	595
937	704
937	713
937	719
937	771
937	778
937	787
937	824
937	829
937	844
937	916
937	935
937	965
937	1000
938	15
938	87
938	125
938	151
938	170
938	251
938	304
938	369
938	416
938	496
938	611
938	637
938	645
938	690
938	750
938	803
938	852
938	853
938	864
938	974
939	118
939	148
939	218
939	275
939	282
939	429
939	523
939	525
939	685
939	814
939	816
939	836
939	868
939	940
939	945
939	954
939	959
939	960
939	970
939	997
940	25
940	130
940	169
940	208
940	263
940	372
940	673
940	788
940	829
940	833
940	835
940	866
940	889
940	903
940	912
940	930
940	934
940	936
940	939
940	947
941	4
941	105
941	114
941	201
941	292
941	329
941	431
941	506
941	587
941	603
941	610
941	631
941	747
941	846
941	881
941	886
941	924
941	989
941	995
941	999
942	72
942	138
942	212
942	220
942	287
942	310
942	340
942	381
942	413
942	484
942	642
942	720
942	734
942	791
942	836
942	863
942	906
942	914
942	948
942	958
943	8
943	64
943	167
943	321
943	337
943	433
943	445
943	491
943	531
943	554
943	557
943	563
943	684
943	738
943	848
943	849
943	851
943	878
943	892
943	991
944	22
944	202
944	296
944	385
944	390
944	526
944	541
944	629
944	724
944	756
944	780
944	784
944	797
944	825
944	887
944	914
944	929
944	956
944	984
944	988
944	996
945	113
945	181
945	314
945	431
945	450
945	533
945	610
945	616
945	681
945	683
945	686
945	701
945	705
945	858
945	882
945	939
945	948
945	950
945	951
945	969
945	992
946	180
946	193
946	238
946	273
946	321
946	420
946	421
946	427
946	472
946	478
946	493
946	501
946	532
946	617
946	677
946	703
946	755
946	883
946	961
946	967
946	979
947	33
947	130
947	229
947	313
947	366
947	372
947	613
947	637
947	673
947	709
947	788
947	791
947	835
947	866
947	875
947	912
947	930
947	935
947	940
947	957
947	969
948	94
948	160
948	244
948	272
948	392
948	448
948	449
948	503
948	663
948	681
948	683
948	705
948	751
948	761
948	858
948	882
948	942
948	945
948	950
948	951
948	969
949	2
949	19
949	44
949	67
949	165
949	357
949	370
949	378
949	389
949	400
949	509
949	577
949	625
949	688
949	742
949	770
949	806
949	891
949	974
949	988
949	1000
950	9
950	244
950	317
950	415
950	450
950	505
950	616
950	667
950	681
950	705
950	727
950	742
950	751
950	761
950	774
950	871
950	882
950	945
950	948
950	954
950	992
951	7
951	66
951	85
951	371
951	396
951	476
951	527
951	552
951	616
951	681
951	701
951	705
951	727
951	751
951	761
951	858
951	871
951	890
951	945
951	948
951	992
952	51
952	232
952	270
952	341
952	356
952	454
952	455
952	457
952	608
952	609
952	613
952	623
952	683
952	715
952	783
952	823
952	841
952	893
952	895
952	929
952	958
953	85
953	88
953	474
953	592
953	624
953	648
953	697
953	698
953	757
953	797
953	818
953	820
953	839
953	874
953	904
953	918
953	960
953	966
953	975
953	981
953	989
954	76
954	218
954	264
954	268
954	309
954	331
954	347
954	394
954	429
954	432
954	643
954	660
954	716
954	771
954	805
954	813
954	939
954	950
954	960
954	970
954	997
955	63
955	114
955	212
955	227
955	293
955	457
955	459
955	508
955	516
955	575
955	599
955	603
955	725
955	735
955	779
955	787
955	800
955	847
955	882
955	934
955	994
956	23
956	88
956	202
956	207
956	213
956	390
956	395
956	454
956	512
956	533
956	620
956	724
956	730
956	756
956	780
956	784
956	827
956	889
956	944
956	988
956	996
957	112
957	119
957	249
957	259
957	332
957	403
957	411
957	467
957	468
957	615
957	619
957	651
957	676
957	708
957	749
957	754
957	884
957	926
957	932
957	947
957	1000
958	206
958	267
958	281
958	457
958	470
958	489
958	527
958	558
958	596
958	623
958	644
958	647
958	715
958	783
958	877
958	878
958	907
958	929
958	942
958	952
958	978
959	90
959	189
959	218
959	269
959	355
959	378
959	429
959	569
959	643
959	652
959	660
959	668
959	685
959	731
959	752
959	868
959	939
959	960
959	970
959	976
959	997
960	190
960	275
960	282
960	331
960	339
960	404
960	567
960	592
960	621
960	623
960	650
960	685
960	752
960	765
960	868
960	939
960	953
960	954
960	959
960	992
960	997
960	999
961	128
961	147
961	162
961	216
961	238
961	273
961	334
961	413
961	501
961	520
961	557
961	622
961	753
961	755
961	757
961	883
961	917
961	922
961	931
961	946
961	967
961	977
962	1
962	108
962	123
962	327
962	330
962	388
962	407
962	415
962	463
962	469
962	479
962	494
962	542
962	580
962	589
962	600
962	693
962	709
962	845
962	917
962	928
962	967
963	21
963	54
963	56
963	113
963	182
963	222
963	228
963	230
963	502
963	572
963	648
963	711
963	712
963	716
963	718
963	760
963	848
963	896
963	964
963	967
963	968
963	982
964	21
964	182
964	197
964	234
964	302
964	304
964	397
964	420
964	520
964	534
964	541
964	554
964	654
964	655
964	718
964	733
964	758
964	877
964	963
964	966
964	976
964	982
965	22
965	37
965	68
965	118
965	235
965	265
965	295
965	494
965	498
965	634
965	661
965	692
965	719
965	770
965	781
965	822
965	827
965	844
965	862
965	898
965	916
965	937
966	5
966	41
966	81
966	289
966	359
966	407
966	459
966	487
966	624
966	675
966	745
966	757
966	839
966	861
966	874
966	904
966	918
966	953
966	964
966	975
966	981
966	989
967	6
967	273
967	405
967	421
967	430
967	472
967	478
967	557
967	570
967	622
967	753
967	761
967	819
967	841
967	852
967	877
967	883
967	931
967	946
967	961
967	962
967	963
967	998
968	65
968	89
968	145
968	168
968	262
968	393
968	404
968	437
968	451
968	468
968	487
968	500
968	581
968	707
968	724
968	737
968	818
968	831
968	840
968	885
968	917
968	963
968	986
969	9
969	39
969	154
969	160
969	242
969	246
969	361
969	505
969	549
969	616
969	683
969	696
969	705
969	727
969	751
969	753
969	769
969	858
969	871
969	921
969	945
969	947
969	948
970	90
970	189
970	268
970	273
970	334
970	339
970	371
970	404
970	511
970	525
970	567
970	650
970	731
970	752
970	813
970	816
970	832
970	854
970	868
970	939
970	954
970	959
970	981
971	121
971	227
971	257
971	276
971	296
971	361
971	363
971	391
971	399
971	439
971	510
971	511
971	518
971	524
971	559
971	723
971	802
971	840
971	913
971	931
971	933
971	975
971	983
972	66
972	102
972	137
972	253
972	256
972	296
972	371
972	409
972	443
972	536
972	585
972	606
972	607
972	651
972	667
972	782
972	785
972	843
972	856
972	892
972	902
972	974
972	979
973	63
973	67
973	152
973	191
973	195
973	196
973	217
973	247
973	325
973	382
973	460
973	493
973	566
973	641
973	646
973	685
973	766
973	796
973	805
973	888
973	901
973	908
973	999
974	2
974	19
974	57
974	149
974	174
974	294
974	358
974	370
974	389
974	436
974	492
974	544
974	568
974	577
974	625
974	684
974	688
974	698
974	868
974	936
974	938
974	949
974	972
975	149
975	254
975	323
975	374
975	427
975	459
975	581
975	624
975	675
975	686
975	745
975	757
975	763
975	782
975	820
975	861
975	918
975	953
975	966
975	971
975	981
975	986
975	989
976	55
976	89
976	132
976	144
976	159
976	270
976	343
976	435
976	449
976	496
976	499
976	520
976	648
976	656
976	665
976	682
976	683
976	711
976	718
976	736
976	758
976	959
976	964
977	12
977	28
977	40
977	41
977	53
977	74
977	161
977	164
977	319
977	331
977	346
977	377
977	379
977	559
977	571
977	740
977	795
977	828
977	846
977	880
977	932
977	961
977	983
978	32
978	80
978	232
978	266
978	278
978	297
978	341
978	356
978	455
978	457
978	489
978	596
978	609
978	643
978	644
978	715
978	724
978	735
978	823
978	856
978	895
978	929
978	958
979	70
979	102
979	178
979	223
979	225
979	338
979	471
979	544
979	615
979	635
979	636
979	691
979	702
979	737
979	802
979	853
979	854
979	863
979	875
979	880
979	888
979	946
979	972
980	11
980	86
980	171
980	231
980	247
980	318
980	319
980	371
980	481
980	488
980	553
980	569
980	587
980	604
980	607
980	608
980	615
980	686
980	695
980	792
980	858
980	881
980	893
980	911
981	74
981	323
981	427
981	459
981	475
981	522
981	530
981	557
981	653
981	675
981	797
981	820
981	839
981	861
981	874
981	904
981	918
981	923
981	953
981	966
981	970
981	975
981	982
981	989
982	159
982	162
982	182
982	222
982	234
982	236
982	270
982	357
982	383
982	520
982	554
982	655
982	656
982	711
982	718
982	758
982	873
982	963
982	964
982	981
982	988
982	989
982	992
982	994
983	29
983	68
983	72
983	121
983	122
983	175
983	257
983	276
983	296
983	387
983	391
983	438
983	510
983	518
983	559
983	578
983	615
983	723
983	838
983	913
983	933
983	971
983	977
983	987
984	81
984	109
984	141
984	168
984	237
984	360
984	385
984	406
984	491
984	495
984	497
984	529
984	538
984	574
984	590
984	640
984	663
984	668
984	696
984	699
984	728
984	776
984	793
984	944
985	10
985	25
985	31
985	133
985	161
985	177
985	204
985	250
985	305
985	342
985	380
985	454
985	571
985	592
985	634
985	659
985	712
985	790
985	794
985	837
985	857
985	894
985	896
985	906
986	107
986	145
986	166
986	214
986	260
986	351
986	375
986	449
986	474
986	517
986	522
986	545
986	593
986	617
986	664
986	685
986	737
986	746
986	754
986	818
986	840
986	968
986	975
986	991
987	49
987	69
987	77
987	85
987	91
987	205
987	362
987	387
987	410
987	515
987	534
987	547
987	552
987	606
987	672
987	687
987	723
987	821
987	826
987	845
987	907
987	925
987	983
987	999
988	84
988	207
988	258
988	353
988	358
988	395
988	435
988	512
988	514
988	526
988	629
988	644
988	706
988	730
988	756
988	780
988	825
988	887
988	944
988	949
988	956
988	982
988	991
988	996
989	88
989	183
989	186
989	229
989	271
989	323
989	412
989	427
989	442
989	499
989	530
989	579
989	679
989	745
989	797
989	820
989	839
989	918
989	941
989	953
989	966
989	975
989	981
989	982
990	60
990	197
990	219
990	276
990	292
990	317
990	386
990	465
990	484
990	513
990	516
990	517
990	602
990	652
990	653
990	664
990	714
990	759
990	762
990	769
990	801
990	832
990	859
990	910
991	52
991	102
991	167
991	193
991	272
991	322
991	360
991	466
991	491
991	563
991	572
991	684
991	720
991	812
991	849
991	851
991	869
991	878
991	879
991	890
991	924
991	943
991	986
991	988
991	995
992	9
992	43
992	49
992	154
992	160
992	298
992	396
992	397
992	616
992	636
992	652
992	683
992	701
992	705
992	736
992	768
992	858
992	871
992	882
992	921
992	945
992	950
992	951
992	960
992	982
993	40
993	91
993	116
993	129
993	281
993	283
993	299
993	359
993	418
993	440
993	514
993	584
993	626
993	662
993	674
993	769
993	774
993	776
993	779
993	872
993	876
993	887
993	895
993	919
993	928
994	106
994	227
994	303
994	475
994	480
994	508
994	597
994	650
994	689
994	694
994	697
994	699
994	739
994	747
994	787
994	800
994	847
994	872
994	885
994	901
994	910
994	934
994	955
994	982
994	996
995	4
995	48
995	114
995	190
995	201
995	265
995	329
995	506
995	524
995	603
995	631
995	670
995	671
995	676
995	733
995	808
995	825
995	846
995	863
995	876
995	881
995	886
995	924
995	941
995	991
996	182
996	213
996	258
996	264
996	353
996	358
996	395
996	512
996	517
996	541
996	543
996	591
996	620
996	629
996	707
996	724
996	780
996	825
996	877
996	887
996	917
996	944
996	956
996	988
996	994
997	98
997	190
997	218
997	266
997	275
997	384
997	399
997	416
997	525
997	560
997	607
997	643
997	650
997	660
997	731
997	807
997	814
997	815
997	816
997	868
997	907
997	939
997	954
997	959
997	960
998	20
998	43
998	60
998	176
998	209
998	271
998	384
998	408
998	465
998	469
998	513
998	523
998	594
998	602
998	630
998	658
998	664
998	769
998	801
998	804
998	828
998	834
998	865
998	905
998	967
999	33
999	46
999	54
999	63
999	93
999	196
999	199
999	217
999	291
999	328
999	347
999	382
999	493
999	641
999	646
999	692
999	766
999	805
999	817
999	908
999	922
999	941
999	960
999	973
999	987
1000	36
1000	42
1000	55
1000	62
1000	64
1000	155
1000	261
1000	300
1000	310
1000	314
1000	332
1000	379
1000	442
1000	467
1000	633
1000	641
1000	676
1000	677
1000	710
1000	773
1000	870
1000	926
1000	937
1000	949
1000	957
