1 , 3   0.75

1 , 19  0.5

1 , 20  1.0

1 , 25  0.75

2 , 11  0.0

2 , 15  1.0

2 , 18  1.0

2 , 21  0.75

3 , 11  0.6875

3 , 19  0.25

3 , 26  0.6875

4 , 12  0.75

4 , 19  0.25

4 , 25  0.5

4 , 26  0.75

5 , 14  0.5

5 , 22  0.25

5 , 28  0.1875

5 , 30  0.75

6 , 18  1.0

6 , 21  0.75

6 , 27  0.6875

6 , 29  0.75

7 , 15  0.5

7 , 26  0.0

7 , 27  0.5

7 , 29  0.25

8 , 9   0.0

8 , 17  0.75

8 , 28  0.4375

8 , 30  1.0

9 , 21  0.5

9 , 27  0.4583333333333333

9 , 29  0.75

10 , 17 0.5

10 , 22 0.5

10 , 23 0.75

10 , 30 0.75

11 , 12 1.0

11 , 26 1.0

12 , 13 0.25

12 , 26 1.0

13 , 19 0.0

13 , 20 0.1875

13 , 25 0.0

14 , 16 0.0

14 , 22 0.25

14 , 24 0.75

14 , 28 0.4375

15 , 21 0.75

15 , 27 0.6875

15 , 29 0.75

16 , 18 0.5

16 , 21 0.5

16 , 27 0.25

16 , 29 0.25

17 , 23 0.75

17 , 24 0.75

17 , 30 0.75

18 , 21 0.75

18 , 25 0.0

19 , 25 0.5

20 , 25 0.75

20 , 26 1.0

20 , 29 0.0

22 , 23 0.5

22 , 28 0.25

22 , 30 0.5

23 , 24 1.0

23 , 28 0.4375

23 , 30 1.0

24 , 27 0.0

24 , 28 0.4375

24 , 30 1.0

25 , 26 0.6875

27 , 29 0.5

28 , 30 0.5