1	376
1	951
1	967
1	971
1	991
2	602
2	765
2	977
2	988
2	997
3	397
3	603
3	853
3	956
3	961
4	427
4	528
4	915
4	993
4	998
5	458
5	588
5	873
5	876
5	923
6	104
6	437
6	650
6	782
6	916
7	539
7	562
7	718
7	903
7	996
8	317
8	339
8	747
8	945
8	994
9	156
9	678
9	679
9	933
9	980
10	446
10	487
10	638
10	950
10	953
11	184
11	608
11	739
11	836
11	961
12	123
12	138
12	467
12	479
12	622
13	444
13	512
13	642
13	882
13	921
14	65
14	528
14	658
14	901
14	973
15	450
15	475
15	532
15	612
15	741
16	563
16	676
16	963
16	964
16	991
17	82
17	321
17	836
17	905
17	986
18	670
18	688
18	700
18	908
18	982
19	332
19	709
19	753
19	895
19	969
20	22
20	450
20	679
20	696
20	974
21	218
21	443
21	446
21	665
21	779
22	20
22	282
22	307
22	819
22	868
23	151
23	522
23	767
23	809
23	876
24	52
24	493
24	759
24	926
24	949
25	535
25	613
25	771
25	920
25	987
26	101
26	168
26	665
26	669
26	998
27	70
27	101
27	230
27	734
27	912
28	239
28	624
28	710
28	932
28	951
29	670
29	722
29	833
29	928
29	968
30	329
30	394
30	655
30	839
30	899
31	505
31	585
31	640
31	765
31	947
32	283
32	322
32	437
32	824
32	998
33	117
33	832
33	920
33	937
33	975
34	143
34	744
34	828
34	831
34	932
35	658
35	804
35	905
35	970
35	985
36	61
36	193
36	812
36	889
36	971
37	342
37	526
37	770
37	900
37	904
38	231
38	371
38	590
38	739
38	787
39	300
39	396
39	435
39	548
39	986
40	450
40	490
40	644
40	717
40	965
41	252
41	415
41	483
41	655
41	926
42	851
42	892
42	921
42	958
42	980
43	344
43	601
43	785
43	803
43	899
44	492
44	677
44	702
44	830
44	974
45	221
45	553
45	715
45	833
45	966
46	74
46	462
46	535
46	629
46	684
47	242
47	556
47	631
47	857
47	957
48	442
48	911
48	960
48	973
48	977
49	419
49	579
49	964
49	995
49	1000
50	491
50	588
50	905
50	911
50	1000
51	273
51	321
51	591
51	878
51	879
52	24
52	408
52	605
52	933
52	971
53	77
53	669
53	904
53	950
53	954
54	668
54	704
54	850
54	903
54	997
55	298
55	481
55	668
55	821
55	947
56	125
56	658
56	680
56	796
56	898
57	98
57	105
57	605
57	696
57	992
58	223
58	287
58	366
58	436
58	691
59	165
59	315
59	726
59	945
59	988
60	218
60	349
60	659
60	795
60	811
61	36
61	299
61	322
61	768
61	993
62	524
62	746
62	933
62	953
62	962
63	191
63	366
63	676
63	709
63	873
64	188
64	276
64	592
64	837
64	981
65	14
65	84
65	224
65	570
65	728
66	256
66	397
66	874
66	883
66	936
67	695
67	696
67	719
67	864
67	958
68	245
68	784
68	793
68	930
68	971
69	637
69	725
69	799
69	834
69	992
70	27
70	383
70	452
70	630
70	862
71	695
71	701
71	816
71	852
71	853
72	156
72	638
72	733
72	899
72	968
73	266
73	601
73	691
73	829
73	858
74	46
74	321
74	564
74	901
74	980
75	330
75	455
75	460
75	527
75	764
76	576
76	687
76	863
76	881
76	929
77	53
77	540
77	690
77	855
77	903
78	152
78	344
78	466
78	525
78	638
79	94
79	226
79	246
79	501
79	986
80	446
80	621
80	789
80	827
80	999
81	333
81	646
81	951
81	952
81	962
82	17
82	461
82	587
82	697
82	795
83	522
83	828
83	951
83	994
83	997
84	65
84	420
84	833
84	931
84	1000
85	231
85	610
85	618
85	758
85	996
86	282
86	359
86	821
86	923
86	992
87	189
87	280
87	376
87	764
87	915
88	619
88	672
88	848
88	878
88	986
89	157
89	806
89	837
89	930
89	936
90	206
90	754
90	863
90	921
90	924
91	506
91	534
91	595
91	651
91	824
92	301
92	540
92	711
92	918
92	987
93	148
93	310
93	370
93	626
93	871
94	79
94	167
94	187
94	958
94	987
95	165
95	629
95	777
95	926
95	1000
96	820
96	854
96	903
96	916
96	966
97	724
97	840
97	847
97	895
97	947
98	57
98	278
98	858
98	918
98	990
99	176
99	498
99	580
99	880
99	947
100	122
100	208
100	495
100	570
100	930
101	26
101	27
101	485
101	963
101	1000
102	397
102	413
102	703
102	835
102	894
103	125
103	334
103	607
103	786
103	848
104	6
104	318
104	763
104	818
104	939
105	57
105	534
105	697
105	794
105	977
106	275
106	456
106	664
106	906
106	910
107	515
107	589
107	728
107	742
107	773
108	522
108	795
108	797
108	836
108	982
109	286
109	308
109	685
109	871
109	959
110	196
110	541
110	785
110	823
110	994
111	170
111	332
111	756
111	802
111	971
112	360
112	722
112	892
112	947
112	967
113	271
113	373
113	588
113	623
113	986
114	322
114	359
114	423
114	780
114	867
115	167
115	828
115	840
115	946
115	963
116	569
116	786
116	846
116	868
116	946
117	33
117	169
117	253
117	336
117	992
118	331
118	352
118	596
118	970
118	975
119	414
119	440
119	494
119	963
119	976
120	240
120	303
120	312
120	936
120	970
121	416
121	437
121	884
121	934
121	984
122	100
122	280
122	820
122	861
122	938
123	12
123	199
123	427
123	432
123	953
124	404
124	822
124	835
124	935
124	985
125	56
125	103
125	426
125	664
125	764
126	214
126	756
126	901
126	909
126	918
127	648
127	929
127	934
127	940
127	949
128	149
128	601
128	771
128	848
128	952
129	258
129	531
129	654
129	657
129	952
130	872
130	908
130	937
130	943
130	998
131	438
131	468
131	750
131	764
131	842
132	253
132	639
132	676
132	701
132	887
133	650
133	652
133	790
133	813
133	987
134	466
134	675
134	841
134	864
134	962
135	577
135	611
135	692
135	708
135	888
136	435
136	509
136	620
136	657
136	752
137	574
137	902
137	924
137	954
137	958
138	12
138	743
138	944
138	953
138	983
139	494
139	538
139	685
139	698
139	941
140	442
140	707
140	734
140	741
140	935
141	421
141	622
141	759
141	964
141	976
142	147
142	286
142	575
142	862
142	970
143	34
143	469
143	613
143	787
143	846
144	744
144	798
144	874
144	880
144	894
145	175
145	412
145	558
145	935
145	961
146	301
146	433
146	717
146	812
146	831
147	142
147	527
147	757
147	852
147	951
148	93
148	359
148	753
148	860
148	883
149	128
149	635
149	695
149	806
149	968
150	153
150	269
150	393
150	949
150	995
151	23
151	914
151	985
151	988
151	989
152	78
152	417
152	839
152	847
152	900
153	150
153	545
153	784
153	928
153	999
154	627
154	932
154	944
154	974
154	995
155	156
155	592
155	706
155	994
155	998
156	9
156	72
156	155
156	852
156	983
157	89
157	527
157	752
157	929
157	966
158	295
158	546
158	770
158	853
158	1000
159	591
159	723
159	758
159	873
159	936
160	440
160	479
160	512
160	870
160	890
161	726
161	898
161	939
161	958
161	992
162	262
162	380
162	557
162	864
162	866
163	633
163	715
163	915
163	939
163	950
164	502
164	539
164	566
164	690
164	762
165	59
165	95
165	189
165	420
165	649
166	284
166	688
166	882
166	954
166	969
167	94
167	115
167	487
167	982
167	993
168	26
168	289
168	421
168	649
168	997
169	117
169	516
169	650
169	745
169	869
170	111
170	404
170	455
170	879
170	996
171	535
171	794
171	820
171	859
171	1000
172	410
172	732
172	942
172	970
172	976
173	184
173	417
173	614
173	928
173	968
174	368
174	756
174	772
174	780
174	911
175	145
175	276
175	576
175	811
175	973
176	99
176	226
176	267
176	269
176	808
177	186
177	274
177	636
177	688
177	822
178	238
178	349
178	819
178	877
178	947
179	454
179	621
179	748
179	889
179	932
180	488
180	628
180	862
180	922
180	935
181	193
181	317
181	485
181	645
181	875
182	565
182	853
182	934
182	956
182	982
183	260
183	583
183	663
183	685
183	753
184	11
184	173
184	268
184	482
184	995
185	706
185	842
185	912
185	913
185	995
186	177
186	284
186	847
186	925
186	972
187	94
187	398
187	850
187	919
187	976
188	64
188	268
188	612
188	679
188	891
189	87
189	165
189	501
189	525
189	966
190	223
190	907
190	916
190	972
190	991
191	63
191	327
191	547
191	641
191	896
192	415
192	706
192	815
192	846
192	970
193	36
193	181
193	561
193	792
193	886
194	670
194	772
194	797
194	821
194	948
195	518
195	701
195	948
195	979
195	991
196	110
196	724
196	957
196	977
196	986
197	464
197	707
197	708
197	883
197	887
198	582
198	692
198	760
198	794
198	937
199	123
199	688
199	807
199	943
199	960
200	682
200	723
200	827
200	837
200	960
201	203
201	248
201	917
201	959
201	994
202	684
202	852
202	854
202	913
202	981
203	201
203	639
203	705
203	767
203	996
204	330
204	751
204	791
204	903
204	949
205	276
205	588
205	755
205	794
205	875
206	90
206	314
206	941
206	961
206	962
207	744
207	913
207	943
207	959
207	991
208	100
208	305
208	307
208	881
208	988
209	234
209	580
209	754
209	944
209	973
210	496
210	692
210	780
210	978
210	994
211	291
211	421
211	898
211	954
211	973
212	529
212	602
212	738
212	821
212	969
213	340
213	539
213	941
213	977
213	997
214	126
214	243
214	436
214	535
214	705
215	585
215	856
215	943
215	963
215	966
216	344
216	358
216	516
216	866
216	993
217	236
217	589
217	839
217	949
217	957
218	21
218	60
218	749
218	782
218	838
219	541
219	777
219	882
219	924
219	976
220	302
220	354
220	733
220	808
220	895
221	45
221	665
221	744
221	759
221	828
222	231
222	787
222	797
222	881
222	889
223	58
223	190
223	274
223	687
223	979
224	65
224	374
224	735
224	942
224	987
225	675
225	862
225	874
225	934
225	987
226	79
226	176
226	704
226	908
226	942
227	233
227	556
227	638
227	861
227	958
228	259
228	627
228	704
228	729
228	878
228	987
229	259
229	431
229	570
229	700
229	709
229	894
230	27
230	364
230	550
230	806
230	880
230	934
231	38
231	85
231	222
231	645
231	796
231	835
232	715
232	791
232	794
232	872
232	887
232	981
233	227
233	753
233	876
233	911
233	943
233	960
234	209
234	254
234	614
234	632
234	866
234	941
235	345
235	594
235	781
235	806
235	830
235	982
236	217
236	690
236	742
236	797
236	862
236	998
237	441
237	572
237	839
237	867
237	885
237	938
238	178
238	340
238	554
238	624
238	707
238	773
239	28
239	745
239	840
239	885
239	976
239	999
240	120
240	610
240	651
240	723
240	803
240	832
241	607
241	750
241	813
241	833
241	952
241	990
242	47
242	281
242	821
242	823
242	922
242	962
243	214
243	251
243	305
243	673
243	779
243	960
244	613
244	690
244	711
244	764
244	820
244	892
245	68
245	859
245	863
245	884
245	886
245	937
246	79
246	514
246	707
246	720
246	935
246	990
247	351
247	482
247	494
247	632
247	845
247	990
248	201
248	312
248	806
248	861
248	865
248	953
249	423
249	425
249	609
249	639
249	696
249	972
250	302
250	392
250	774
250	781
250	874
250	948
251	243
251	544
251	547
251	671
251	693
251	984
252	41
252	545
252	700
252	836
252	888
252	989
253	117
253	132
253	603
253	791
253	797
253	873
254	234
254	282
254	339
254	769
254	792
254	860
255	266
255	759
255	859
255	895
255	927
255	960
256	66
256	273
256	391
256	556
256	812
256	998
257	349
257	695
257	827
257	832
257	943
257	984
258	129
258	751
258	803
258	913
258	936
258	953
259	228
259	229
259	772
259	781
259	845
259	929
260	183
260	585
260	660
260	899
260	903
260	960
261	798
261	813
261	898
261	930
261	982
261	988
262	162
262	455
262	673
262	874
262	913
262	972
263	672
263	749
263	869
263	890
263	902
263	997
264	277
264	362
264	456
264	591
264	862
264	896
265	267
265	703
265	904
265	906
265	918
265	983
266	73
266	255
266	272
266	763
266	982
266	996
267	176
267	265
267	285
267	688
267	722
267	875
268	184
268	188
268	380
268	565
268	903
268	955
269	150
269	176
269	487
269	550
269	730
269	800
270	325
270	675
270	789
270	823
270	889
270	908
271	113
271	400
271	543
271	892
271	958
271	991
272	266
272	631
272	729
272	782
272	959
272	965
273	51
273	256
273	489
273	673
273	730
273	901
274	177
274	223
274	428
274	804
274	900
274	943
275	106
275	704
275	789
275	852
275	871
275	967
276	64
276	175
276	205
276	319
276	944
276	998
277	264
277	292
277	523
277	792
277	957
277	971
278	98
278	517
278	551
278	581
278	953
278	957
279	530
279	597
279	791
279	811
279	831
279	1000
280	87
280	122
280	455
280	757
280	825
280	990
281	242
281	802
281	864
281	867
281	868
281	939
282	22
282	86
282	254
282	516
282	805
282	1000
283	32
283	584
283	832
283	921
283	930
283	932
284	166
284	186
284	727
284	867
284	921
284	990
285	267
285	696
285	791
285	806
285	871
285	974
286	109
286	142
286	715
286	827
286	880
286	926
287	58
287	322
287	678
287	703
287	706
287	782
288	293
288	490
288	912
288	913
288	962
288	985
289	168
289	663
289	763
289	867
289	875
289	905
290	621
290	745
290	776
290	849
290	944
290	990
291	211
291	767
291	813
291	866
291	895
291	975
292	277
292	631
292	683
292	865
292	897
292	919
293	288
293	370
293	447
293	497
293	713
293	805
294	531
294	821
294	899
294	942
294	968
294	996
295	158
295	458
295	660
295	741
295	879
295	916
296	543
296	680
296	800
296	893
296	902
296	994
297	385
297	412
297	428
297	619
297	743
297	843
298	55
298	370
298	463
298	521
298	642
298	827
299	61
299	571
299	673
299	723
299	773
299	915
300	39
300	512
300	593
300	684
300	832
300	986
301	92
301	146
301	337
301	558
301	829
301	980
302	220
302	250
302	449
302	705
302	796
302	986
303	120
303	310
303	513
303	881
303	902
303	931
304	310
304	598
304	681
304	777
304	942
304	957
305	208
305	243
305	472
305	897
305	944
305	959
306	309
306	443
306	456
306	641
306	819
306	868
307	22
307	208
307	339
307	445
307	767
307	988
308	109
308	533
308	719
308	841
308	914
308	948
309	306
309	337
309	338
309	401
309	442
309	973
310	93
310	303
310	304
310	687
310	860
310	944
311	464
311	480
311	494
311	562
311	583
311	989
312	120
312	248
312	550
312	673
312	830
312	996
313	447
313	557
313	600
313	699
313	736
313	796
314	206
314	744
314	857
314	919
314	921
314	984
315	59
315	510
315	887
315	905
315	960
315	978
316	555
316	596
316	611
316	653
316	879
316	997
317	8
317	181
317	396
317	454
317	702
317	791
318	104
318	556
318	615
318	827
318	847
318	897
319	276
319	323
319	346
319	586
319	689
319	770
320	378
320	530
320	571
320	732
320	933
320	969
321	17
321	51
321	74
321	944
321	972
321	974
322	32
322	61
322	114
322	287
322	577
322	972
323	319
323	524
323	686
323	813
323	946
323	947
324	477
324	479
324	504
324	746
324	882
324	916
325	270
325	659
325	683
325	698
325	824
325	865
326	476
326	642
326	701
326	732
326	859
326	906
327	191
327	377
327	406
327	543
327	591
327	993
328	560
328	704
328	788
328	890
328	963
328	997
329	30
329	428
329	538
329	612
329	973
329	984
330	75
330	204
330	346
330	759
330	925
330	981
331	118
331	382
331	880
331	961
331	986
331	995
332	19
332	111
332	566
332	691
332	781
332	786
333	81
333	365
333	376
333	776
333	905
333	970
334	103
334	398
334	683
334	713
334	806
334	988
335	434
335	636
335	680
335	742
335	879
335	976
336	117
336	452
336	705
336	825
336	871
336	921
337	301
337	309
337	546
337	592
337	955
337	987
338	309
338	439
338	811
338	815
338	849
338	946
339	8
339	254
339	307
339	849
339	880
339	913
340	213
340	238
340	539
340	600
340	790
340	964
341	345
341	449
341	470
341	749
341	788
341	996
342	37
342	499
342	652
342	667
342	808
342	892
343	379
343	575
343	647
343	883
343	897
343	917
344	43
344	78
344	216
344	531
344	743
344	838
345	235
345	341
345	558
345	797
345	937
345	993
346	319
346	330
346	387
346	539
346	719
346	984
347	451
347	522
347	542
347	598
347	885
347	982
348	374
348	413
348	468
348	594
348	742
348	778
349	60
349	178
349	257
349	814
349	991
349	996
350	884
350	900
350	936
350	955
350	975
350	977
351	247
351	388
351	432
351	613
351	748
351	795
352	118
352	374
352	723
352	785
352	895
352	938
353	685
353	782
353	831
353	881
353	911
353	963
354	220
354	544
354	743
354	875
354	938
354	950
355	468
355	756
355	758
355	964
355	987
355	996
356	524
356	563
356	570
356	786
356	884
356	956
357	405
357	542
357	607
357	685
357	808
357	836
358	216
358	712
358	738
358	851
358	942
358	958
359	86
359	114
359	148
359	882
359	912
359	960
360	112
360	410
360	817
360	948
360	959
360	980
361	700
361	802
361	968
361	974
361	977
361	979
362	264
362	524
362	762
362	765
362	918
362	984
363	366
363	371
363	574
363	859
363	921
363	994
364	230
364	766
364	919
364	940
364	994
364	998
365	333
365	670
365	875
365	883
365	951
365	964
366	58
366	63
366	363
366	599
366	915
366	944
367	604
367	624
367	683
367	915
367	943
367	984
368	174
368	591
368	712
368	781
368	925
368	931
369	410
369	633
369	738
369	801
369	827
369	946
370	93
370	293
370	298
370	512
370	954
370	968
371	38
371	363
371	475
371	771
371	801
371	999
372	554
372	722
372	763
372	890
372	895
372	959
373	113
373	477
373	808
373	965
373	978
373	991
374	224
374	348
374	352
374	530
374	661
374	999
375	534
375	581
375	648
375	856
375	899
375	922
376	1
376	87
376	333
376	860
376	957
376	998
377	327
377	679
377	910
377	963
377	984
377	991
378	320
378	828
378	849
378	875
378	955
378	996
379	343
379	396
379	504
379	743
379	765
379	840
380	162
380	268
380	498
380	780
380	923
380	954
381	486
381	506
381	557
381	703
381	967
381	973
382	331
382	399
382	605
382	863
382	902
382	912
383	70
383	393
383	854
383	864
383	914
383	977
384	500
384	525
384	808
384	878
384	905
384	946
385	297
385	734
385	743
385	760
385	923
385	995
386	528
386	631
386	640
386	813
386	908
386	995
387	346
387	459
387	599
387	608
387	611
387	868
388	351
388	586
388	928
388	951
388	965
388	973
389	412
389	484
389	490
389	517
389	628
389	729
390	474
390	737
390	818
390	932
390	957
390	989
391	256
391	511
391	831
391	948
391	950
391	979
392	250
392	778
392	811
392	911
392	938
392	961
393	150
393	383
393	796
393	941
393	990
393	995
394	30
394	465
394	724
394	820
394	894
394	993
395	517
395	581
395	708
395	801
395	896
395	981
396	39
396	317
396	379
396	615
396	807
396	904
396	980
397	3
397	66
397	102
397	848
397	909
397	928
397	967
398	187
398	334
398	406
398	587
398	599
398	642
398	810
399	382
399	567
399	724
399	766
399	821
399	830
399	954
400	271
400	507
400	541
400	680
400	880
400	886
400	986
401	309
401	550
401	780
401	829
401	840
401	954
401	999
402	404
402	497
402	852
402	954
402	961
402	962
402	966
403	756
403	781
403	786
403	802
403	821
403	865
403	874
404	124
404	170
404	402
404	642
404	703
404	812
404	959
405	357
405	551
405	610
405	907
405	932
405	933
405	948
406	327
406	398
406	433
406	483
406	628
406	637
406	675
407	448
407	632
407	677
407	802
407	925
407	972
407	983
408	52
408	476
408	625
408	850
408	874
408	957
408	971
409	429
409	544
409	643
409	779
409	806
409	819
409	986
410	172
410	360
410	369
410	661
410	873
410	930
410	994
411	513
411	518
411	582
411	612
411	835
411	929
411	966
412	145
412	297
412	389
412	471
412	490
412	635
412	951
413	102
413	348
413	568
413	671
413	808
413	855
413	898
414	119
414	735
414	826
414	933
414	935
414	939
414	961
415	41
415	192
415	567
415	760
415	870
415	946
415	993
416	121
416	527
416	803
416	950
416	957
416	989
416	991
417	152
417	173
417	495
417	747
417	833
417	875
417	953
418	424
418	436
418	465
418	747
418	809
418	810
418	972
419	49
419	443
419	561
419	654
419	737
419	746
419	784
420	84
420	165
420	479
420	505
420	549
420	745
420	967
421	141
421	168
421	211
421	578
421	822
421	968
421	998
422	475
422	506
422	544
422	731
422	751
422	808
422	833
423	114
423	249
423	425
423	639
423	783
423	826
423	937
424	418
424	569
424	705
424	760
424	800
424	835
424	987
425	249
425	423
425	594
425	762
425	865
425	873
425	897
426	125
426	598
426	865
426	896
426	906
426	915
426	965
427	4
427	123
427	593
427	830
427	888
427	904
427	933
428	274
428	297
428	329
428	728
428	849
428	863
428	972
429	409
429	720
429	721
429	822
429	898
429	910
429	924
430	464
430	584
430	855
430	882
430	954
430	980
430	982
431	229
431	757
431	864
431	901
431	921
431	950
431	963
432	123
432	351
432	462
432	582
432	634
432	863
432	878
433	146
433	406
433	475
433	659
433	859
433	946
433	959
434	335
434	511
434	568
434	773
434	784
434	891
434	912
435	39
435	136
435	629
435	752
435	813
435	900
435	990
436	58
436	214
436	418
436	702
436	796
436	864
436	924
437	6
437	32
437	121
437	681
437	864
437	865
437	954
438	131
438	448
438	476
438	509
438	793
438	981
438	998
439	338
439	638
439	649
439	671
439	698
439	707
439	970
440	119
440	160
440	549
440	552
440	577
440	679
440	821
441	237
441	522
441	580
441	844
441	880
441	899
441	911
442	48
442	140
442	309
442	708
442	867
442	904
442	985
443	21
443	306
443	419
443	618
443	796
443	850
443	858
444	13
444	743
444	820
444	842
444	907
444	908
444	988
445	307
445	468
445	587
445	643
445	663
445	667
445	1000
446	10
446	21
446	80
446	755
446	851
446	883
446	998
447	293
447	313
447	627
447	752
447	868
447	976
447	1000
448	407
448	438
448	922
448	950
448	957
448	978
448	985
449	302
449	341
449	739
449	768
449	814
449	825
449	931
450	15
450	20
450	40
450	743
450	798
450	816
450	876
451	347
451	463
451	483
451	691
451	896
451	955
451	996
452	70
452	336
452	624
452	696
452	740
452	764
452	904
453	550
453	617
453	648
453	726
453	727
453	881
453	977
454	179
454	317
454	514
454	607
454	868
454	877
454	945
455	75
455	170
455	262
455	280
455	844
455	894
455	988
456	106
456	264
456	306
456	585
456	660
456	702
456	858
457	496
457	594
457	709
457	805
457	897
457	898
457	954
458	5
458	295
458	745
458	795
458	893
458	923
458	999
459	387
459	516
459	530
459	615
459	719
459	790
459	977
460	75
460	845
460	909
460	914
460	937
460	956
460	982
461	82
461	515
461	575
461	756
461	894
461	974
461	986
462	46
462	432
462	551
462	620
462	730
462	775
462	947
463	298
463	451
463	761
463	783
463	815
463	954
463	998
464	197
464	311
464	430
464	537
464	560
464	687
464	708
465	394
465	418
465	584
465	645
465	782
465	958
465	963
466	78
466	134
466	469
466	537
466	693
466	695
466	872
467	12
467	678
467	687
467	775
467	907
467	934
467	969
468	131
468	348
468	355
468	445
468	748
468	869
468	939
469	143
469	466
469	492
469	565
469	781
469	909
469	950
470	341
470	594
470	779
470	800
470	827
470	830
470	989
471	412
471	620
471	678
471	924
471	957
471	979
471	997
472	305
472	495
472	627
472	744
472	810
472	946
472	989
473	624
473	721
473	827
473	896
473	931
473	975
473	995
474	390
474	484
474	711
474	846
474	866
474	930
474	966
475	15
475	371
475	422
475	433
475	830
475	925
475	982
476	326
476	408
476	438
476	670
476	676
476	814
476	868
477	324
477	373
477	761
477	816
477	894
477	952
477	987
478	506
478	775
478	799
478	810
478	822
478	937
478	949
479	12
479	160
479	324
479	420
479	691
479	790
479	988
480	311
480	617
480	686
480	688
480	824
480	827
480	997
481	55
481	501
481	644
481	693
481	898
481	920
481	998
482	184
482	247
482	681
482	807
482	848
482	858
482	969
483	41
483	406
483	451
483	643
483	693
483	865
483	945
484	389
484	474
484	588
484	723
484	724
484	726
484	886
485	101
485	181
485	521
485	529
485	692
485	824
485	854
486	381
486	754
486	818
486	844
486	872
486	948
486	956
487	10
487	167
487	269
487	770
487	805
487	854
487	985
488	180
488	518
488	579
488	580
488	749
488	913
488	956
489	273
489	522
489	814
489	865
489	884
489	946
489	974
490	40
490	288
490	389
490	412
490	850
490	925
490	972
491	50
491	595
491	737
491	758
491	834
491	939
491	944
492	44
492	469
492	732
492	832
492	838
492	943
492	999
493	24
493	590
493	650
493	803
493	910
493	983
493	985
494	119
494	139
494	247
494	311
494	798
494	893
494	971
495	100
495	417
495	472
495	567
495	714
495	762
495	999
496	210
496	457
496	603
496	661
496	874
496	894
496	897
497	293
497	402
497	541
497	678
497	706
497	826
497	848
498	99
498	380
498	623
498	776
498	799
498	901
498	917
499	342
499	607
499	734
499	879
499	947
499	988
499	997
500	384
500	505
500	646
500	712
500	725
500	918
500	959
501	79
501	189
501	481
501	630
501	853
501	904
501	967
502	164
502	562
502	666
502	682
502	767
502	973
502	989
503	505
503	558
503	792
503	817
503	882
503	919
503	1000
504	324
504	379
504	505
504	650
504	783
504	961
504	973
505	31
505	420
505	500
505	503
505	504
505	578
505	771
506	91
506	381
506	422
506	478
506	531
506	615
506	889
507	400
507	618
507	668
507	700
507	718
507	831
507	869
507	960
508	538
508	673
508	697
508	730
508	756
508	840
508	927
508	934
509	136
509	438
509	514
509	544
509	567
509	648
509	762
509	876
510	315
510	518
510	553
510	741
510	812
510	823
510	929
510	981
511	391
511	434
511	581
511	605
511	810
511	812
511	863
511	943
512	13
512	160
512	300
512	370
512	513
512	725
512	813
512	955
513	303
513	411
513	512
513	608
513	616
513	668
513	969
513	979
514	246
514	454
514	509
514	605
514	802
514	860
514	986
514	995
515	107
515	461
515	568
515	723
515	862
515	879
515	915
515	933
516	169
516	216
516	282
516	459
516	644
516	671
516	853
516	948
517	278
517	389
517	395
517	549
517	638
517	878
517	968
517	999
518	195
518	411
518	488
518	510
518	741
518	788
518	900
518	971
519	676
519	740
519	814
519	824
519	890
519	935
519	968
519	989
520	529
520	562
520	669
520	779
520	857
520	867
520	926
520	958
521	298
521	485
521	754
521	813
521	853
521	867
521	875
521	891
522	23
522	83
522	108
522	347
522	441
522	489
522	682
522	893
523	277
523	590
523	665
523	680
523	682
523	736
523	803
523	893
524	62
524	323
524	356
524	362
524	655
524	710
524	740
524	947
525	78
525	189
525	384
525	652
525	689
525	776
525	826
525	978
526	37
526	626
526	716
526	789
526	935
526	947
526	972
526	985
527	75
527	147
527	157
527	416
527	681
527	948
527	980
527	998
528	4
528	14
528	386
528	622
528	733
528	855
528	882
528	916
529	212
529	485
529	520
529	559
529	903
529	926
529	955
529	970
530	279
530	320
530	374
530	459
530	616
530	635
530	727
530	964
531	129
531	294
531	344
531	506
531	571
531	634
531	969
531	975
532	15
532	621
532	679
532	687
532	691
532	881
532	946
532	956
533	308
533	549
533	680
533	762
533	768
533	913
533	923
533	960
534	91
534	105
534	375
534	538
534	713
534	752
534	766
534	872
535	25
535	46
535	171
535	214
535	683
535	915
535	956
535	972
536	542
536	715
536	716
536	741
536	813
536	819
536	839
536	995
537	464
537	466
537	652
537	682
537	808
537	855
537	903
537	1000
538	139
538	329
538	508
538	534
538	662
538	774
538	822
538	960
539	7
539	164
539	213
539	340
539	346
539	837
539	840
539	924
540	77
540	92
540	548
540	572
540	623
540	627
540	760
540	943
541	110
541	219
541	400
541	497
541	686
541	789
541	846
541	993
542	347
542	357
542	536
542	810
542	893
542	920
542	945
542	997
543	271
543	296
543	327
543	616
543	664
543	829
543	872
543	975
544	251
544	354
544	409
544	422
544	509
544	727
544	787
544	949
545	153
545	252
545	554
545	586
545	647
545	649
545	941
545	967
546	158
546	337
546	714
546	800
546	863
546	879
546	891
546	896
547	191
547	251
547	554
547	575
547	617
547	775
547	790
547	909
548	39
548	540
548	614
548	659
548	661
548	834
548	879
548	906
549	420
549	440
549	517
549	533
549	812
549	831
549	899
549	971
550	230
550	269
550	312
550	401
550	453
550	583
550	825
550	914
551	278
551	405
551	462
551	653
551	814
551	904
551	927
551	985
552	440
552	647
552	657
552	717
552	725
552	763
552	889
552	955
553	45
553	510
553	596
553	645
553	659
553	792
553	816
553	953
554	238
554	372
554	545
554	547
554	604
554	836
554	849
554	910
555	316
555	592
555	608
555	631
555	685
555	753
555	771
555	881
556	47
556	227
556	256
556	318
556	599
556	651
556	671
556	857
557	162
557	313
557	381
557	577
557	591
557	702
557	827
557	864
558	145
558	301
558	345
558	503
558	663
558	778
558	837
558	982
559	529
559	595
559	631
559	709
559	862
559	965
559	978
559	984
560	328
560	464
560	575
560	725
560	807
560	832
560	944
560	974
561	193
561	419
561	700
561	748
561	809
561	953
561	967
561	986
562	7
562	311
562	502
562	520
562	716
562	836
562	937
562	956
563	16
563	356
563	616
563	787
563	849
563	884
563	929
563	958
564	74
564	604
564	631
564	686
564	794
564	920
564	952
564	970
565	182
565	268
565	469
565	672
565	941
565	943
565	973
565	986
566	164
566	332
566	589
566	673
566	772
566	801
566	842
566	866
567	399
567	415
567	495
567	509
567	645
567	721
567	785
567	985
568	413
568	434
568	515
568	572
568	783
568	891
568	924
568	928
569	116
569	424
569	676
569	678
569	709
569	819
569	836
569	844
570	65
570	100
570	229
570	356
570	666
570	839
570	911
570	963
571	299
571	320
571	531
571	728
571	870
571	918
571	984
571	998
572	237
572	540
572	568
572	921
572	947
572	963
572	967
572	997
573	574
573	587
573	593
573	699
573	732
573	761
573	816
573	961
574	137
574	363
574	573
574	601
574	852
574	964
574	981
574	982
575	142
575	343
575	461
575	547
575	560
575	650
575	892
575	928
576	76
576	175
576	686
576	845
576	847
576	856
576	900
576	987
577	135
577	322
577	440
577	557
577	643
577	922
577	924
577	980
578	421
578	505
578	869
578	906
578	907
578	922
578	979
578	985
579	49
579	488
579	607
579	719
579	766
579	767
579	844
579	966
580	99
580	209
580	441
580	488
580	651
580	696
580	826
580	931
581	278
581	375
581	395
581	511
581	733
581	790
581	837
581	966
582	198
582	411
582	432
582	626
582	645
582	774
582	788
582	911
583	183
583	311
583	550
583	588
583	668
583	725
583	771
583	786
584	283
584	430
584	465
584	635
584	640
584	807
584	866
584	955
585	31
585	215
585	260
585	456
585	593
585	915
585	962
585	965
586	319
586	388
586	545
586	689
586	785
586	842
586	967
586	973
587	82
587	398
587	445
587	573
587	817
587	832
587	857
587	929
588	5
588	50
588	113
588	205
588	484
588	583
588	641
588	965
589	107
589	217
589	566
589	731
589	762
589	779
589	871
589	888
590	38
590	493
590	523
590	651
590	705
590	883
590	915
590	917
591	51
591	159
591	264
591	327
591	368
591	557
591	830
591	848
592	64
592	155
592	337
592	555
592	603
592	655
592	961
592	1000
593	300
593	427
593	573
593	585
593	597
593	632
593	712
593	896
594	235
594	348
594	425
594	457
594	470
594	606
594	755
594	818
594	839
595	91
595	491
595	559
595	666
595	693
595	742
595	887
595	901
595	934
596	118
596	316
596	553
596	728
596	851
596	927
596	944
596	945
596	980
597	279
597	593
597	620
597	654
597	747
597	777
597	906
597	955
597	974
598	304
598	347
598	426
598	647
598	751
598	760
598	835
598	959
598	994
599	366
599	387
599	398
599	556
599	659
599	672
599	876
599	911
599	983
600	313
600	340
600	798
600	809
600	849
600	857
600	906
600	946
600	980
601	43
601	73
601	128
601	574
601	666
601	718
601	895
601	920
601	952
602	2
602	212
602	658
602	748
602	772
602	896
602	900
602	919
602	951
603	3
603	253
603	496
603	592
603	710
603	782
603	949
603	956
603	987
604	367
604	554
604	564
604	669
604	740
604	816
604	863
604	937
604	969
605	52
605	57
605	382
605	511
605	514
605	644
605	893
605	935
605	945
606	594
606	611
606	722
606	769
606	773
606	846
606	942
606	948
606	956
607	103
607	241
607	357
607	454
607	499
607	579
607	774
607	963
607	978
608	11
608	387
608	513
608	555
608	634
608	838
608	871
608	976
608	995
609	249
609	624
609	729
609	805
609	824
609	857
609	882
609	908
609	925
610	85
610	240
610	405
610	627
610	744
610	789
610	805
610	882
610	971
611	135
611	316
611	387
611	606
611	877
611	932
611	942
611	948
611	974
612	15
612	188
612	329
612	411
612	690
612	871
612	875
612	914
612	916
613	25
613	143
613	244
613	351
613	772
613	824
613	906
613	923
613	957
614	173
614	234
614	548
614	664
614	670
614	815
614	839
614	918
614	979
615	318
615	396
615	459
615	506
615	730
615	855
615	907
615	933
615	974
616	513
616	530
616	543
616	563
616	733
616	819
616	844
616	956
616	988
617	453
617	480
617	547
617	636
617	748
617	778
617	940
617	985
617	1000
618	85
618	443
618	507
618	674
618	741
618	870
618	977
618	988
618	999
619	88
619	297
619	727
619	755
619	780
619	788
619	897
619	913
619	947
620	136
620	462
620	471
620	597
620	662
620	664
620	810
620	896
620	913
621	80
621	179
621	290
621	532
621	700
621	749
621	825
621	832
621	869
622	12
622	141
622	528
622	666
622	733
622	799
622	913
622	993
622	995
623	113
623	498
623	540
623	743
623	848
623	889
623	903
623	957
623	975
624	28
624	238
624	367
624	452
624	473
624	609
624	838
624	856
624	984
625	408
625	800
625	808
625	835
625	843
625	847
625	899
625	900
625	963
626	93
626	526
626	582
626	712
626	721
626	769
626	849
626	881
626	930
627	154
627	228
627	447
627	472
627	540
627	610
627	868
627	932
627	994
628	180
628	389
628	406
628	648
628	826
628	910
628	920
628	943
628	983
629	46
629	95
629	435
629	660
629	707
629	731
629	816
629	834
629	849
630	70
630	501
630	661
630	668
630	787
630	832
630	837
630	911
630	990
631	47
631	272
631	292
631	386
631	555
631	559
631	564
631	703
631	999
632	234
632	247
632	407
632	593
632	658
632	771
632	858
632	992
632	996
633	163
633	369
633	640
633	706
633	725
633	866
633	968
633	979
633	997
634	432
634	531
634	608
634	635
634	689
634	826
634	865
634	917
634	948
635	149
635	412
635	530
635	584
635	634
635	851
635	893
635	912
635	957
636	177
636	335
636	617
636	753
636	876
636	938
636	951
636	968
636	986
637	69
637	406
637	690
637	695
637	711
637	800
637	886
637	909
637	924
638	10
638	72
638	78
638	227
638	439
638	517
638	727
638	869
638	886
639	132
639	203
639	249
639	423
639	683
639	876
639	888
639	963
639	981
640	31
640	386
640	584
640	633
640	747
640	840
640	968
640	983
640	997
641	191
641	306
641	588
641	727
641	768
641	878
641	949
641	962
641	967
642	13
642	298
642	326
642	398
642	404
642	789
642	863
642	967
642	994
643	409
643	445
643	483
643	577
643	782
643	981
643	988
643	993
643	996
644	40
644	481
644	516
644	605
644	677
644	785
644	791
644	968
644	981
645	181
645	231
645	465
645	553
645	567
645	582
645	787
645	981
645	1000
646	81
646	500
646	686
646	807
646	829
646	944
646	968
646	972
646	981
647	343
647	545
647	552
647	598
647	699
647	771
647	864
647	965
647	973
648	127
648	375
648	453
648	509
648	628
648	697
648	863
648	895
648	999
649	165
649	168
649	439
649	545
649	744
649	836
649	984
649	992
649	999
650	6
650	133
650	169
650	493
650	504
650	575
650	822
650	946
650	986
651	91
651	240
651	556
651	580
651	590
651	901
651	922
651	933
651	966
652	133
652	342
652	525
652	537
652	802
652	835
652	866
652	890
652	983
653	316
653	551
653	718
653	763
653	796
653	804
653	831
653	873
653	924
654	129
654	419
654	597
654	769
654	856
654	892
654	950
654	964
654	990
655	30
655	41
655	524
655	592
655	745
655	835
655	899
655	968
655	994
656	673
656	695
656	750
656	811
656	852
656	923
656	924
656	940
656	991
657	129
657	136
657	552
657	688
657	739
657	796
657	909
657	947
657	989
658	14
658	35
658	56
658	602
658	632
658	737
658	776
658	801
658	852
659	60
659	325
659	433
659	548
659	553
659	599
659	806
659	936
659	971
660	260
660	295
660	456
660	629
660	790
660	860
660	917
660	939
660	967
661	374
661	410
661	496
661	548
661	630
661	782
661	819
661	919
661	940
662	538
662	620
662	664
662	676
662	682
662	738
662	739
662	888
662	916
663	183
663	289
663	445
663	558
663	673
663	733
663	845
663	917
663	923
664	106
664	125
664	543
664	614
664	620
664	662
664	816
664	847
664	911
665	21
665	26
665	221
665	523
665	721
665	820
665	902
665	914
665	980
666	502
666	570
666	595
666	601
666	622
666	674
666	777
666	895
666	927
667	342
667	445
667	751
667	828
667	850
667	889
667	933
667	967
667	990
668	54
668	55
668	507
668	513
668	583
668	630
668	936
668	965
668	974
669	26
669	53
669	520
669	604
669	797
669	850
669	915
669	933
669	939
669	998
670	18
670	29
670	194
670	365
670	476
670	614
670	720
670	857
670	969
670	975
671	251
671	413
671	439
671	516
671	556
671	851
671	921
671	942
671	970
671	972
672	88
672	263
672	565
672	599
672	675
672	678
672	836
672	888
672	932
672	995
673	243
673	262
673	273
673	299
673	312
673	508
673	566
673	656
673	663
673	917
674	618
674	666
674	699
674	726
674	829
674	856
674	861
674	864
674	874
674	995
675	134
675	225
675	270
675	406
675	672
675	720
675	833
675	886
675	940
675	960
676	16
676	63
676	132
676	476
676	519
676	569
676	662
676	694
676	776
676	903
677	44
677	407
677	644
677	691
677	753
677	898
677	910
677	918
677	972
677	990
678	9
678	287
678	467
678	471
678	497
678	569
678	672
678	742
678	775
678	776
679	9
679	20
679	188
679	377
679	440
679	532
679	755
679	843
679	854
679	905
680	56
680	296
680	335
680	400
680	523
680	533
680	856
680	872
680	880
680	965
681	304
681	437
681	482
681	527
681	686
681	691
681	738
681	903
681	949
681	992
682	200
682	502
682	522
682	523
682	537
682	662
682	801
682	877
682	885
682	890
683	292
683	325
683	334
683	367
683	535
683	639
683	936
683	941
683	971
683	979
684	46
684	202
684	300
684	889
684	938
684	946
684	947
684	979
684	989
684	992
685	109
685	139
685	183
685	353
685	357
685	555
685	711
685	885
685	909
685	939
686	323
686	480
686	541
686	564
686	576
686	646
686	681
686	792
686	902
686	952
687	76
687	223
687	310
687	464
687	467
687	532
687	868
687	885
687	930
687	968
688	18
688	166
688	177
688	199
688	267
688	480
688	657
688	770
688	865
688	966
689	319
689	525
689	586
689	634
689	750
689	910
689	921
689	927
689	952
689	976
690	77
690	164
690	236
690	244
690	612
690	637
690	818
690	836
690	840
690	897
691	58
691	73
691	332
691	451
691	479
691	532
691	677
691	681
691	817
691	922
692	135
692	198
692	210
692	485
692	755
692	824
692	917
692	919
692	932
692	968
693	251
693	466
693	481
693	483
693	595
693	810
693	826
693	845
693	855
693	895
694	676
694	776
694	870
694	914
694	939
694	965
694	970
694	979
694	982
694	1000
695	67
695	71
695	149
695	257
695	466
695	637
695	656
695	857
695	900
695	911
696	20
696	57
696	67
696	249
696	285
696	452
696	580
696	747
696	909
696	918
697	82
697	105
697	508
697	648
697	751
697	856
697	882
697	953
697	978
697	986
698	139
698	325
698	439
698	771
698	800
698	822
698	864
698	866
698	919
698	928
699	313
699	573
699	647
699	674
699	749
699	774
699	864
699	920
699	926
699	934
700	18
700	229
700	252
700	361
700	507
700	561
700	621
700	807
700	855
700	960
701	71
701	132
701	195
701	326
701	809
701	870
701	885
701	915
701	974
701	977
702	44
702	317
702	436
702	456
702	557
702	718
702	806
702	883
702	893
702	925
703	102
703	265
703	287
703	381
703	404
703	631
703	783
703	846
703	926
703	974
704	54
704	226
704	228
704	275
704	328
704	810
704	881
704	885
704	889
704	910
705	203
705	214
705	302
705	336
705	424
705	590
705	816
705	863
705	884
705	960
706	155
706	185
706	192
706	287
706	497
706	633
706	851
706	938
706	983
706	992
707	140
707	197
707	238
707	246
707	439
707	629
707	737
707	802
707	965
707	994
708	135
708	197
708	395
708	442
708	464
708	713
708	783
708	943
708	977
708	982
709	19
709	63
709	229
709	457
709	559
709	569
709	714
709	960
709	981
709	986
710	28
710	524
710	603
710	728
710	831
710	838
710	840
710	892
710	909
710	964
711	92
711	244
711	474
711	637
711	685
711	799
711	814
711	829
711	866
711	922
712	358
712	368
712	500
712	593
712	626
712	714
712	823
712	842
712	854
712	882
713	293
713	334
713	534
713	708
713	798
713	823
713	908
713	920
713	995
713	996
714	495
714	546
714	709
714	712
714	720
714	784
714	829
714	849
714	936
714	970
715	45
715	163
715	232
715	286
715	536
715	890
715	964
715	979
715	985
715	987
716	526
716	536
716	562
716	718
716	720
716	731
716	778
716	941
716	978
716	990
717	40
717	146
717	552
717	750
717	793
717	797
717	834
717	971
717	985
717	993
718	7
718	507
718	601
718	653
718	702
718	716
718	750
718	817
718	884
718	902
719	67
719	308
719	346
719	459
719	579
719	778
719	807
719	956
719	985
719	987
720	246
720	429
720	670
720	675
720	714
720	716
720	800
720	861
720	912
720	965
721	429
721	473
721	567
721	626
721	665
721	729
721	794
721	859
721	891
721	970
722	29
722	112
722	267
722	372
722	606
722	745
722	867
722	897
722	928
722	976
723	159
723	200
723	240
723	299
723	352
723	484
723	515
723	834
723	844
723	978
723	987
724	97
724	196
724	394
724	399
724	484
724	760
724	774
724	804
724	830
724	992
724	994
725	69
725	500
725	512
725	552
725	560
725	583
725	633
725	768
725	861
725	875
725	879
726	59
726	161
726	453
726	484
726	674
726	753
726	758
726	827
726	834
726	874
726	951
727	284
727	453
727	530
727	544
727	619
727	638
727	641
727	771
727	876
727	894
727	915
728	65
728	107
728	428
728	571
728	596
728	710
728	785
728	839
728	860
728	964
728	994
729	228
729	272
729	389
729	609
729	721
729	739
729	740
729	818
729	913
729	938
729	945
730	269
730	273
730	462
730	508
730	615
730	761
730	785
730	869
730	954
730	955
730	973
731	422
731	589
731	629
731	716
731	750
731	807
731	816
731	839
731	916
731	965
731	993
732	172
732	320
732	326
732	492
732	573
732	761
732	850
732	858
732	868
732	915
732	950
733	72
733	220
733	528
733	581
733	616
733	622
733	663
733	796
733	803
733	928
733	935
734	27
734	140
734	385
734	499
734	792
734	845
734	884
734	920
734	944
734	965
734	991
735	224
735	414
735	752
735	760
735	765
735	856
735	878
735	917
735	969
735	971
735	984
736	313
736	523
736	786
736	790
736	802
736	850
736	909
736	931
736	939
736	961
736	985
737	390
737	419
737	491
737	658
737	707
737	773
737	789
737	820
737	859
737	870
737	914
738	212
738	358
738	369
738	662
738	681
738	791
738	826
738	843
738	850
738	865
738	888
739	11
739	38
739	449
739	657
739	662
739	729
739	745
739	746
739	812
739	917
739	937
740	452
740	519
740	524
740	604
740	729
740	753
740	759
740	784
740	854
740	912
740	996
741	15
741	140
741	295
741	510
741	518
741	536
741	618
741	823
741	832
741	924
741	975
742	107
742	236
742	335
742	348
742	595
742	678
742	744
742	793
742	803
742	899
742	955
743	138
743	297
743	344
743	354
743	379
743	385
743	444
743	450
743	623
743	863
743	951
744	34
744	144
744	207
744	221
744	314
744	472
744	610
744	649
744	742
744	882
744	947
745	169
745	239
745	290
745	420
745	458
745	655
745	722
745	739
745	837
745	843
745	926
746	62
746	324
746	419
746	739
746	756
746	838
746	888
746	937
746	968
746	978
746	995
747	8
747	417
747	418
747	597
747	640
747	696
747	760
747	815
747	833
747	979
747	983
748	179
748	351
748	468
748	561
748	602
748	617
748	768
748	862
748	875
748	902
748	930
749	218
749	263
749	341
749	488
749	621
749	699
749	814
749	869
749	884
749	982
749	995
750	131
750	241
750	656
750	689
750	717
750	718
750	731
750	798
750	877
750	947
750	952
751	204
751	258
751	422
751	598
751	667
751	697
751	822
751	850
751	942
751	951
751	961
752	136
752	157
752	435
752	447
752	534
752	735
752	757
752	768
752	844
752	931
752	997
753	19
753	148
753	183
753	233
753	555
753	636
753	677
753	726
753	740
753	798
753	818
754	90
754	209
754	486
754	521
754	851
754	862
754	908
754	918
754	973
754	983
754	995
755	205
755	446
755	594
755	619
755	679
755	692
755	896
755	898
755	945
755	991
755	993
756	111
756	126
756	174
756	355
756	403
756	461
756	508
756	746
756	798
756	896
756	904
757	147
757	280
757	431
757	752
757	759
757	858
757	867
757	871
757	929
757	941
757	990
758	85
758	159
758	355
758	491
758	726
758	775
758	777
758	860
758	865
758	955
758	996
759	24
759	141
759	221
759	255
759	330
759	740
759	757
759	889
759	948
759	990
759	994
760	198
760	385
760	415
760	424
760	540
760	598
760	724
760	735
760	747
760	877
760	992
761	463
761	477
761	573
761	730
761	732
761	793
761	877
761	908
761	918
761	966
761	992
762	164
762	362
762	425
762	495
762	509
762	533
762	589
762	784
762	841
762	945
762	959
763	104
763	266
763	289
763	372
763	552
763	653
763	788
763	807
763	860
763	862
763	945
764	75
764	87
764	125
764	131
764	244
764	452
764	831
764	905
764	923
764	951
764	976
765	2
765	31
765	362
765	379
765	735
765	783
765	851
765	904
765	905
765	906
765	987
766	364
766	399
766	534
766	579
766	789
766	842
766	898
766	917
766	981
766	987
766	993
767	23
767	203
767	291
767	307
767	502
767	579
767	841
767	927
767	981
767	984
767	999
768	61
768	449
768	533
768	641
768	725
768	748
768	752
768	796
768	861
768	951
768	952
768	974
769	254
769	606
769	626
769	654
769	779
769	792
769	844
769	866
769	910
769	919
769	920
769	990
770	37
770	158
770	319
770	487
770	688
770	808
770	859
770	860
770	873
770	877
770	946
770	969
771	25
771	128
771	371
771	505
771	555
771	583
771	632
771	647
771	698
771	727
771	886
771	920
772	174
772	194
772	259
772	566
772	602
772	613
772	811
772	883
772	891
772	967
772	973
772	979
773	107
773	238
773	299
773	434
773	606
773	737
773	778
773	824
773	901
773	938
773	984
773	990
774	250
774	538
774	582
774	607
774	699
774	724
774	805
774	848
774	887
774	890
774	928
774	969
775	462
775	467
775	478
775	547
775	678
775	758
775	840
775	891
775	942
775	970
775	976
775	988
776	290
776	333
776	498
776	525
776	658
776	676
776	678
776	694
776	838
776	929
776	967
776	998
777	95
777	219
777	304
777	597
777	666
777	758
777	784
777	823
777	829
777	894
777	915
777	942
778	348
778	392
778	558
778	617
778	716
778	719
778	773
778	837
778	855
778	898
778	951
778	989
779	21
779	243
779	409
779	470
779	520
779	589
779	769
779	860
779	861
779	880
779	892
779	895
780	114
780	174
780	210
780	380
780	401
780	619
780	782
780	872
780	906
780	932
780	940
780	954
781	235
781	250
781	259
781	332
781	368
781	403
781	469
781	856
781	892
781	934
781	959
781	963
782	6
782	218
782	272
782	287
782	353
782	465
782	603
782	643
782	661
782	780
782	898
782	953
783	423
783	463
783	504
783	568
783	703
783	708
783	765
783	797
783	814
783	825
783	954
783	957
784	68
784	153
784	419
784	434
784	714
784	740
784	762
784	777
784	840
784	893
784	922
784	979
785	43
785	110
785	352
785	567
785	586
785	644
785	728
785	730
785	791
785	813
785	966
785	988
786	103
786	116
786	332
786	356
786	403
786	583
786	736
786	790
786	795
786	854
786	881
786	939
787	38
787	143
787	222
787	544
787	563
787	630
787	645
787	802
787	823
787	838
787	846
787	910
788	328
788	341
788	518
788	582
788	619
788	763
788	794
788	834
788	883
788	909
788	920
788	993
789	80
789	270
789	275
789	526
789	541
789	610
789	642
789	737
789	766
789	801
789	847
789	886
790	133
790	340
790	459
790	479
790	547
790	581
790	660
790	736
790	786
790	832
790	956
790	997
791	204
791	232
791	253
791	279
791	285
791	317
791	644
791	738
791	785
791	843
791	877
791	884
792	193
792	254
792	277
792	503
792	553
792	686
792	734
792	769
792	824
792	834
792	869
792	885
793	68
793	438
793	717
793	742
793	761
793	828
793	854
793	858
793	887
793	907
793	935
793	977
794	105
794	171
794	198
794	205
794	232
794	564
794	721
794	788
794	800
794	850
794	935
794	969
795	60
795	82
795	108
795	351
795	458
795	786
795	805
795	826
795	828
795	884
795	908
795	976
796	56
796	231
796	302
796	313
796	393
796	436
796	443
796	653
796	657
796	733
796	768
796	859
797	108
797	194
797	222
797	236
797	253
797	345
797	669
797	717
797	783
797	929
797	943
797	951
798	144
798	261
798	450
798	494
798	600
798	713
798	750
798	753
798	756
798	820
798	912
798	938
798	943
799	69
799	478
799	498
799	622
799	711
799	803
799	807
799	809
799	825
799	858
799	920
799	955
799	996
800	269
800	296
800	424
800	470
800	546
800	625
800	637
800	698
800	720
800	794
800	902
800	943
800	965
801	369
801	371
801	395
801	566
801	658
801	682
801	789
801	809
801	916
801	950
801	957
801	982
801	997
802	111
802	281
802	361
802	403
802	407
802	514
802	652
802	707
802	736
802	787
802	821
802	890
802	980
803	43
803	240
803	258
803	416
803	493
803	523
803	733
803	742
803	799
803	824
803	831
803	844
803	996
804	35
804	274
804	653
804	724
804	808
804	823
804	884
804	887
804	902
804	919
804	927
804	981
804	988
805	282
805	293
805	457
805	487
805	609
805	610
805	774
805	795
805	809
805	904
805	919
805	941
805	945
806	89
806	149
806	230
806	235
806	248
806	285
806	334
806	409
806	659
806	702
806	869
806	952
806	974
807	199
807	396
807	482
807	560
807	584
807	646
807	700
807	719
807	731
807	763
807	799
807	859
807	990
808	176
808	220
808	342
808	357
808	373
808	384
808	413
808	422
808	537
808	625
808	770
808	804
808	940
809	23
809	418
809	561
809	600
809	701
809	799
809	801
809	805
809	818
809	853
809	949
809	989
809	991
810	398
810	418
810	472
810	478
810	511
810	542
810	620
810	693
810	704
810	816
810	861
810	919
810	988
811	60
811	175
811	279
811	338
811	392
811	656
811	772
811	812
811	883
811	903
811	907
811	954
811	970
812	36
812	146
812	256
812	404
812	510
812	511
812	549
812	739
812	811
812	932
812	941
812	979
812	999
813	133
813	241
813	261
813	291
813	323
813	386
813	435
813	512
813	521
813	536
813	785
813	832
813	892
814	349
814	449
814	476
814	489
814	519
814	551
814	711
814	749
814	783
814	886
814	912
814	917
814	940
815	192
815	338
815	463
815	614
815	747
815	818
815	845
815	922
815	924
815	927
815	942
815	969
815	989
816	71
816	450
816	477
816	553
816	573
816	604
816	629
816	664
816	705
816	731
816	810
816	877
816	900
817	360
817	503
817	587
817	691
817	718
817	870
817	891
817	911
817	913
817	972
817	988
817	994
817	996
818	104
818	390
818	486
818	594
818	690
818	729
818	753
818	809
818	815
818	886
818	918
818	931
818	983
819	22
819	178
819	306
819	409
819	536
819	569
819	616
819	661
819	926
819	959
819	960
819	993
819	994
820	96
820	122
820	171
820	244
820	394
820	444
820	665
820	737
820	798
820	922
820	924
820	929
820	936
821	55
821	86
821	194
821	212
821	242
821	294
821	399
821	403
821	440
821	802
821	945
821	970
821	988
822	124
822	177
822	421
822	429
822	478
822	538
822	650
822	698
822	751
822	934
822	950
822	955
822	972
823	110
823	242
823	270
823	510
823	712
823	713
823	741
823	777
823	787
823	804
823	825
823	977
823	993
824	32
824	91
824	325
824	480
824	485
824	519
824	609
824	613
824	692
824	773
824	792
824	803
824	932
825	280
825	336
825	449
825	550
825	621
825	783
825	799
825	823
825	848
825	850
825	894
825	932
825	947
826	414
826	423
826	497
826	525
826	580
826	628
826	634
826	693
826	738
826	795
826	842
826	851
826	959
827	80
827	200
827	257
827	286
827	298
827	318
827	369
827	470
827	473
827	480
827	557
827	726
827	846
828	34
828	83
828	115
828	221
828	378
828	667
828	793
828	795
828	833
828	844
828	885
828	956
828	972
829	73
829	301
829	401
829	543
829	646
829	674
829	711
829	714
829	777
829	926
829	927
829	937
829	938
830	44
830	235
830	312
830	399
830	427
830	470
830	475
830	591
830	724
830	843
830	878
830	916
830	948
831	34
831	146
831	279
831	353
831	391
831	507
831	549
831	653
831	710
831	764
831	803
831	952
831	994
832	33
832	240
832	257
832	283
832	300
832	492
832	560
832	587
832	621
832	630
832	741
832	790
832	813
832	876
833	29
833	45
833	84
833	241
833	417
833	422
833	675
833	747
833	828
833	893
833	940
833	949
833	986
833	996
834	69
834	491
834	548
834	629
834	717
834	723
834	726
834	788
834	792
834	889
834	896
834	898
834	952
834	996
835	102
835	124
835	231
835	411
835	424
835	598
835	625
835	652
835	655
835	897
835	941
835	959
835	960
835	980
836	11
836	17
836	108
836	252
836	357
836	554
836	562
836	569
836	649
836	672
836	690
836	849
836	886
836	976
837	64
837	89
837	200
837	539
837	558
837	581
837	630
837	745
837	778
837	877
837	908
837	935
837	949
837	966
838	218
838	344
838	492
838	608
838	624
838	710
838	746
838	776
838	787
838	854
838	923
838	930
838	941
838	953
839	30
839	152
839	217
839	237
839	536
839	570
839	594
839	614
839	728
839	731
839	843
839	844
839	903
839	990
840	97
840	115
840	239
840	379
840	401
840	508
840	539
840	640
840	690
840	710
840	775
840	784
840	888
840	980
841	134
841	308
841	762
841	767
841	846
841	853
841	876
841	890
841	918
841	962
841	978
841	986
841	992
841	999
842	131
842	185
842	444
842	566
842	586
842	712
842	766
842	826
842	853
842	881
842	895
842	907
842	935
842	969
843	297
843	625
843	679
843	738
843	745
843	791
843	830
843	839
843	871
843	894
843	923
843	944
843	953
843	994
844	441
844	455
844	486
844	569
844	579
844	616
844	723
844	752
844	769
844	803
844	828
844	839
844	887
844	894
845	247
845	259
845	460
845	576
845	663
845	693
845	734
845	815
845	879
845	886
845	913
845	973
845	975
845	991
846	116
846	143
846	192
846	474
846	541
846	606
846	703
846	787
846	827
846	841
846	869
846	890
846	942
846	976
847	97
847	152
847	186
847	318
847	576
847	625
847	664
847	789
847	881
847	887
847	888
847	899
847	940
847	991
848	88
848	103
848	128
848	397
848	482
848	497
848	591
848	623
848	774
848	825
848	905
848	925
848	935
848	984
849	290
849	338
849	339
849	378
849	428
849	554
849	563
849	600
849	626
849	629
849	714
849	836
849	893
849	919
850	54
850	187
850	408
850	443
850	490
850	667
850	669
850	732
850	736
850	738
850	751
850	794
850	825
850	861
851	42
851	358
851	446
851	596
851	635
851	671
851	706
851	754
851	765
851	826
851	891
851	965
851	980
851	995
852	71
852	147
852	156
852	202
852	275
852	402
852	574
852	656
852	658
852	859
852	861
852	885
852	912
852	987
852	997
853	3
853	71
853	158
853	182
853	501
853	516
853	521
853	809
853	841
853	842
853	855
853	891
853	923
853	945
853	979
854	96
854	202
854	383
854	485
854	487
854	679
854	712
854	740
854	786
854	793
854	838
854	928
854	950
854	953
854	960
855	77
855	413
855	430
855	528
855	537
855	615
855	693
855	700
855	778
855	853
855	888
855	905
855	908
855	974
855	988
856	215
856	375
856	576
856	624
856	654
856	674
856	680
856	697
856	735
856	781
856	882
856	901
856	926
856	947
856	966
857	47
857	314
857	520
857	556
857	587
857	600
857	609
857	670
857	695
857	869
857	908
857	925
857	927
857	929
857	973
858	73
858	98
858	443
858	456
858	482
858	632
858	732
858	757
858	793
858	799
858	873
858	921
858	933
858	959
858	977
859	171
859	245
859	255
859	326
859	363
859	433
859	721
859	737
859	770
859	796
859	807
859	852
859	891
859	939
859	954
860	148
860	254
860	310
860	376
860	514
860	660
860	728
860	758
860	763
860	770
860	779
860	876
860	936
860	959
860	985
861	122
861	227
861	248
861	674
861	720
861	725
861	768
861	779
861	810
861	850
861	852
861	891
861	903
861	952
861	997
862	70
862	142
862	180
862	225
862	236
862	264
862	515
862	559
862	748
862	754
862	763
862	867
862	876
862	878
862	888
863	76
863	90
863	245
863	382
863	428
863	432
863	511
863	546
863	604
863	642
863	648
863	705
863	743
863	872
863	893
864	67
864	134
864	162
864	281
864	383
864	431
864	436
864	437
864	557
864	647
864	674
864	698
864	699
864	921
864	981
865	248
865	292
865	325
865	403
865	425
865	426
865	437
865	483
865	489
865	634
865	688
865	738
865	758
865	946
865	965
866	162
866	216
866	234
866	291
866	474
866	566
866	584
866	633
866	652
866	698
866	711
866	769
866	923
866	969
866	973
867	114
867	237
867	281
867	284
867	289
867	442
867	520
867	521
867	722
867	757
867	862
867	871
867	898
867	903
867	992
868	22
868	116
868	281
868	306
868	387
868	447
868	454
868	476
868	627
868	687
868	732
868	931
868	971
868	976
868	979
869	169
869	263
869	468
869	507
869	578
869	621
869	638
869	730
869	749
869	792
869	806
869	846
869	857
869	909
869	933
870	160
870	415
870	571
870	618
870	694
870	701
870	737
870	817
870	879
870	883
870	934
870	950
870	971
870	995
870	997
871	93
871	109
871	275
871	285
871	336
871	589
871	608
871	612
871	757
871	843
871	867
871	882
871	897
871	936
871	969
872	130
872	232
872	466
872	486
872	534
872	543
872	680
872	780
872	863
872	873
872	908
872	934
872	949
872	962
872	999
873	5
873	63
873	159
873	253
873	410
873	425
873	653
873	770
873	858
873	872
873	875
873	896
873	909
873	929
873	932
874	66
874	144
874	225
874	250
874	262
874	403
874	408
874	496
874	674
874	726
874	925
874	931
874	950
874	987
874	997
875	181
875	205
875	267
875	289
875	354
875	365
875	378
875	417
875	521
875	612
875	725
875	748
875	873
875	901
875	912
876	5
876	23
876	233
876	450
876	509
876	599
876	636
876	639
876	727
876	832
876	841
876	860
876	862
876	978
876	982
876	983
877	178
877	454
877	611
877	682
877	750
877	760
877	761
877	770
877	791
877	816
877	837
877	892
877	930
877	946
877	953
877	966
878	51
878	88
878	228
878	384
878	432
878	517
878	641
878	735
878	830
878	862
878	916
878	926
878	962
878	971
878	992
878	999
879	51
879	170
879	295
879	316
879	335
879	499
879	515
879	546
879	548
879	725
879	845
879	870
879	890
879	948
879	975
879	978
880	99
880	144
880	230
880	286
880	331
880	339
880	400
880	441
880	680
880	779
880	884
880	892
880	896
880	940
880	977
880	986
881	76
881	208
881	222
881	303
881	353
881	453
881	532
881	555
881	626
881	704
881	786
881	842
881	847
881	926
881	958
881	978
882	13
882	166
882	219
882	324
882	359
882	430
882	503
882	528
882	609
882	610
882	697
882	712
882	744
882	856
882	871
882	907
883	66
883	148
883	197
883	343
883	365
883	446
883	590
883	702
883	772
883	788
883	811
883	870
883	885
883	910
883	966
883	975
884	121
884	245
884	350
884	356
884	489
884	563
884	705
884	718
884	734
884	749
884	791
884	795
884	804
884	880
884	918
884	956
885	237
885	239
885	347
885	682
885	685
885	687
885	701
885	704
885	792
885	828
885	852
885	883
885	899
885	909
885	963
885	964
886	193
886	245
886	400
886	484
886	637
886	638
886	675
886	771
886	789
886	814
886	818
886	836
886	845
886	930
886	936
886	964
887	132
887	197
887	232
887	315
887	595
887	774
887	793
887	804
887	844
887	847
887	890
887	893
887	914
887	951
887	967
887	992
888	135
888	252
888	427
888	589
888	639
888	662
888	672
888	738
888	746
888	840
888	847
888	855
888	862
888	893
888	940
888	955
889	36
889	179
889	222
889	270
889	506
889	552
889	623
889	667
889	684
889	704
889	759
889	834
889	904
889	927
889	989
889	1000
890	160
890	263
890	328
890	372
890	519
890	652
890	682
890	715
890	774
890	802
890	841
890	846
890	879
890	887
890	945
890	998
891	188
891	434
891	521
891	546
891	568
891	721
891	772
891	775
891	817
891	851
891	853
891	859
891	861
891	942
891	955
891	980
892	42
892	112
892	244
892	271
892	342
892	575
892	654
892	710
892	779
892	781
892	813
892	877
892	880
892	922
892	966
892	991
893	296
893	458
893	494
893	522
893	523
893	542
893	605
893	635
893	702
893	784
893	833
893	849
893	863
893	887
893	888
893	985
894	102
894	144
894	229
894	394
894	455
894	461
894	477
894	496
894	727
894	777
894	825
894	843
894	844
894	928
894	963
894	978
894	985
895	19
895	97
895	220
895	255
895	291
895	352
895	372
895	601
895	648
895	666
895	693
895	779
895	842
895	929
895	932
895	974
895	986
896	191
896	264
896	395
896	426
896	451
896	473
896	546
896	593
896	602
896	620
896	755
896	756
896	834
896	873
896	880
896	975
896	991
897	292
897	305
897	318
897	343
897	425
897	457
897	496
897	619
897	690
897	722
897	835
897	871
897	899
897	902
897	910
897	936
897	998
898	56
898	161
898	211
898	261
898	413
898	429
898	457
898	481
898	677
898	755
898	766
898	778
898	782
898	834
898	867
898	936
898	975
899	30
899	43
899	72
899	260
899	294
899	375
899	441
899	549
899	625
899	655
899	742
899	847
899	885
899	897
899	927
899	933
899	986
900	37
900	152
900	274
900	350
900	435
900	518
900	576
900	602
900	625
900	695
900	816
900	901
900	919
900	922
900	961
900	983
900	989
901	14
901	74
901	126
901	273
901	431
901	498
901	595
901	651
901	773
901	856
901	875
901	900
901	904
901	949
901	959
901	977
901	982
902	137
902	263
902	296
902	303
902	382
902	665
902	686
902	718
902	748
902	800
902	804
902	897
902	912
902	915
902	958
902	976
902	977
903	7
903	54
903	77
903	96
903	204
903	260
903	268
903	529
903	537
903	623
903	676
903	681
903	811
903	839
903	861
903	867
903	974
904	37
904	53
904	265
904	396
904	427
904	442
904	452
904	501
904	551
904	756
904	765
904	805
904	889
904	901
904	916
904	918
904	962
905	17
905	35
905	50
905	289
905	315
905	333
905	384
905	679
905	764
905	765
905	848
905	855
905	906
905	964
905	974
905	984
905	990
906	106
906	265
906	326
906	426
906	548
906	578
906	597
906	600
906	613
906	765
906	780
906	905
906	948
906	960
906	975
906	992
906	996
907	190
907	405
907	444
907	467
907	578
907	615
907	793
907	811
907	842
907	882
907	923
907	928
907	931
907	934
907	976
907	978
907	999
908	18
908	130
908	226
908	270
908	386
908	444
908	609
908	713
908	754
908	761
908	795
908	837
908	855
908	857
908	872
908	926
908	950
909	126
909	397
909	460
909	469
909	547
909	637
909	657
909	685
909	696
909	710
909	736
909	788
909	869
909	873
909	885
909	956
909	970
910	106
910	377
910	429
910	493
910	554
910	628
910	677
910	689
910	704
910	769
910	787
910	883
910	897
910	923
910	933
910	971
910	1000
911	48
911	50
911	174
911	233
911	353
911	392
911	441
911	570
911	582
911	599
911	630
911	664
911	695
911	817
911	935
911	955
911	975
911	983
912	27
912	185
912	288
912	359
912	382
912	434
912	635
912	720
912	740
912	798
912	814
912	852
912	875
912	902
912	914
912	931
912	951
912	999
913	185
913	202
913	207
913	258
913	262
913	288
913	339
913	488
913	533
913	619
913	620
913	622
913	729
913	817
913	845
913	926
913	939
913	972
914	151
914	308
914	383
914	460
914	550
914	612
914	665
914	694
914	737
914	887
914	912
914	921
914	928
914	929
914	978
914	984
914	989
914	992
915	4
915	87
915	163
915	299
915	366
915	367
915	426
915	515
915	535
915	585
915	590
915	669
915	701
915	727
915	732
915	777
915	902
915	917
916	6
916	96
916	190
916	295
916	324
916	528
916	612
916	662
916	731
916	801
916	830
916	878
916	904
916	917
916	931
916	977
916	988
916	989
917	201
917	343
917	498
917	590
917	634
917	660
917	663
917	673
917	692
917	735
917	739
917	766
917	814
917	915
917	916
917	931
917	972
917	998
918	92
918	98
918	126
918	265
918	362
918	500
918	571
918	614
918	677
918	696
918	754
918	761
918	818
918	841
918	884
918	904
918	926
918	989
919	187
919	292
919	314
919	364
919	503
919	602
919	661
919	692
919	698
919	769
919	804
919	805
919	810
919	849
919	900
919	929
919	938
919	991
920	25
920	33
920	481
920	542
920	564
920	601
920	628
920	699
920	713
920	734
920	769
920	771
920	788
920	799
920	936
920	991
920	997
920	998
921	13
921	42
921	90
921	283
921	284
921	314
921	336
921	363
921	431
921	572
921	671
921	689
921	858
921	864
921	914
921	932
921	964
921	980
922	180
922	242
922	375
922	448
922	577
922	578
922	651
922	691
922	711
922	784
922	815
922	820
922	892
922	900
922	935
922	964
922	989
922	999
923	5
923	86
923	380
923	385
923	458
923	533
923	613
923	656
923	663
923	764
923	838
923	843
923	853
923	866
923	907
923	910
923	927
923	981
924	90
924	137
924	219
924	429
924	436
924	471
924	539
924	568
924	577
924	637
924	653
924	656
924	741
924	815
924	820
924	951
924	957
924	958
925	186
925	330
925	368
925	407
925	475
925	490
925	609
925	702
925	848
925	857
925	874
925	937
925	945
925	949
925	950
925	961
925	972
925	996
925	997
926	24
926	41
926	95
926	286
926	520
926	529
926	699
926	703
926	745
926	819
926	829
926	856
926	878
926	881
926	908
926	913
926	918
926	927
926	961
927	255
927	508
927	551
927	596
927	666
927	689
927	767
927	804
927	815
927	829
927	857
927	889
927	899
927	923
927	926
927	942
927	962
927	964
927	984
928	29
928	153
928	173
928	388
928	397
928	568
928	575
928	698
928	722
928	733
928	774
928	854
928	894
928	907
928	914
928	930
928	944
928	978
928	998
929	76
929	127
929	157
929	259
929	411
929	510
929	563
929	587
929	757
929	776
929	797
929	820
929	857
929	873
929	895
929	914
929	919
929	936
929	940
930	68
930	89
930	100
930	261
930	283
930	410
930	474
930	626
930	687
930	748
930	838
930	877
930	886
930	928
930	931
930	939
930	943
930	958
930	982
931	84
931	303
931	368
931	449
931	473
931	580
931	736
931	752
931	818
931	868
931	874
931	907
931	912
931	916
931	917
931	930
931	934
931	939
931	943
932	28
932	34
932	154
932	179
932	283
932	390
932	405
932	611
932	627
932	672
932	692
932	780
932	812
932	824
932	825
932	873
932	895
932	921
932	957
933	9
933	52
933	62
933	320
933	405
933	414
933	427
933	515
933	615
933	651
933	667
933	669
933	858
933	869
933	899
933	910
933	934
933	950
933	969
934	121
934	127
934	182
934	225
934	230
934	467
934	508
934	595
934	699
934	781
934	822
934	870
934	872
934	907
934	931
934	933
934	937
934	962
934	993
935	124
935	140
935	145
935	180
935	246
935	414
935	519
935	526
935	605
935	733
935	793
935	794
935	837
935	842
935	848
935	911
935	922
935	964
935	979
936	66
936	89
936	120
936	159
936	258
936	350
936	659
936	668
936	683
936	714
936	820
936	860
936	871
936	886
936	897
936	898
936	920
936	929
936	965
937	33
937	130
937	198
937	245
937	345
937	423
937	460
937	478
937	562
937	604
937	739
937	746
937	829
937	925
937	934
937	939
937	941
937	944
937	953
938	122
938	237
938	352
938	354
938	392
938	636
938	684
938	706
938	729
938	773
938	798
938	829
938	919
938	942
938	956
938	959
938	975
938	989
938	997
939	104
939	161
939	163
939	281
939	414
939	468
939	491
939	660
939	669
939	685
939	694
939	736
939	786
939	859
939	913
939	930
939	931
939	937
939	993
940	127
940	364
940	617
940	656
940	661
940	675
940	780
940	808
940	814
940	833
940	847
940	880
940	888
940	929
940	941
940	949
940	966
940	973
940	994
941	139
941	206
941	213
941	234
941	393
941	545
941	565
941	683
941	716
941	757
941	805
941	812
941	835
941	838
941	937
941	940
941	967
941	969
941	976
942	172
942	224
942	226
942	294
942	304
942	358
942	606
942	611
942	671
942	751
942	775
942	777
942	815
942	846
942	891
942	927
942	938
942	962
942	993
943	130
943	199
943	207
943	215
943	233
943	257
943	274
943	367
943	492
943	511
943	540
943	565
943	628
943	708
943	797
943	798
943	800
943	930
943	931
943	982
944	138
944	154
944	209
944	276
944	290
944	305
944	310
944	321
944	366
944	491
944	560
944	596
944	646
944	734
944	843
944	928
944	937
944	952
944	966
944	983
945	8
945	59
945	454
945	483
945	542
945	596
945	605
945	729
945	755
945	762
945	763
945	805
945	821
945	853
945	890
945	925
945	957
945	970
945	987
945	993
946	115
946	116
946	323
946	338
946	369
946	384
946	415
946	433
946	472
946	489
946	532
946	600
946	650
946	684
946	770
946	865
946	877
946	952
946	962
946	980
947	31
947	55
947	97
947	99
947	112
947	178
947	323
947	462
947	499
947	524
947	526
947	572
947	619
947	657
947	684
947	744
947	750
947	825
947	856
947	983
948	194
948	195
948	250
948	308
948	360
948	391
948	405
948	486
948	516
948	527
948	606
948	611
948	634
948	759
948	830
948	879
948	906
948	949
948	992
948	999
949	24
949	127
949	150
949	204
949	217
949	478
949	544
949	603
949	641
949	681
949	809
949	833
949	837
949	872
949	901
949	925
949	940
949	948
949	958
949	967
950	10
950	53
950	163
950	354
950	391
950	416
950	431
950	448
950	469
950	654
950	732
950	801
950	822
950	854
950	870
950	874
950	908
950	925
950	933
950	977
951	1
951	28
951	81
951	83
951	147
951	365
951	388
951	412
951	602
951	636
951	726
951	743
951	751
951	764
951	768
951	778
951	797
951	887
951	912
951	924
952	81
952	128
952	129
952	241
952	477
952	564
952	601
952	686
952	689
952	750
952	768
952	806
952	831
952	834
952	861
952	944
952	946
952	953
952	963
952	989
953	10
953	62
953	123
953	138
953	248
953	258
953	278
953	417
953	553
953	561
953	697
953	782
953	838
953	843
953	854
953	877
953	937
953	952
953	995
953	996
954	53
954	137
954	166
954	211
954	370
954	380
954	399
954	401
954	402
954	430
954	437
954	457
954	463
954	730
954	780
954	783
954	811
954	859
954	961
954	965
954	998
955	268
955	337
955	350
955	378
955	451
955	512
955	529
955	552
955	584
955	597
955	730
955	742
955	758
955	799
955	822
955	888
955	891
955	911
955	956
955	961
955	975
956	3
956	182
956	356
956	460
956	486
956	488
956	532
956	535
956	562
956	603
956	606
956	616
956	719
956	790
956	828
956	884
956	909
956	938
956	955
956	962
956	970
957	47
957	196
957	217
957	277
957	278
957	304
957	376
957	390
957	408
957	416
957	448
957	471
957	613
957	623
957	635
957	783
957	801
957	924
957	932
957	945
957	962
958	42
958	67
958	94
958	137
958	161
958	227
958	271
958	358
958	465
958	520
958	563
958	881
958	902
958	924
958	930
958	949
958	962
958	975
958	978
958	987
958	993
959	109
959	201
959	207
959	272
959	305
959	360
959	372
959	404
959	433
959	500
959	598
959	762
959	781
959	819
959	826
959	835
959	858
959	860
959	901
959	938
959	983
960	48
960	199
960	200
960	233
960	243
960	255
960	260
960	315
960	359
960	507
960	533
960	538
960	675
960	700
960	705
960	709
960	819
960	835
960	854
960	906
960	1000
961	3
961	11
961	145
961	206
961	331
961	392
961	402
961	414
961	504
961	573
961	592
961	736
961	751
961	900
961	925
961	926
961	954
961	955
961	979
961	989
961	1000
962	62
962	81
962	134
962	206
962	242
962	288
962	402
962	585
962	641
962	841
962	872
962	878
962	904
962	927
962	934
962	942
962	946
962	956
962	957
962	958
962	992
963	16
963	101
963	115
963	119
963	215
963	328
963	353
963	377
963	431
963	465
963	570
963	572
963	607
963	625
963	639
963	781
963	885
963	894
963	952
963	970
963	972
964	16
964	49
964	141
964	340
964	355
964	365
964	530
964	574
964	654
964	710
964	715
964	728
964	885
964	886
964	905
964	921
964	922
964	927
964	935
964	980
964	981
965	40
965	272
965	373
965	388
965	426
965	559
965	585
965	588
965	647
965	668
965	680
965	694
965	707
965	720
965	731
965	734
965	800
965	851
965	865
965	936
965	954
966	45
966	96
966	157
966	189
966	215
966	402
966	411
966	474
966	579
966	581
966	651
966	688
966	761
966	785
966	837
966	856
966	877
966	883
966	892
966	940
966	944
967	1
967	112
967	275
967	381
967	397
967	420
967	501
967	545
967	561
967	572
967	586
967	641
967	642
967	660
967	667
967	772
967	776
967	887
967	941
967	949
967	984
968	29
968	72
968	149
968	173
968	294
968	361
968	370
968	421
968	517
968	519
968	633
968	636
968	640
968	644
968	646
968	655
968	687
968	692
968	746
968	971
968	984
968	987
969	19
969	166
969	212
969	320
969	467
969	482
969	513
969	531
969	604
969	670
969	735
969	770
969	774
969	794
969	815
969	842
969	866
969	871
969	933
969	941
969	976
969	977
970	35
970	118
970	120
970	142
970	172
970	192
970	333
970	439
970	529
970	564
970	671
970	694
970	714
970	721
970	775
970	811
970	821
970	909
970	945
970	956
970	963
970	979
971	1
971	36
971	52
971	68
971	111
971	277
971	408
971	494
971	518
971	549
971	610
971	659
971	683
971	717
971	735
971	868
971	870
971	878
971	910
971	968
971	983
971	994
972	186
972	190
972	249
972	262
972	321
972	322
972	407
972	418
972	428
972	490
972	526
972	535
972	646
972	671
972	677
972	817
972	822
972	828
972	913
972	917
972	925
972	963
973	14
973	48
973	175
973	209
973	211
973	309
973	329
973	381
973	388
973	502
973	504
973	565
973	586
973	647
973	730
973	754
973	772
973	845
973	857
973	866
973	940
973	982
974	20
974	44
974	154
974	285
974	321
974	361
974	461
974	489
974	560
974	597
974	611
974	615
974	668
974	701
974	703
974	768
974	806
974	855
974	895
974	903
974	905
974	990
975	33
975	118
975	291
975	350
975	473
975	531
975	543
975	623
975	670
975	741
975	845
975	879
975	883
975	896
975	898
975	906
975	911
975	938
975	955
975	958
975	988
975	991
976	119
976	141
976	172
976	187
976	219
976	239
976	335
976	447
976	608
976	689
976	722
976	764
976	775
976	795
976	836
976	846
976	868
976	902
976	907
976	941
976	969
976	980
977	2
977	48
977	105
977	196
977	213
977	350
977	361
977	383
977	453
977	459
977	618
977	701
977	708
977	793
977	823
977	858
977	880
977	901
977	902
977	916
977	950
977	969
977	999
978	210
978	315
978	373
978	448
978	525
978	559
978	607
978	697
978	716
978	723
978	746
978	841
978	876
978	879
978	881
978	894
978	907
978	914
978	928
978	958
978	981
978	987
978	990
979	195
979	223
979	361
979	391
979	471
979	513
979	578
979	614
979	633
979	683
979	684
979	694
979	715
979	747
979	772
979	784
979	812
979	853
979	868
979	935
979	961
979	970
979	989
980	9
980	42
980	74
980	301
980	360
980	396
980	430
980	527
980	577
980	596
980	600
980	665
980	802
980	835
980	840
980	851
980	891
980	921
980	946
980	964
980	976
980	993
980	994
981	64
981	202
981	232
981	330
981	395
981	438
981	510
981	574
981	639
981	643
981	644
981	645
981	646
981	709
981	766
981	767
981	804
981	864
981	923
981	964
981	978
981	985
981	991
982	18
982	108
982	167
982	182
982	235
982	261
982	266
982	347
982	430
982	460
982	475
982	558
982	574
982	694
982	708
982	749
982	801
982	876
982	901
982	930
982	943
982	973
982	983
983	138
983	156
983	265
983	407
983	493
983	599
983	628
983	640
983	652
983	706
983	747
983	754
983	818
983	876
983	900
983	911
983	944
983	947
983	959
983	971
983	982
983	999
983	1000
984	121
984	251
984	257
984	314
984	329
984	346
984	362
984	367
984	377
984	559
984	571
984	624
984	649
984	735
984	767
984	773
984	848
984	905
984	914
984	927
984	967
984	968
984	1000
985	35
985	124
985	151
985	288
985	442
985	448
985	487
985	493
985	526
985	551
985	567
985	578
985	617
985	715
985	717
985	719
985	736
985	860
985	893
985	894
985	981
985	991
985	992
985	995
986	17
986	39
986	79
986	88
986	113
986	196
986	300
986	302
986	331
986	400
986	409
986	461
986	514
986	561
986	565
986	636
986	650
986	697
986	709
986	833
986	841
986	880
986	895
986	899
987	25
987	92
987	94
987	133
987	224
987	225
987	228
987	337
987	355
987	424
987	477
987	576
987	603
987	715
987	719
987	723
987	765
987	766
987	852
987	874
987	945
987	958
987	968
987	978
988	2
988	59
988	151
988	208
988	261
988	307
988	334
988	444
988	455
988	479
988	499
988	616
988	618
988	643
988	775
988	785
988	804
988	810
988	817
988	821
988	855
988	916
988	975
988	1000
989	151
989	252
989	311
989	390
989	416
989	470
989	472
989	502
989	519
989	657
989	684
989	778
989	809
989	815
989	889
989	900
989	914
989	916
989	918
989	922
989	938
989	952
989	961
989	979
990	98
990	241
990	246
990	247
990	280
990	284
990	290
990	393
990	435
990	630
990	654
990	667
990	677
990	716
990	757
990	759
990	769
990	773
990	807
990	839
990	905
990	974
990	978
990	992
991	1
991	16
991	190
991	195
991	207
991	271
991	349
991	373
991	377
991	416
991	656
991	734
991	755
991	809
991	845
991	847
991	892
991	896
991	919
991	920
991	975
991	981
991	985
991	995
992	57
992	69
992	86
992	117
992	161
992	632
992	649
992	681
992	684
992	706
992	724
992	760
992	761
992	841
992	867
992	878
992	887
992	906
992	914
992	948
992	962
992	985
992	990
992	1000
993	4
993	61
993	167
993	216
993	327
993	345
993	394
993	415
993	541
993	622
993	643
993	717
993	731
993	755
993	766
993	788
993	819
993	823
993	934
993	939
993	942
993	945
993	958
993	980
994	8
994	83
994	110
994	155
994	201
994	210
994	296
994	363
994	364
994	410
994	598
994	627
994	642
994	655
994	707
994	724
994	728
994	759
994	817
994	819
994	831
994	843
994	940
994	971
994	980
995	49
995	150
995	154
995	184
995	185
995	331
995	385
995	386
995	393
995	473
995	514
995	536
995	608
995	622
995	672
995	674
995	713
995	746
995	749
995	754
995	851
995	870
995	953
995	985
995	991
996	7
996	85
996	170
996	203
996	266
996	294
996	312
996	341
996	349
996	355
996	378
996	451
996	632
996	643
996	713
996	740
996	758
996	799
996	803
996	817
996	833
996	834
996	906
996	925
996	953
997	2
997	54
997	83
997	168
997	213
997	263
997	316
997	328
997	471
997	480
997	499
997	542
997	572
997	633
997	640
997	752
997	790
997	801
997	852
997	861
997	870
997	874
997	920
997	925
997	938
998	4
998	26
998	32
998	130
998	155
998	236
998	256
998	276
998	364
998	376
998	421
998	438
998	446
998	463
998	481
998	527
998	571
998	669
998	776
998	890
998	897
998	917
998	920
998	928
998	954
999	80
999	153
999	239
999	371
999	374
999	401
999	458
999	492
999	495
999	517
999	618
999	631
999	648
999	649
999	767
999	812
999	841
999	872
999	878
999	907
999	912
999	922
999	948
999	977
999	983
1000	49
1000	50
1000	84
1000	95
1000	101
1000	158
1000	171
1000	279
1000	282
1000	445
1000	447
1000	503
1000	537
1000	592
1000	617
1000	645
1000	694
1000	889
1000	910
1000	960
1000	961
1000	983
1000	984
1000	988
1000	992
